# RFn     COSY Toff           G4toff              diff
1 1.111627273458506 1.111627309426216 0.000000035967710
2 1.507977978161921 1.507978162079085 0.000000183917164
3 1.903401473146834 1.903401885941886 0.000000412795052
4 2.297926711436792 2.297927425085419 0.000000713648627
5 4.136923671133876 4.136880975852743 -0.000042695281133
6 4.529986505176712 4.529692099201092 -0.000294405975620
7 4.922223255797707 4.921684704594075 -0.000538551203633
8 5.313658555723966 5.312883168900070 -0.000775386823896
9 7.138694150609287 7.136807558354120 -0.001886592255167
10 7.528823682494854 7.526487043359519 -0.002336639135335
11 7.918213501561806 7.915439829110095 -0.002773672451711
12 8.306884868785408 8.303686603880085 -0.003198264905324
13 10.119414307913280 10.114257005972123 -0.005157301941157
14 10.506914189841000 10.501150742033062 -0.005763447807938
15 10.893748779997820 10.887395968393248 -0.006352811604572
16 11.279936463578430 11.273010397212854 -0.006926066365576
17 13.081213186613841 13.071654969045245 -0.009558217568596
18 13.466345294744681 13.456058369346218 -0.010286925398463
19 13.850876580635219 13.839880335024926 -0.010996245610293
20 14.234823035644530 14.223136123387867 -0.011686912256662
21 16.025933420685931 16.011081355830957 -0.014852064854974
22 16.408924954478490 16.393248418466253 -0.015676536012236
23 16.791371833479520 16.774891946808886 -0.016479886670634
24 17.173288041524199 17.156025171791342 -0.017262869732857
25 18.955179017307120 18.934330833937171 -0.020848183369949
26 19.336228193505999 19.314481322974622 -0.021746870531377
27 19.716781905862650 19.694158547582045 -0.022623358280605
28 20.096852443133219 20.073374039913613 -0.023478403219606
29 21.870353726596690 21.842960990087377 -0.027392736509313
30 22.249634331591420 22.221286070794847 -0.028348260796573
31 22.628462795567369 22.599181780626520 -0.029281014940850
32 23.006849933315149 22.976658213704798 -0.030191719610350
33 24.772691935915368 24.738330950814881 -0.034360985100488
34 25.150357156611999 25.114997829283645 -0.035359327328354
35 25.527608497487542 25.491273844180370 -0.036334653307172
36 25.904455546899051 25.867167875683378 -0.037287671215672
37 27.663284213371789 27.621632783688625 -0.041651429683164
38 28.039469577057499 27.996788407279830 -0.042681169777669
39 28.415275022600319 28.371587107213085 -0.043687915387235
40 28.790709084463380 28.746036736111055 -0.044672348352325
41 30.543097987920060 30.493916822401168 -0.049181165518892
42 30.917923917406672 30.867690932499841 -0.050232984906831
43 31.292400190403409 31.241138149938127 -0.051262040465282
44 31.666534431199342 31.614265451520080 -0.052268979679262
45 33.412994837969848 33.356112486921198 -0.056882351048650
46 33.786568741045457 33.728620080204927 -0.057948660840530
47 34.159820049486370 34.100827489038821 -0.058992560447550
48 34.532755597849800 34.472740913061045 -0.060014684788754
49 36.273744869531733 36.209045552379344 -0.064699317152389
50 36.646162885051702 36.580388958329316 -0.065773926722386
51 37.018282587883633 36.951456005670124 -0.066826582213508
52 37.390110124359850 37.322252228261114 -0.067857896098737
53 39.126038773508718 39.053452383685404 -0.072586389823314
54 39.497387239124834 39.423723004356418 -0.073664234768415
55 39.868459248504720 39.793738587881919 -0.074720660622802
56 40.239260345757842 40.163504101204119 -0.075756244553723
57 41.970497993815947 41.889991931659026 -0.080506062156921
58 42.340854686473392 42.259271689476094 -0.081582996997298
59 42.710954654561469 42.628315548759254 -0.082639105802215
60 43.080802913194937 42.997127990372363 -0.083674922822574
61 44.807683347603103 44.719255814638991 -0.088427532964111
62 45.177118537381610 45.087618368103925 -0.089500169277684
63 45.546314865859941 45.455762257698431 -0.090552608161509
64 45.915276881800388 45.823691536476531 -0.091585345323857
65 47.638102369374579 47.541776838971153 -0.096325530403426
66 48.006679719056521 47.909288604728317 -0.097391114328204
67 48.375034421911202 48.276597278913442 -0.098437142997760
68 48.743170614169713 48.643706527897699 -0.099464086272015
69 50.462215596930733 50.358036224714354 -0.104179372216379
70 50.829992933357431 50.724757250175116 -0.105235683182315
71 51.197562377538013 51.091289297649475 -0.106273079888538
72 51.564927699606812 51.457635683750908 -0.107292015855904
73 53.280441975110953 53.168469774701393 -0.111972200409561
74 53.647471953415447 53.534454495805804 -0.113017457609644
75 54.014307497324673 53.900263060803503 -0.114044436521169
76 54.380952051093068 54.265898478572829 -0.115053572520239
77 56.093163520269819 55.973473177183827 -0.119690343085992
78 56.459494198163668 56.338771078022980 -0.120723120140688
79 56.825642744249507 56.703904491895258 -0.121738252354248
80 57.191612311864027 57.068876164105035 -0.122736147758992
81 58.900729362281737 58.773406582644874 -0.127322779636863
82 59.266404698455993 59.138062760521727 -0.128341937934266
83 59.631909173252588 59.502565091591222 -0.129344081661365
84 59.997245679588097 59.866916093141832 -0.130329586446265
85 61.703459260007868 61.568598565664772 -0.134860694343097
86 62.068519548239657 61.932654208892487 -0.135865339347170
87 62.433419320859940 62.296565732124961 -0.136853588734979
88 62.798161237061173 62.660335445764517 -0.137825791296656
89 64.501646669493610 64.359349559708136 -0.142297109785474
90 64.866128918026575 64.722842356954573 -0.143286561072003
91 65.230460166224731 65.086199951745158 -0.144260214479573
92 65.594642862993481 65.449424460142197 -0.145218402851285
93 67.295561430619216 67.145934829652859 -0.149626600966357
94 67.659499694804595 67.508899332906893 -0.150600361897702
95 68.023295726198626 67.871736827589984 -0.151558898608641
96 68.386951784060869 68.234449251593162 -0.152502532467707
97 70.085452127068891 69.928607074669472 -0.156845052399419
98 70.448877801910982 70.291075028311255 -0.157802773599727
99 70.812169336714149 70.653423511897316 -0.158745824816833
100 71.175328819321194 71.015654308014078 -0.159674511307117
101 72.871548165519457 72.707598717055021 -0.163949448464436
102 73.234490243719193 73.069599350469048 -0.164890893250146
103 73.597305664312657 73.431487455924824 -0.165818208387833
104 73.959996359869436 73.793264683529259 -0.166731676340177
105 75.654061612675221 75.483123927502660 -0.170937685172561
106 76.016546912870709 75.844684203079524 -0.171862709791185
107 76.378912484711606 76.206138355051479 -0.172774129660127
108 76.741160119827654 76.567487913968947 -0.173672205858708
109 78.433188822756023 78.255380410107847 -0.177808412648176
110 78.795242191946116 78.616525232215579 -0.178716959730536
111 79.157182259620981 78.977569854899301 -0.179612404721681
112 79.519010689229788 79.338515693255573 -0.180494995974215
113 81.209111883065518 81.024550962213880 -0.184560920851638
114 81.570756376579496 81.385303364597533 -0.185453011981963
115 81.932293538228976 81.745961059793274 -0.186332478435702
116 82.293724914664978 82.106525353406127 -0.187199561258851
117 83.981999901221428 83.790804862262377 -0.191195038959052
118 84.343256943152269 84.151186185654822 -0.192070757497447
119 84.704412206052311 84.511477897708104 -0.192934308344206
120 85.065467129956673 84.871681208589052 -0.193785921367621
121 86.752010154071144 86.554299102746839 -0.197711051324305
122 87.112899680566898 86.914329159560566 -0.198570521006332
123 87.473692600183654 87.274274333850428 -0.199418266333225
124 87.834390255460832 87.634135755499301 -0.200254499961531
125 89.519289115412391 89.315179499364120 -0.204109616048271
126 89.879829703000553 89.674876710664606 -0.204952992335947
127 90.240278507575951 90.034493434565860 -0.205785073010091
128 90.600636782376441 90.394030727220937 -0.206606055155504
129 92.283973377428950 92.073581686680058 -0.210391690748892
130 92.644182358148257 92.432963193600472 -0.211219164547785
131 93.004304060551036 92.792268309938450 -0.212035750612586
132 93.364339655948172 93.151498018011608 -0.212841637936563
133 95.046190478494935 94.829632001942301 -0.216558476552635
134 95.406084043415220 95.188713771066688 -0.217370272348532
135 95.765894541763558 95.547722974654079 -0.218171567109479
136 96.125623069571859 95.906660525037324 -0.218962544534534
137 97.806059648369555 97.583448258695412 -0.222611389674142
138 98.165652940856788 97.942245187346018 -0.223407753510770
139 98.525167109217051 98.300973122276673 -0.224193986940378
140 98.884603180209112 98.659632915558575 -0.224970264650537
141 100.563692480330104 100.335140456959479 -0.228552023370625
142 100.922999680231001 100.693666468349491 -0.229333211881510
143 101.282231450526396 101.052126821939922 -0.230104628586474
144 101.641388754138305 101.410522318990374 -0.230866435147931
145 103.319193538531195 103.084811437852181 -0.234382100679014
146 103.678227938292196 103.443079560275720 -0.235148378016476
147 104.037190374404801 103.801285145144377 -0.235905229260425
148 104.396081750879901 104.159428945527850 -0.236652805352051
149 106.072660907801804 105.832557460730314 -0.240103447071490
150 106.431434981433100 106.190579890996119 -0.240855090436980
151 106.790140346364097 106.548542710636156 -0.241597635727942
152 107.148777852167896 106.906446622890428 -0.242331229277468
153 108.824186692216600 108.578468728582877 -0.245717963633723
154 109.182712157871094 108.936256893855798 -0.246455264015296
155 109.541171974709002 109.293988197365465 -0.247183777343537
156 109.899566941938900 109.651663296018725 -0.247903645920175
157 111.573857467969503 111.322629848361132 -0.251227619608372
158 111.932145344803601 111.680194474194906 -0.251950870608695
159 112.290370452161795 112.037704818041036 -0.252665634120760
160 112.648533542591494 112.395161498321457 -0.253372044270037
161 114.321754695346200 114.065120258381071 -0.256634436965129
162 114.679815355310595 114.422471425979907 -0.257343929330688
163 115.037815957817600 114.779770733587611 -0.258045224229988
164 115.395757212137497 115.137018766381971 -0.258738445755526
165 117.067955094163494 116.806014634326971 -0.261940459836524
166 117.425798309199905 117.163161827209535 -0.262636481990370
167 117.783584023550205 117.520259439978460 -0.263324583571745
168 118.141312906297202 117.877308022638218 -0.264004883658984
169 119.812530986341301 119.545383257400090 -0.267147728941211
170 120.170165971487094 119.902335392229745 -0.267830579257350
171 120.527745868506898 120.259240094545703 -0.268505773961195
172 120.885271309120895 120.616097881146075 -0.269173427974820
173 122.555550608979800 122.283292258949686 -0.272258350030114
174 122.912986061788104 122.640057736498065 -0.272928325290039
175 123.270368704913096 122.996777807830071 -0.273590897083025
176 123.627699135307395 123.353452960063308 -0.274246175244087
177 125.297078400899295 125.019804015954051 -0.277274384945244
178 125.654322537515000 125.376390764767351 -0.277931772747650
179 126.011516018037995 125.732934019126830 -0.278581998911164
180 126.368659407025604 126.089434239903923 -0.279225167121680
181 128.037175265185908 127.754977409484894 -0.282197855701014
182 128.394235853448492 128.111392914545092 -0.282842938903400
183 128.751247822847404 128.467766728457917 -0.283481094389487
184 129.108211707729197 128.824099287549302 -0.284112420179895
185 130.775898810151091 130.488868013399809 -0.287030796751282
186 131.132783199967008 130.845119340731713 -0.287663859235295
187 131.489620899595508 131.201330680875628 -0.288290218719879
188 131.846412415179003 131.557502445557930 -0.288909969621074
189 133.513303570688691 133.221528317339420 -0.291775253349272
190 133.870018721957905 133.577622142852846 -0.292396579105059
191 134.226689010346007 133.933677594558446 -0.293011415787561
192 134.583314915639392 134.289695061197079 -0.293619854442312
193 136.249441211919191 135.953007977752634 -0.296433234166557
194 136.605993720238587 136.308950621879774 -0.297043098358813
195 136.962503098228808 136.664856420452963 -0.297646677775845
196 137.318969801024906 137.020725741987377 -0.298244059037529
197 138.984360716751212 138.683354034778290 -0.301006681972922
198 139.340756837096308 139.039151486508729 -0.301605350587579
199 139.697111471011709 139.394913539186433 -0.302197931825276
200 140.053425050553813 139.750640543197193 -0.302784507356620
201 141.718108558829613 141.412611048485786 -0.305497510343827
202 142.074354227402495 141.768268981815197 -0.306085245587298
203 142.430559970426600 142.123892886237087 -0.306667084189513
204 142.786726198332389 142.479483093946470 -0.307243104385918
205 144.450728862190402 144.140821231788891 -0.309907630401511
206 144.806829716598799 144.496345022126292 -0.310484694472507
207 145.162892128525897 144.851836084207207 -0.311056044318690
208 145.518916488121306 145.207294732411185 -0.311621755710121
209 147.182263548809402 146.868024620134378 -0.314238928675024
210 147.538224946719993 147.223419369214383 -0.314805577505609
211 147.894149312221714 147.578782626377290 -0.315366685844424
212 148.250037016427711 147.934114689976440 -0.315922326451272
213 149.912752475103900 149.594259251227697 -0.318493223876203
214 150.268579511507113 149.949529808250162 -0.319049703256951
215 150.624370857041612 150.304770047471720 -0.319600809569891
216 150.980126864937603 150.659980253384248 -0.320146611553355
217 152.642233558342213 152.319561275392090 -0.322672282950123
218 152.997931081551286 152.674712249756595 -0.323218831794691
219 153.353594191035313 153.029834021255681 -0.323760169779632
220 153.709223223211893 153.384926860834042 -0.324296362377851
221 155.370742893841395 155.043965040593406 -0.326777853247989
222 155.726315520324789 155.399000811417039 -0.327314708907750
223 156.081854949670600 155.754008439829448 -0.327846509841152
224 156.437361502476904 156.108988183003220 -0.328373319473684
225 158.098314863709788 157.767503196796355 -0.330811666913434
226 158.453766991864313 158.122427928679087 -0.331339063185226
227 158.809187082477990 158.477325529065098 -0.331861553412892
228 159.164575441253703 158.832196242275671 -0.332379198978032
229 160.824982237857910 160.490206838920955 -0.334775398936955
230 161.180318060803586 160.845024500527899 -0.335293560275687
231 161.535622952130808 161.199815993762911 -0.335806958367897
232 161.890897203506313 161.554581551926020 -0.336315651580293
233 163.550776267906713 163.212105604677646 -0.338670663229067
234 163.905999785388389 163.566819979394495 -0.339179805993894
235 164.261193426585606 163.921509102575385 -0.339684324010221
236 164.616357469929312 164.276173197330309 -0.340184272599004
237 166.275726774572490 165.933227732667120 -0.342499041905370
238 166.630841804045104 166.287842425056482 -0.342999378988623
239 166.985927964846013 166.642432739581011 -0.343495225265002
240 167.340985522923205 166.996998888711317 -0.343986634211888
241 168.999862229070999 168.653600126921702 -0.346262102149296
242 169.354872415996311 169.008118571593229 -0.346753844403082
243 169.709854696838903 169.362613472920259 -0.347241223918644
244 170.064809325749195 169.717085033057828 -0.347724292691368
