RFn     COSY Toff           G4toff              diff
1  1.111677243134439  1.111700000000000 -.2275686556072791E-004
2  1.508856155479200  1.508900000000000 -.4384452079971974E-004
3  1.906035067823961  1.906000000000000 0.3506782396111919E-004
4  2.303213980168721  2.303200000000000 0.1398016872157187E-004
5  4.159047098916233  4.159000000000000 0.4709891623311047E-004
6  4.556226011260994  4.556200000000000 0.2601126099504447E-004
7  4.953404923605755  4.953400000000000 0.4923605754756489E-005
8  5.350583835950516  5.350600000000000 -.1616404948405017E-004
9  7.206416954698026  7.206400000000001 0.1695469802489612E-004
10  7.603595867042788  7.603600000000000 -.4132957211688560E-005
11  8.000774779387550  8.000800000000000 -.2522061244975456E-004
12  8.397953691732312  8.398000000000000 -.4630826768930189E-004
13  10.25378681047982  10.25380000000000 -.1318952017591163E-004
14  10.65096572282458  10.65100000000000 -.3427717541545895E-004
15  11.04814463516935  11.04810000000000 0.4463516934815746E-004
16  11.44532354751411  11.44530000000000 0.2354751411009146E-004
17  13.30115666626162  13.30120000000000 -.4333373837671937E-004
18  13.69833557860638  13.69830000000000 0.3557860638393440E-004
19  14.09551449095115  14.09550000000000 0.1449095114586839E-004
20  14.49269340329591  14.49270000000000 -.6596704092197612E-005
21  16.34852652204342  16.34850000000000 0.2652204341823000E-004
22  16.74570543438817  16.74570000000000 0.5434388177201358E-005
23  17.14288434673293  17.14290000000000 -.1565326706678993E-004
24  17.54006325907770  17.54010000000000 -.3674092230189329E-004
25  19.39589637782520  19.39590000000000 -.3622174797390962E-005
26  19.79307529016997  19.79310000000000 -.2470983003249432E-004
27  20.19025420251472  20.19030000000000 -.4579748527944825E-004
28  20.58743311485948  20.58740000000000 0.3311485948416815E-004
29  22.44326623360699  22.44330000000000 -.3376639300708664E-004
30  22.84044514595176  22.84040000000000 0.4514595175949241E-004
31  23.23762405829652  23.23760000000000 0.2405829651550112E-004
32  23.63480297064128  23.63480000000000 0.2970641283360407E-005
33  25.49063608938879  25.49060000000000 0.3608938878786274E-004
34  25.88781500173355  25.88780000000000 0.1500173355275938E-004
35  26.28499391407831  26.28500000000000 -.6085921694194558E-005
36  26.68217282642307  26.68220000000000 -.2717357693522321E-004
37  28.53800594517057  28.53800000000000 0.5945170575204412E-005
38  28.93518485751534  28.93520000000000 -.1514248465693630E-004
39  29.33236376986010  29.33240000000000 -.3623013990092759E-004
40  29.72954268220486  29.72950000000000 0.4268220485676353E-004
41  31.58537580095237  31.58540000000000 -.2419904763152862E-004
42  31.98255471329713  31.98260000000001 -.4528670287551991E-004
43  32.37973362564190  32.37970000000000 0.3362564189402179E-004
44  32.77691253798665  32.77690000000000 0.1253798665595578E-004
45  34.63274565673418  34.63270000000000 0.4565673417527133E-004
46  35.02992456907894  35.02990000000000 0.2456907893720533E-004
47  35.42710348142371  35.42710000000000 0.3481423699139326E-005
48  35.82428239376846  35.82430000000000 -.1760623153892668E-004
49  37.68011551251599  37.68010000000000 0.1551251598038887E-004
50  38.07729442486075  38.07730000000000 -.5575139251751840E-005
51  38.47447333720552  38.47450000000000 -.2666279448389255E-004
52  38.87165224955027  38.87170000000000 -.4775044972195855E-004
53  40.72748536829779  40.72750000000000 -.1463170220264301E-004
54  41.12466428064256  41.12470000000000 -.3571935744070901E-004
55  41.52184319298733  41.52180000000000 0.4319298732290740E-004
56  41.91902210533208  41.91900000000000 0.2210533208484140E-004
57  43.77485522407959  43.77490000000000 -.4477592040937604E-004
58  44.17203413642435  44.17200000000000 0.3413642435424037E-004
59  44.56921304876912  44.56920000000000 0.1304876911617436E-004
60  44.96639196111388  44.96640000000000 -.8038886121891638E-005
61  46.82222507986140  46.82220000000000 0.2507986139742391E-004
62  47.21940399220616  47.21940000000000 0.3992206165283199E-005
63  47.61658290455093  47.61660000000000 -.1709544906685752E-004
64  48.01376181689569  48.01380000000000 -.3818310431084881E-004
65  49.86959493564321  49.86960000000000 -.5064356785607968E-005
66  50.26677384798797  50.26680000000000 -.2615201202959926E-004
67  50.66395276033274  50.66400000000000 -.4723966726173997E-004
68  51.06113167267750  51.06110000000000 0.3167267749595115E-004
69  52.91696479142502  52.91700000000000 -.3520857498049042E-004
70  53.31414370376978  53.31410000000000 0.4370376977720069E-004
71  53.71132261611456  53.71129999999999 0.2261611455691056E-004
72  54.10850152845931  54.10850000000000 0.1528459318844556E-005
73  55.96433464720683  55.96430000000000 0.3464720682630953E-004
74  56.36151355955158  56.36150000000000 0.1355955157639295E-004
75  56.75869247189636  56.75870000000000 -.7528103637971899E-005
76  57.15587138424112  57.15590000000000 -.2861575887603790E-004
77  59.01170450298865  59.01170000000000 0.4502988655128226E-005
78  59.40888341533341  59.40890000000001 -.1658466659478835E-004
79  59.80606232767818  59.80610000000001 -.3767232182100378E-004
80  60.20324124002295  60.20320000000000 0.4124002294853792E-004
81  62.05907435877047  62.05910000000000 -.2564122952790366E-004
82  62.45625327111524  62.45630000000000 -.4672888475411908E-004
83  62.85343218346001  62.85340000000000 0.3218346000357204E-004
84  63.25061109580476  63.25060000000000 0.1109580476550604E-004
85  65.10644421455225  65.10639999999999 0.4421455226112043E-004
86  65.50362312689704  65.50360000000001 0.2312689703490501E-004
87  65.90080203924181  65.90080000000000 0.2039241796839006E-005
88  66.29798095158657  66.29800000000000 -.1904841344122700E-004
89  68.15381407033405  68.15380000000000 0.1407033404253682E-004
90  68.55099298267882  68.55100000000000 -.7017321183678603E-005
91  68.94817189502358  68.94820000000000 -.2810497642174461E-004
92  69.34535080736833  69.34540000000000 -.4919263165981061E-004
93  71.20118392611583  71.20120000000000 -.1607388417604679E-004
94  71.59836283846062  71.59840000000000 -.3716153937856106E-004
95  71.99554175080537  71.99550000000001 0.4175080536727948E-004
96  72.39272066315013  72.39270000000000 0.2066315012921348E-004
97  74.24855378189763  74.24860000000000 -.4621810237092925E-004
98  74.64573269424241  74.64570000000001 0.3269424241046303E-004
99  75.04291160658717  75.04290000000000 0.1160658717239703E-004
100  75.44009051893194  75.44010000000000 -.9481068065668978E-005
101  77.29592363767942  77.29590000000000 0.2363767941809484E-004
102  77.69310255002421  77.69310000000000 0.2550024203729992E-005
103  78.09028146236896  78.09030000000000 -.1853763103433601E-004
104  78.48746037471373  78.48750000000000 -.3962528627240201E-004
105  80.34329349346122  80.34330000000000 -.6506538776787616E-005
106  80.74047240580600  80.74050000000000 -.2759419399115246E-004
107  81.13765131815077  81.13770000000000 -.4868184922921847E-004
108  81.53483023049553  81.53480000000000 0.3023049552847265E-004
109  83.39066334924301  83.39070000000000 -.3665075698352065E-004
110  83.78784226158778  83.78780000000000 0.4226158777417047E-004
111  84.18502117393254  84.18500000000000 0.2117393253610447E-004
112  84.58220008627730  84.58220000000000 0.8627729803846344E-007
113  86.43803320502479  86.43800000000000 0.3320502479365286E-004
114  86.83521211736958  86.83520000000000 0.1211736957928801E-004
115  87.23239102971434  87.23240000000000 -.8970285658777991E-005
116  87.62956994205909  87.62960000000000 -.3005794089684400E-004
117  89.48540306080659  89.48540000000000 0.3060806586919825E-005
118  89.88258197315137  89.88260000000000 -.1802684862744502E-004
119  90.27976088549613  90.27979999999999 -.3911450385366045E-004
120  90.67693979784090  90.67690000000000 0.3979784089218009E-004
121  92.53277291658837  92.53279999999999 -.2708341161981321E-004
122  92.92995182893314  92.93000000000001 -.4817106685787921E-004
123  93.32713074127791  93.32710000000000 0.3074127791166248E-004
124  93.72430965362267  93.72430000000000 0.9653622673596482E-005
125  95.58014277237017  95.58010000000000 0.4277237015736030E-004
126  95.97732168471495  95.97730000000000 0.2168471494299545E-004
127  96.37450059705971  96.37450000000000 0.5970597049294500E-006
128  96.77167950940446  96.77170000000000 -.2049059553313655E-004
129  98.62751262815196  98.62750000000000 0.1262815196247784E-004
130  99.02469154049675  99.02470000000000 -.8459503251887005E-005
131  99.42187045284150  99.42189999999999 -.2954715848995301E-004
132  99.81904936518626  99.81900000000000 0.4936518626773811E-004
133  101.6748824839338  101.6749000000000 -.1751606623240461E-004
134  102.0720613962785  102.0721000000000 -.3860372147047062E-004
135  102.4692403086233  102.4692000000000 0.4030862329907108E-004
136  102.8664192209681  102.8664000000000 0.1922096806100508E-004
137  104.7222523397156  104.7223000000000 -.4766028445098822E-004
138  105.1194312520603  105.1194000000000 0.3125206034225463E-004
139  105.5166101644051  105.5166000000000 0.1016440510418862E-004
140  105.9137890767499  105.9138000000000 -.1092325013387738E-004
141  107.7696221954973  107.7696000000000 0.2219549734988644E-004
142  108.1668011078421  108.1668000000000 0.1107842111820437E-005
143  108.5639800201869  108.5640000000000 -.1997981312624557E-004
144  108.9611589325316  108.9612000000000 -.4106746838801272E-004
145  110.8169920512791  110.8170000000000 -.7948720880547749E-005
146  111.2141709636239  111.2142000000000 -.2903637611861375E-004
147  111.6113498759686  111.6113000000000 0.4987596865092795E-004
148  112.0085287883134  112.0085000000000 0.2878831341286194E-004
149  113.8643619070609  113.8644000000000 -.3809293911098194E-004
150  114.2615408194057  114.2615000000000 0.4081940568226091E-004
151  114.6587197317504  114.6587000000000 0.1973175044419491E-004
152  115.0558986440952  115.0559000000000 -.1355904793871093E-005
153  116.9117317628427  116.9117000000000 0.3176284266619157E-004
154  117.3089106751874  117.3089000000000 0.1067518742812557E-004
155  117.7060895875322  117.7061000000000 -.1041246780994043E-004
156  118.1032684998770  118.1033000000000 -.3150012304800644E-004
157  119.9591016186244  119.9591000000000 0.1618624435757382E-005
158  120.3562805309692  120.3563000000000 -.1946903077860747E-004
159  120.7534594433140  120.7535000000000 -.4055668601667347E-004
160  121.1506383556587  121.1506000000000 0.3835565875286823E-004
161  123.0064714744062  123.0065000000000 -.2852559377097565E-004
162  123.4036503867510  123.4037000000000 -.4961324900904165E-004
163  123.8008292990958  123.8008000000000 0.2929909578420120E-004
164  124.1980082114405  124.1980000000000 0.8211440522434040E-005
165  126.0538413301880  126.0538000000000 0.4133018805360017E-004
166  126.4510202425328  126.4510000000000 0.2024253281553417E-004
167  126.8481991548776  126.8482000000000 -.8451223751295287E-006
168  127.2453780672224  127.2454000000000 -.2193277763689669E-004
169  129.1012111859699  129.1012000000000 0.1118596989426944E-004
170  129.4983900983146  129.4984000000000 -.9901685367497715E-005
171  129.8955690106594  129.8956000000000 -.3098934055816141E-004
172  130.2927479230042  130.2927000000000 0.4792300418767914E-004
173  132.1485810417518  132.1486000000000 -.1895824824136013E-004
174  132.5457599540965  132.5458000000000 -.4004590352682844E-004
175  132.9429388664413  132.9429000000000 0.3886644126641441E-004
176  133.3401177787860  133.3401000000000 0.1777878602834841E-004
177  135.1959508975336  135.1960000000000 -.4910246642439201E-004
178  135.5931298098783  135.5931000000000 0.2980987832144853E-004
179  135.9903087222231  135.9903000000000 0.8722223107083684E-005
180  136.3874876345679  136.3875000000000 -.1236543213098232E-004
181  138.2433207533154  138.2433000000000 0.2075331542388496E-004
182  138.6404996656602  138.6405000000000 -.3343398141810381E-006
183  139.0376785780050  139.0377000000000 -.2142199500484473E-004
184  139.4348574903497  139.4349000000000 -.4250965026661189E-004
185  141.2906906090973  141.2907000000000 -.9390902711744607E-005
186  141.6878695214420  141.6879000000000 -.3047855799721292E-004
187  142.0850484337868  142.0850000000000 0.4843378681973109E-004
188  142.4822273461316  142.4822000000000 0.2734613155796393E-004
189  144.3380604648791  144.3381000000000 -.3953512087107534E-004
190  144.7352393772238  144.7352000000000 0.3937722387476521E-004
191  145.1324182895686  145.1324000000000 0.1828956866040036E-004
192  145.5295972019134  145.5296000000000 -.2798086577665640E-005
193  147.3854303206610  147.3854000000000 0.3032066095350049E-004
194  147.7826092330057  147.7826000000000 0.9233005691733331E-005
195  148.1797881453505  148.1798000000000 -.1185464952263152E-004
196  148.5769670576952  148.5770000000000 -.3294230476069752E-004
197  150.4328001764428  150.4328000000000 0.1764427941697615E-006
198  150.8299790887875  150.8300000000000 -.2091121249129855E-004
199  151.2271580011323  151.2272000000000 -.4199886770566340E-004
200  151.6243369134771  151.6243000000000 0.3691347706387830E-004
201  153.4801700322246  153.4802000000000 -.2996777534145981E-004
202  153.8773489445694  153.8773000000000 0.4894456940438073E-004
203  154.2745278569142  154.2745000000000 0.2785691423741819E-004
204  154.6717067692589  154.6717000000000 0.6769258975651037E-005
205  156.5275398880065  156.5275000000000 0.3988800648311601E-004
206  156.9247188003512  156.9247000000000 0.1880035124505001E-004
207  157.3218977126961  157.3219000000000 -.2287303945613686E-005
208  157.7190766250408  157.7191000000000 -.2337495920738084E-004
209  159.5749097437883  159.5749000000000 0.9743788323785285E-005
210  159.9720886561331  159.9721000000000 -.1134386693798187E-004
211  160.3692675684779  160.3693000000000 -.3243152215234672E-004
212  160.7664464808226  160.7664000000000 0.4648082261719498E-004
213  162.6222795995702  162.6223000000000 -.2040042983554544E-004
214  163.0194585119149  163.0195000000000 -.4148808509731260E-004
215  163.4166374242597  163.4166000000000 0.3742425969593025E-004
216  163.8138163366044  163.8138000000000 0.1633660445786425E-004
217  165.6696494553520  165.6696000000000 0.4945535198903038E-004
218  166.0668283676967  166.0668000000000 0.2836769672726322E-004
219  166.4640072800415  166.4640000000000 0.7280041512898373E-005
220  166.8611861923863  166.8612000000000 -.1380761370146647E-004
221  168.7170193111339  168.7170000000000 0.1931113385340081E-004
222  169.1141982234786  169.1142000000000 -.1776521384665196E-005
223  169.5113771358234  169.5114000000000 -.2286417657532889E-004
224  169.9085560481682  169.9086000000000 -.4395183183709604E-004
225  171.7643891669157  171.7644000000000 -.1083308430592992E-004
226  172.1615680792605  172.1616000000000 -.3192073954399592E-004
227  172.5587469916053  172.5587000000000 0.4699160527294809E-004
228  172.9559259039500  172.9559000000000 0.2590394998747977E-004
229  174.8117590226975  174.8118000000000 -.4097730248896180E-004
230  175.2089379350423  175.2089000000000 0.3793504228057990E-004
231  175.6061168473871  175.6061000000000 0.1684738708991620E-004
232  176.0032957597318  176.0033000000000 -.4240268171850953E-005
233  177.8591288784794  177.8591000000000 0.2887847935931517E-004
234  178.2563077908241  178.2563000000000 0.7790824097548018E-005
235  178.6534867031689  178.6535000000000 -.1329683111681683E-004
236  179.0506656155137  179.0507000000000 -.3438448633118168E-004
237  180.9064987342612  180.9065000000000 -.1265738776314396E-005
238  181.3036776466060  181.3037000000000 -.2235339403808155E-004
239  181.7008565589507  181.7009000000000 -.4344104925244640E-004
240  182.0980354712955  182.0980000000000 0.3547129549339414E-004
241  183.9538685900430  183.9539000000000 -.3140995695934628E-004
242  184.3510475023878  184.3510000000000 0.4750238778649427E-004
243  184.7482264147326  184.7482000000000 0.2641473257212942E-004
244  185.1454053270773  185.1454000000000 0.5327077334063416E-005
