 L    0.3793416666666660E-01
 P (  0.0000000000000000E+00,  0.0000000000000000E+00,  0.0000000000000000E+00)
 A (  0.0000000000000000E+00,  0.0000000000000000E+00,  0.0000000000000000E+00)
     I  COEFFICIENT            ORDER EXPONENTS
     1  0.9999749068652342       1   1 0  0 0  0 0  0
     2  0.7552924912913925E-01   1   0 1  0 0  0 0  0
     3  0.7845809261405450E-03   1   0 0  1 0  0 0  0
     4  0.6207277519499670E-02   1   0 0  0 1  0 0  0
     5  0.3414632620717289E-04   2   1 0  0 0  0 1  0
     6  -.5101988436601708E-01   2   0 1  0 0  0 1  0
     7  -.5324221760926407E-03   2   0 0  1 0  0 1  0
     8  -.8442962233783711E-02   2   0 0  0 1  0 1  0
     9  -.1033067810711868E-02   3   3 0  0 0  0 0  0
    10  -.1244110907427427E-02   3   2 1  0 0  0 0  0
    11  -.1413749711226333E-04   3   1 2  0 0  0 0  0
    12  0.3742603720787415E-01   3   0 3  0 0  0 0  0
    13  0.6556493346234396E-01   3   2 0  1 0  0 0  0
    14  0.2856668041683710E-02   3   1 1  1 0  0 0  0
    15  0.1222955004806134E-02   3   0 2  1 0  0 0  0
    16  -.1033067810711868E-02   3   1 0  2 0  0 0  0
    17  -.1492246669588270E-02   3   0 1  2 0  0 0  0
    18  0.6556493346234402E-01   3   0 0  3 0  0 0  0
    19  0.1253502339614699E-01   3   2 0  0 1  0 0  0
    20  -.6660001691448020E-03   3   1 1  0 1  0 0  0
    21  0.6187458281610633E-02   3   0 2  0 1  0 0  0
    22  0.2481357621608419E-03   3   1 0  1 1  0 0  0
    23  0.1141012947473543E-03   3   0 1  1 1  0 0  0
    24  0.1539169143783069E-01   3   0 0  2 1  0 0  0
    25  -.1282387918596175E-03   3   1 0  0 2  0 0  0
    26  0.3742603720787415E-01   3   0 1  0 2  0 0  0
    27  0.5569548356613327E-03   3   0 0  1 2  0 0  0
    28  0.6187458281610634E-02   3   0 0  0 3  0 0  0
    29  -.3736762320800891E-04   3   1 0  0 0  0 2  0
    30  0.3809849654345355E-01   3   0 1  0 0  0 2  0
    31  0.4000902756061833E-03   3   0 0  1 0  0 2  0
    32  0.9234274476164837E-02   3   0 0  0 1  0 2  0
    33  0.1405600911372131E-02   4   3 0  0 0  0 1  0
    34  0.2539943353189873E-02   4   2 1  0 0  0 1  0
    35  0.3878097235766015E-04   4   1 2  0 0  0 1  0
    36  -.7583876710309682E-01   4   0 3  0 0  0 1  0
    37  -.4448017944983761E-01   4   2 0  1 0  0 1  0
    38  -.3863889413510402E-02   4   1 1  1 0  0 1  0
    39  -.2485619465643785E-02   4   0 2  1 0  0 1  0
    40  0.1405600911372130E-02   4   1 0  2 0  0 1  0
    41  0.3045713654009469E-02   4   0 1  2 0  0 1  0
    42  -.4448017944983762E-01   4   0 0  3 0  0 1  0
    43  -.1698811315119033E-01   4   2 0  0 1  0 1  0
    44  0.1346785352036072E-02   4   1 1  0 1  0 1  0
    45  -.1683196099139592E-01   4   0 2  0 1  0 1  0
    46  -.5057703008195953E-03   4   1 0  1 1  0 1  0
    47  -.3100455771615366E-03   4   0 1  1 1  0 1  0
    48  -.2085200256470072E-01   4   0 0  2 1  0 1  0
    49  0.3488265495191961E-03   4   1 0  0 2  0 1  0
    50  -.7583876710309682E-01   4   0 1  0 2  0 1  0
    51  -.1138834113607714E-02   4   0 0  1 2  0 1  0
    52  -.1683196099139593E-01   4   0 0  0 3  0 1  0
    53  0.3846857843911091E-04   4   1 0  0 0  0 3  0
    54  -.3064303753557212E-01   4   0 1  0 0  0 3  0
    55  -.3241369203598835E-03   4   0 0  1 0  0 3  0
    56  -.9500323272704548E-02   4   0 0  0 1  0 3  0
    57  -.1290166121674551E-01   5   5 0  0 0  0 0  0
    58  -.2411550764775056E-01   5   4 1  0 0  0 0  0
    59  0.2505690007141058E-02   5   3 2  0 0  0 0  0
    60  -.1566672665940033E-02   5   2 3  0 0  0 0  0
    61  0.3498651888114159E-05   5   1 4  0 0  0 0  0
    62  0.2781608902079661E-01   5   0 5  0 0  0 0  0
    63  0.5905974286796960       5   4 0  1 0  0 0  0
    64  0.5096477302582900E-01   5   3 1  1 0  0 0  0
    65  0.1004756966934785       5   2 2  1 0  0 0  0
    66  0.5749212574731635E-02   5   1 3  1 0  0 0  0
    67  0.1586942402715587E-02   5   0 4  1 0  0 0  0
    68  -.2580332243349116E-01   5   3 0  2 0  0 0  0
    69  -.5181343570803844E-01   5   2 1  2 0  0 0  0
    70  0.2188977665717285E-02   5   1 2  2 0  0 0  0
    71  -.2387401603376591E-02   5   0 3  2 0  0 0  0
    72   1.181194857359391       5   2 0  3 0  0 0  0
    73  0.5096477302582909E-01   5   1 1  3 0  0 0  0
    74  0.9856128349624950E-01   5   0 2  3 0  0 0  0
    75  -.1290166121674550E-01   5   1 0  4 0  0 0  0
    76  -.2769792806028784E-01   5   0 1  4 0  0 0  0
    77  0.5905974286796959       5   0 0  5 0  0 0  0
    78  0.2330279182592174       5   4 0  0 1  0 0  0
    79  -.6269708869758940E-01   5   3 1  0 1  0 0  0
    80  0.8800743129787061E-02   5   2 2  0 1  0 0  0
    81  -.1086898407820792E-02   5   1 3  0 1  0 0  0
    82  0.6166960738508259E-02   5   0 4  0 1  0 0  0
    83  0.3582420412537062E-02   5   3 0  1 1  0 0  0
    84  0.1115318255158436E-01   5   2 1  1 1  0 0  0
    85  0.1538095370304919E-02   5   1 2  1 1  0 0  0
    86  0.2397663800322255E-03   5   0 3  1 1  0 0  0
    87  0.5170206095442642       5   2 0  2 1  0 0  0
    88  -.5886826230313130E-01   5   1 1  2 1  0 0  0
    89  0.1791714430504762E-01   5   0 2  2 1  0 0  0
    90  0.3582420412537057E-02   5   1 0  3 1  0 0  0
    91  0.1051975786873686E-01   5   0 1  3 1  0 0  0
    92  0.2839926912850465       5   0 0  4 1  0 0  0
    93  -.8330780203019500E-02   5   3 0  0 2  0 0  0
    94  -.2284039098808403E-02   5   2 1  0 2  0 0  0
    95  -.2327690762560554E-03   5   1 2  0 2  0 0  0
    96  0.5563217804159321E-01   5   0 3  0 2  0 0  0
    97  0.3586419479866008E-01   5   2 0  1 2  0 0  0
    98  -.9851646263261582E-03   5   1 1  1 2  0 0  0
    99  0.2086986397610426E-02   5   0 2  1 2  0 0  0
   100  -.8014067861595732E-02   5   1 0  2 2  0 0  0
   101  -.1670035170508251E-02   5   0 1  2 2  0 0  0
   102  0.3777860799588913E-01   5   0 0  3 2  0 0  0
   103  0.1216793173031597E-01   5   2 0  0 3  0 0  0
   104  -.1086898407820791E-02   5   1 1  0 3  0 0  0
   105  0.1233392147701651E-01   5   0 2  0 3  0 0  0
   106  0.1033625045681886E-03   5   1 0  1 3  0 0  0
   107  0.2397663800322228E-03   5   0 1  1 3  0 0  0
   108  0.1454995570451876E-01   5   0 0  2 3  0 0  0
   109  -.2362677281441427E-03   5   1 0  0 4  0 0  0
   110  0.2781608902079659E-01   5   0 1  0 4  0 0  0
   111  0.5000439948948171E-03   5   0 0  1 4  0 0  0
   112  0.6166960738508264E-02   5   0 0  0 5  0 0  0
   113  -.1537955826402617E-02   5   3 0  0 0  0 2  0
   114  -.3644476153266275E-02   5   2 1  0 0  0 2  0
   115  -.6944869867706841E-04   5   1 2  0 0  0 2  0
   116  0.1078488762308487       5   0 3  0 0  0 2  0
   117  0.3341180978346048E-01   5   2 0  1 0  0 2  0
   118  0.4196526645218689E-02   5   1 1  1 0  0 2  0
   119  0.3547578231256050E-02   5   0 2  1 0  0 2  0
   120  -.1537955826402620E-02   5   1 0  2 0  0 2  0
   121  -.4368797632620830E-02   5   0 1  2 0  0 2  0
   122  0.3341180978346047E-01   5   0 0  3 0  0 2  0
   123  0.1849617950974591E-01   5   2 0  0 1  0 2  0
   124  -.1910508452780355E-02   5   1 1  0 1  0 2  0
   125  0.2985657131369715E-01   5   0 2  0 1  0 2  0
   126  0.7243214793545581E-03   5   1 0  1 1  0 2  0
   127  0.5492480919877374E-03   5   0 1  1 1  0 2  0
   128  0.2269270615496460E-01   5   0 0  2 1  0 2  0
   129  -.6186967906648052E-03   5   1 0  0 2  0 2  0
   130  0.1078488762308487       5   0 1  0 2  0 2  0
   131  0.1637069778475696E-02   5   0 0  1 2  0 2  0
   132  0.2985657131369714E-01   5   0 0  0 3  0 2  0
   133  -.3879867744061619E-04   5   1 0  0 0  0 4  0
   134  0.2593042337075782E-01   5   0 1  0 0  0 4  0
   135  0.2764042807785566E-03   5   0 0  1 0  0 4  0
   136  0.9575373321608127E-02   5   0 0  0 1  0 4  0
   --------------------------------------------------
     I  COEFFICIENT            ORDER EXPONENTS
     1  0.1027824896309739E-02   1   1 0  0 0  0 0  0
     2  0.9999749068652344       1   0 1  0 0  0 0  0
     3  0.2069056028938475E-01   1   0 0  1 0  0 0  0
     4  0.7845809261405323E-03   1   0 0  0 1  0 0  0
     5  -.6991272378583374E-03   2   1 0  0 0  0 1  0
     6  0.3414632620716770E-04   2   0 1  0 0  0 1  0
     7  0.5141724903448748E-04   2   0 0  1 0  0 1  0
     8  -.5324221760926451E-03   2   0 0  0 1  0 1  0
     9  0.1166373154933702       3   3 0  0 0  0 0  0
    10  0.8007834612483986E-02   3   2 1  0 0  0 0  0
    11  0.5275170530242293E-03   3   1 2  0 0  0 0  0
    12  -.3303556244672320E-04   3   0 3  0 0  0 0  0
    13   1.726654328094996       3   2 0  1 0  0 0  0
    14  0.1296843250889272       3   1 1  1 0  0 0  0
    15  0.3509793836306795E-02   3   0 2  1 0  0 0  0
    16  0.1166373154933702       3   1 0  2 0  0 0  0
    17  -.1167803413891395E-01   3   0 1  2 0  0 0  0
    18   1.726654328094996       3   0 0  3 0  0 0  0
    19  0.6629016702347108E-01   3   2 0  0 1  0 0  0
    20  -.1523588289763467E-01   3   1 1  0 1  0 0  0
    21  -.2410579695192126E-03   3   0 2  0 1  0 0  0
    22  0.1968586875139796E-01   3   1 0  1 1  0 0  0
    23  0.6304855752980066E-03   3   0 1  1 1  0 0  0
    24  0.1959744921123984       3   0 0  2 1  0 0  0
    25  -.1029685222737656E-03   3   1 0  0 2  0 0  0
    26  -.3303556244673572E-04   3   0 1  0 2  0 0  0
    27  -.1172608906132788E-01   3   0 0  1 2  0 0  0
    28  -.2410579695191623E-03   3   0 0  0 3  0 0  0
    29  0.5270405429362296E-03   3   1 0  0 0  0 2  0
    30  -.3736762320799558E-04   3   0 1  0 0  0 2  0
    31  -.5634731974029146E-04   3   0 0  1 0  0 2  0
    32  0.4000902756061964E-03   3   0 0  0 1  0 2  0
    33  -.7920220350361334E-01   4   3 0  0 0  0 1  0
    34  -.1084252585168970E-01   4   2 1  0 0  0 1  0
    35  -.1077275628899239E-02   4   1 2  0 0  0 1  0
    36  0.8990772812879182E-04   4   0 3  0 0  0 1  0
    37  0.7882266575776975E-02   4   2 0  1 0  0 1  0
    38  -.8601250890122136E-01   4   1 1  1 0  0 1  0
    39  -.4734649339975643E-02   4   0 2  1 0  0 1  0
    40  -.7920220350361334E-01   4   1 0  2 0  0 1  0
    41  0.1583632196531919E-01   4   0 1  2 0  0 1  0
    42  0.7882266575776987E-02   4   0 0  3 0  0 1  0
    43  -.4595913484706895E-01   4   2 0  0 1  0 1  0
    44  0.2075756892424112E-01   4   1 1  0 1  0 1  0
    45  0.4947001553694615E-03   4   0 2  0 1  0 1  0
    46  -.2667884781700888E-01   4   1 0  1 1  0 1  0
    47  -.1290188278257890E-02   4   0 1  1 1  0 1  0
    48  -.1319716437482903       4   0 0  2 1  0 1  0
    49  0.2129126493586405E-03   4   1 0  0 2  0 1  0
    50  0.8990772812881784E-04   4   0 1  0 2  0 1  0
    51  0.1602291958426547E-01   4   0 0  1 2  0 1  0
    52  0.4947001553694875E-03   4   0 0  0 3  0 1  0
    53  -.4285436156601377E-03   4   1 0  0 0  0 3  0
    54  0.3846857843910548E-04   4   0 1  0 0  0 3  0
    55  0.5809987531701250E-04   4   0 0  1 0  0 3  0
    56  -.3241369203598604E-03   4   0 0  0 1  0 3  0
    57   1.219692821223449       5   5 0  0 0  0 0  0
    58  0.1998156910571879       5   4 1  0 0  0 0  0
    59  0.7051995955202835E-01   5   3 2  0 0  0 0  0
    60  0.7924245520125658E-02   5   2 3  0 0  0 0  0
    61  0.3794932964677184E-03   5   1 4  0 0  0 0  0
    62  -.4160048374858180E-04   5   0 5  0 0  0 0  0
    63   15.54830165918843       5   4 0  1 0  0 0  0
    64   2.330404320492276       5   3 1  1 0  0 0  0
    65  0.1834609321567848       5   2 2  1 0  0 0  0
    66  0.7083493951908801E-01   5   1 3  1 0  0 0  0
    67  0.3636690286114694E-02   5   0 4  1 0  0 0  0
    68   2.439385642446896       5   3 0  2 0  0 0  0
    69  -.2046075418218716E-01   5   2 1  2 0  0 0  0
    70  0.3920159732723844E-01   5   1 2  2 0  0 0  0
    71  -.1235880676661097E-01   5   0 3  2 0  0 0  0
    72   31.09660331837683       5   2 0  3 0  0 0  0
    73   2.330404320492275       5   1 1  3 0  0 0  0
    74  0.5910091508307330E-01   5   0 2  3 0  0 0  0
    75   1.219692821223451       5   1 0  4 0  0 0  0
    76  -.2202764452393745       5   0 1  4 0  0 0  0
    77   15.54830165918842       5   0 0  5 0  0 0  0
    78  0.6048850045436418       5   4 0  0 1  0 0  0
    79  -.7630214049423246       5   3 1  0 1  0 0  0
    80  -.5572011474794791E-01   5   2 2  0 1  0 0  0
    81  -.1915867603122218E-01   5   1 3  0 1  0 0  0
    82  -.7174643396157149E-03   5   0 4  0 1  0 0  0
    83  0.4200921362965615       5   3 0  1 1  0 0  0
    84  0.1100399081107951E-01   5   2 1  1 1  0 0  0
    85  0.2220421214342424E-01   5   1 2  1 1  0 0  0
    86  0.1048213534249502E-02   5   0 3  1 1  0 0  0
    87   3.540174329579569       5   2 0  2 1  0 0  0
    88  -.5143013707949025       5   1 1  2 1  0 0  0
    89  0.7505263846915565E-01   5   0 2  2 1  0 0  0
    90  0.4200921362965617       5   1 0  3 1  0 0  0
    91  -.5163273363849989E-01   5   0 1  3 1  0 0  0
    92   2.935289325035920       5   0 0  4 1  0 0  0
    93  0.9083433096573867E-01   5   3 0  0 2  0 0  0
    94  0.6003085663437908E-02   5   2 1  0 2  0 0  0
    95  -.2892269413155961E-03   5   1 2  0 2  0 0  0
    96  -.8320096749722802E-04   5   0 3  0 2  0 0  0
    97  -.7039204898592528       5   2 0  1 2  0 0  0
    98  -.4904068787694337E-01   5   1 1  1 2  0 0  0
    99  -.1188529545899175E-01   5   0 2  1 2  0 0  0
   100  0.1221526931905279       5   1 0  2 2  0 0  0
   101  -.1043764690992334E-01   5   0 1  2 2  0 0  0
   102  -.5795604727855408       5   0 0  3 2  0 0  0
   103  0.4217698950067635E-02   5   2 0  0 3  0 0  0
   104  -.1915867603122222E-01   5   1 1  0 3  0 0  0
   105  -.1434928679231439E-02   5   0 2  0 3  0 0  0
   106  0.1836189243004888E-01   5   1 0  1 3  0 0  0
   107  0.1048213534249498E-02   5   0 1  1 3  0 0  0
   108  0.1511482477114002E-01   5   0 0  2 3  0 0  0
   109  -.6687202377826580E-03   5   1 0  0 4  0 0  0
   110  -.4160048374862724E-04   5   0 1  0 4  0 0  0
   111  -.1552198574510715E-01   5   0 0  1 4  0 0  0
   112  -.7174643396156977E-03   5   0 0  0 5  0 0  0
   113  0.5956933928597489E-01   5   3 0  0 0  0 2  0
   114  0.1179132747577863E-01   5   2 1  0 0  0 2  0
   115  0.1546273197304695E-02   5   1 2  0 0  0 2  0
   116  -.1595602550388082E-03   5   0 3  0 0  0 2  0
   117  -.8632135108358913E-02   5   2 0  1 0  0 2  0
   118  0.6259951863972288E-01   5   1 1  1 0  0 2  0
   119  0.5124762693810079E-02   5   0 2  1 0  0 2  0
   120  0.5956933928597491E-01   5   1 0  2 0  0 2  0
   121  -.1725547794194660E-01   5   0 1  2 0  0 2  0
   122  -.8632135108358897E-02   5   0 0  3 0  0 2  0
   123  0.3553108282363333E-01   5   2 0  0 1  0 2  0
   124  -.2274951693855355E-01   5   1 1  0 1  0 2  0
   125  -.7141947253129280E-03   5   0 2  0 1  0 2  0
   126  0.2904680541772536E-01   5   1 0  1 1  0 2  0
   127  0.1856365156937117E-02   5   0 1  1 1  0 2  0
   128  0.9813060146335625E-01   5   0 0  2 1  0 2  0
   129  -.3100919596323983E-03   5   1 0  0 2  0 2  0
   130  -.1595602550387076E-03   5   0 1  0 2  0 2  0
   131  -.1762475424474347E-01   5   0 0  1 2  0 2  0
   132  -.7141947253128968E-03   5   0 0  0 3  0 2  0
   133  0.3668352764790802E-03   5   1 0  0 0  0 4  0
   134  -.3879867744060322E-04   5   0 1  0 0  0 4  0
   135  -.5869787911563033E-04   5   0 0  1 0  0 4  0
   136  0.2764042807785472E-03   5   0 0  0 1  0 4  0
   --------------------------------------------------
     I  COEFFICIENT            ORDER EXPONENTS
     1  -.7845809261405451E-03   1   1 0  0 0  0 0  0
     2  -.6207277519499670E-02   1   0 1  0 0  0 0  0
     3  0.9999749068652342       1   0 0  1 0  0 0  0
     4  0.7552924912913925E-01   1   0 0  0 1  0 0  0
     5  0.5324221760926406E-03   2   1 0  0 0  0 1  0
     6  0.8442962233783709E-02   2   0 1  0 0  0 1  0
     7  0.3414632620717289E-04   2   0 0  1 0  0 1  0
     8  -.5101988436601708E-01   2   0 0  0 1  0 1  0
     9  -.6556493346234400E-01   3   3 0  0 0  0 0  0
    10  -.1539169143783070E-01   3   2 1  0 0  0 0  0
    11  -.5569548356613326E-03   3   1 2  0 0  0 0  0
    12  -.6187458281610633E-02   3   0 3  0 0  0 0  0
    13  -.1033067810711868E-02   3   2 0  1 0  0 0  0
    14  0.2481357621608421E-03   3   1 1  1 0  0 0  0
    15  -.1282387918596175E-03   3   0 2  1 0  0 0  0
    16  -.6556493346234400E-01   3   1 0  2 0  0 0  0
    17  -.1253502339614699E-01   3   0 1  2 0  0 0  0
    18  -.1033067810711868E-02   3   0 0  3 0  0 0  0
    19  -.1492246669588270E-02   3   2 0  0 1  0 0  0
    20  0.1141012947473542E-03   3   1 1  0 1  0 0  0
    21  0.3742603720787415E-01   3   0 2  0 1  0 0  0
    22  -.2856668041683711E-02   3   1 0  1 1  0 0  0
    23  0.6660001691448024E-03   3   0 1  1 1  0 0  0
    24  -.1244110907427427E-02   3   0 0  2 1  0 0  0
    25  -.1222955004806134E-02   3   1 0  0 2  0 0  0
    26  -.6187458281610630E-02   3   0 1  0 2  0 0  0
    27  -.1413749711226343E-04   3   0 0  1 2  0 0  0
    28  0.3742603720787414E-01   3   0 0  0 3  0 0  0
    29  -.4000902756061832E-03   3   1 0  0 0  0 2  0
    30  -.9234274476164837E-02   3   0 1  0 0  0 2  0
    31  -.3736762320800890E-04   3   0 0  1 0  0 2  0
    32  0.3809849654345354E-01   3   0 0  0 1  0 2  0
    33  0.4448017944983763E-01   4   3 0  0 0  0 1  0
    34  0.2085200256470073E-01   4   2 1  0 0  0 1  0
    35  0.1138834113607714E-02   4   1 2  0 0  0 1  0
    36  0.1683196099139593E-01   4   0 3  0 0  0 1  0
    37  0.1405600911372128E-02   4   2 0  1 0  0 1  0
    38  -.5057703008195956E-03   4   1 1  1 0  0 1  0
    39  0.3488265495191963E-03   4   0 2  1 0  0 1  0
    40  0.4448017944983763E-01   4   1 0  2 0  0 1  0
    41  0.1698811315119033E-01   4   0 1  2 0  0 1  0
    42  0.1405600911372128E-02   4   0 0  3 0  0 1  0
    43  0.3045713654009468E-02   4   2 0  0 1  0 1  0
    44  -.3100455771615366E-03   4   1 1  0 1  0 1  0
    45  -.7583876710309685E-01   4   0 2  0 1  0 1  0
    46  0.3863889413510402E-02   4   1 0  1 1  0 1  0
    47  -.1346785352036071E-02   4   0 1  1 1  0 1  0
    48  0.2539943353189871E-02   4   0 0  2 1  0 1  0
    49  0.2485619465643786E-02   4   1 0  0 2  0 1  0
    50  0.1683196099139593E-01   4   0 1  0 2  0 1  0
    51  0.3878097235766011E-04   4   0 0  1 2  0 1  0
    52  -.7583876710309684E-01   4   0 0  0 3  0 1  0
    53  0.3241369203598834E-03   4   1 0  0 0  0 3  0
    54  0.9500323272704550E-02   4   0 1  0 0  0 3  0
    55  0.3846857843911088E-04   4   0 0  1 0  0 3  0
    56  -.3064303753557212E-01   4   0 0  0 1  0 3  0
    57  -.5905974286796956       5   5 0  0 0  0 0  0
    58  -.2839926912850465       5   4 1  0 0  0 0  0
    59  -.3777860799588909E-01   5   3 2  0 0  0 0  0
    60  -.1454995570451877E-01   5   2 3  0 0  0 0  0
    61  -.5000439948948171E-03   5   1 4  0 0  0 0  0
    62  -.6166960738508261E-02   5   0 5  0 0  0 0  0
    63  -.1290166121674548E-01   5   4 0  1 0  0 0  0
    64  0.3582420412537056E-02   5   3 1  1 0  0 0  0
    65  -.8014067861595739E-02   5   2 2  1 0  0 0  0
    66  0.1033625045681891E-03   5   1 3  1 0  0 0  0
    67  -.2362677281441427E-03   5   0 4  1 0  0 0  0
    68  -1.181194857359392       5   3 0  2 0  0 0  0
    69  -.5170206095442640       5   2 1  2 0  0 0  0
    70  -.3586419479866008E-01   5   1 2  2 0  0 0  0
    71  -.1216793173031597E-01   5   0 3  2 0  0 0  0
    72  -.2580332243349088E-01   5   2 0  3 0  0 0  0
    73  0.3582420412537082E-02   5   1 1  3 0  0 0  0
    74  -.8330780203019507E-02   5   0 2  3 0  0 0  0
    75  -.5905974286796960       5   1 0  4 0  0 0  0
    76  -.2330279182592175       5   0 1  4 0  0 0  0
    77  -.1290166121674547E-01   5   0 0  5 0  0 0  0
    78  -.2769792806028786E-01   5   4 0  0 1  0 0  0
    79  0.1051975786873686E-01   5   3 1  0 1  0 0  0
    80  -.1670035170508248E-02   5   2 2  0 1  0 0  0
    81  0.2397663800322231E-03   5   1 3  0 1  0 0  0
    82  0.2781608902079658E-01   5   0 4  0 1  0 0  0
    83  -.5096477302582893E-01   5   3 0  1 1  0 0  0
    84  0.5886826230313132E-01   5   2 1  1 1  0 0  0
    85  0.9851646263261597E-03   5   1 2  1 1  0 0  0
    86  0.1086898407820791E-02   5   0 3  1 1  0 0  0
    87  -.5181343570803836E-01   5   2 0  2 1  0 0  0
    88  0.1115318255158436E-01   5   1 1  2 1  0 0  0
    89  -.2284039098808401E-02   5   0 2  2 1  0 0  0
    90  -.5096477302582906E-01   5   1 0  3 1  0 0  0
    91  0.6269708869758943E-01   5   0 1  3 1  0 0  0
    92  -.2411550764775056E-01   5   0 0  4 1  0 0  0
    93  -.9856128349624950E-01   5   3 0  0 2  0 0  0
    94  -.1791714430504760E-01   5   2 1  0 2  0 0  0
    95  -.2086986397610426E-02   5   1 2  0 2  0 0  0
    96  -.1233392147701653E-01   5   0 3  0 2  0 0  0
    97  0.2188977665717292E-02   5   2 0  1 2  0 0  0
    98  0.1538095370304919E-02   5   1 1  1 2  0 0  0
    99  -.2327690762560551E-03   5   0 2  1 2  0 0  0
   100  -.1004756966934785       5   1 0  2 2  0 0  0
   101  -.8800743129787068E-02   5   0 1  2 2  0 0  0
   102  0.2505690007141061E-02   5   0 0  3 2  0 0  0
   103  -.2387401603376591E-02   5   2 0  0 3  0 0  0
   104  0.2397663800322253E-03   5   1 1  0 3  0 0  0
   105  0.5563217804159323E-01   5   0 2  0 3  0 0  0
   106  -.5749212574731633E-02   5   1 0  1 3  0 0  0
   107  0.1086898407820792E-02   5   0 1  1 3  0 0  0
   108  -.1566672665940038E-02   5   0 0  2 3  0 0  0
   109  -.1586942402715587E-02   5   1 0  0 4  0 0  0
   110  -.6166960738508261E-02   5   0 1  0 4  0 0  0
   111  0.3498651888114113E-05   5   0 0  1 4  0 0  0
   112  0.2781608902079660E-01   5   0 0  0 5  0 0  0
   113  -.3341180978346048E-01   5   3 0  0 0  0 2  0
   114  -.2269270615496461E-01   5   2 1  0 0  0 2  0
   115  -.1637069778475697E-02   5   1 2  0 0  0 2  0
   116  -.2985657131369716E-01   5   0 3  0 0  0 2  0
   117  -.1537955826402618E-02   5   2 0  1 0  0 2  0
   118  0.7243214793545581E-03   5   1 1  1 0  0 2  0
   119  -.6186967906648052E-03   5   0 2  1 0  0 2  0
   120  -.3341180978346048E-01   5   1 0  2 0  0 2  0
   121  -.1849617950974591E-01   5   0 1  2 0  0 2  0
   122  -.1537955826402616E-02   5   0 0  3 0  0 2  0
   123  -.4368797632620831E-02   5   2 0  0 1  0 2  0
   124  0.5492480919877376E-03   5   1 1  0 1  0 2  0
   125  0.1078488762308487       5   0 2  0 1  0 2  0
   126  -.4196526645218690E-02   5   1 0  1 1  0 2  0
   127  0.1910508452780354E-02   5   0 1  1 1  0 2  0
   128  -.3644476153266274E-02   5   0 0  2 1  0 2  0
   129  -.3547578231256049E-02   5   1 0  0 2  0 2  0
   130  -.2985657131369717E-01   5   0 1  0 2  0 2  0
   131  -.6944869867706782E-04   5   0 0  1 2  0 2  0
   132  0.1078488762308487       5   0 0  0 3  0 2  0
   133  -.2764042807785566E-03   5   1 0  0 0  0 4  0
   134  -.9575373321608131E-02   5   0 1  0 0  0 4  0
   135  -.3879867744061615E-04   5   0 0  1 0  0 4  0
   136  0.2593042337075782E-01   5   0 0  0 1  0 4  0
   --------------------------------------------------
     I  COEFFICIENT            ORDER EXPONENTS
     1  -.2069056028938475E-01   1   1 0  0 0  0 0  0
     2  -.7845809261405323E-03   1   0 1  0 0  0 0  0
     3  0.1027824896309739E-02   1   0 0  1 0  0 0  0
     4  0.9999749068652344       1   0 0  0 1  0 0  0
     5  -.5141724903448739E-04   2   1 0  0 0  0 1  0
     6  0.5324221760926420E-03   2   0 1  0 0  0 1  0
     7  -.6991272378583376E-03   2   0 0  1 0  0 1  0
     8  0.3414632620717117E-04   2   0 0  0 1  0 1  0
     9  -1.726654328094996       3   3 0  0 0  0 0  0
    10  -.1959744921123982       3   2 1  0 0  0 0  0
    11  0.1172608906132787E-01   3   1 2  0 0  0 0  0
    12  0.2410579695192034E-03   3   0 3  0 0  0 0  0
    13  0.1166373154933702       3   2 0  1 0  0 0  0
    14  0.1968586875139797E-01   3   1 1  1 0  0 0  0
    15  -.1029685222737660E-03   3   0 2  1 0  0 0  0
    16  -1.726654328094997       3   1 0  2 0  0 0  0
    17  -.6629016702347121E-01   3   0 1  2 0  0 0  0
    18  0.1166373154933702       3   0 0  3 0  0 0  0
    19  -.1167803413891396E-01   3   2 0  0 1  0 0  0
    20  0.6304855752980046E-03   3   1 1  0 1  0 0  0
    21  -.3303556244670341E-04   3   0 2  0 1  0 0  0
    22  -.1296843250889273       3   1 0  1 1  0 0  0
    23  0.1523588289763469E-01   3   0 1  1 1  0 0  0
    24  0.8007834612483982E-02   3   0 0  2 1  0 0  0
    25  -.3509793836306797E-02   3   1 0  0 2  0 0  0
    26  0.2410579695191744E-03   3   0 1  0 2  0 0  0
    27  0.5275170530242286E-03   3   0 0  1 2  0 0  0
    28  -.3303556244672878E-04   3   0 0  0 3  0 0  0
    29  0.5634731974029150E-04   3   1 0  0 0  0 2  0
    30  -.4000902756061847E-03   3   0 1  0 0  0 2  0
    31  0.5270405429362299E-03   3   0 0  1 0  0 2  0
    32  -.3736762320801293E-04   3   0 0  0 1  0 2  0
    33  -.7882266575776977E-02   4   3 0  0 0  0 1  0
    34  0.1319716437482904       4   2 1  0 0  0 1  0
    35  -.1602291958426546E-01   4   1 2  0 0  0 1  0
    36  -.4947001553694227E-03   4   0 3  0 0  0 1  0
    37  -.7920220350361336E-01   4   2 0  1 0  0 1  0
    38  -.2667884781700889E-01   4   1 1  1 0  0 1  0
    39  0.2129126493586448E-03   4   0 2  1 0  0 1  0
    40  -.7882266575776977E-02   4   1 0  2 0  0 1  0
    41  0.4595913484706893E-01   4   0 1  2 0  0 1  0
    42  -.7920220350361336E-01   4   0 0  3 0  0 1  0
    43  0.1583632196531917E-01   4   2 0  0 1  0 1  0
    44  -.1290188278257899E-02   4   1 1  0 1  0 1  0
    45  0.8990772812869955E-04   4   0 2  0 1  0 1  0
    46  0.8601250890122140E-01   4   1 0  1 1  0 1  0
    47  -.2075756892424113E-01   4   0 1  1 1  0 1  0
    48  -.1084252585168971E-01   4   0 0  2 1  0 1  0
    49  0.4734649339975644E-02   4   1 0  0 2  0 1  0
    50  -.4947001553694656E-03   4   0 1  0 2  0 1  0
    51  -.1077275628899243E-02   4   0 0  1 2  0 1  0
    52  0.8990772812878585E-04   4   0 0  0 3  0 1  0
    53  -.5809987531701246E-04   4   1 0  0 0  0 3  0
    54  0.3241369203599007E-03   4   0 1  0 0  0 3  0
    55  -.4285436156601376E-03   4   0 0  1 0  0 3  0
    56  0.3846857843910895E-04   4   0 0  0 1  0 3  0
    57  -15.54830165918841       5   5 0  0 0  0 0  0
    58  -2.935289325035917       5   4 1  0 0  0 0  0
    59  0.5795604727855411       5   3 2  0 0  0 0  0
    60  -.1511482477113993E-01   5   2 3  0 0  0 0  0
    61  0.1552198574510716E-01   5   1 4  0 0  0 0  0
    62  0.7174643396156950E-03   5   0 5  0 0  0 0  0
    63   1.219692821223451       5   4 0  1 0  0 0  0
    64  0.4200921362965618       5   3 1  1 0  0 0  0
    65  0.1221526931905279       5   2 2  1 0  0 0  0
    66  0.1836189243004890E-01   5   1 3  1 0  0 0  0
    67  -.6687202377826563E-03   5   0 4  1 0  0 0  0
    68  -31.09660331837682       5   3 0  2 0  0 0  0
    69  -3.540174329579566       5   2 1  2 0  0 0  0
    70  0.7039204898592522       5   1 2  2 0  0 0  0
    71  -.4217698950067661E-02   5   0 3  2 0  0 0  0
    72   2.439385642446902       5   2 0  3 0  0 0  0
    73  0.4200921362965621       5   1 1  3 0  0 0  0
    74  0.9083433096573855E-01   5   0 2  3 0  0 0  0
    75  -15.54830165918843       5   1 0  4 0  0 0  0
    76  -.6048850045436471       5   0 1  4 0  0 0  0
    77   1.219692821223450       5   0 0  5 0  0 0  0
    78  -.2202764452393744       5   4 0  0 1  0 0  0
    79  -.5163273363849968E-01   5   3 1  0 1  0 0  0
    80  -.1043764690992325E-01   5   2 2  0 1  0 0  0
    81  0.1048213534249494E-02   5   1 3  0 1  0 0  0
    82  -.4160048374859561E-04   5   0 4  0 1  0 0  0
    83  -2.330404320492276       5   3 0  1 1  0 0  0
    84  0.5143013707949031       5   2 1  1 1  0 0  0
    85  0.4904068787694332E-01   5   1 2  1 1  0 0  0
    86  0.1915867603122219E-01   5   0 3  1 1  0 0  0
    87  -.2046075418218556E-01   5   2 0  2 1  0 0  0
    88  0.1100399081107983E-01   5   1 1  2 1  0 0  0
    89  0.6003085663437983E-02   5   0 2  2 1  0 0  0
    90  -2.330404320492278       5   1 0  3 1  0 0  0
    91  0.7630214049423248       5   0 1  3 1  0 0  0
    92  0.1998156910571873       5   0 0  4 1  0 0  0
    93  -.5910091508307327E-01   5   3 0  0 2  0 0  0
    94  -.7505263846915561E-01   5   2 1  0 2  0 0  0
    95  0.1188529545899176E-01   5   1 2  0 2  0 0  0
    96  0.1434928679231398E-02   5   0 3  0 2  0 0  0
    97  0.3920159732723857E-01   5   2 0  1 2  0 0  0
    98  0.2220421214342426E-01   5   1 1  1 2  0 0  0
    99  -.2892269413155931E-03   5   0 2  1 2  0 0  0
   100  -.1834609321567849       5   1 0  2 2  0 0  0
   101  0.5572011474794795E-01   5   0 1  2 2  0 0  0
   102  0.7051995955202835E-01   5   0 0  3 2  0 0  0
   103  -.1235880676661098E-01   5   2 0  0 3  0 0  0
   104  0.1048213534249496E-02   5   1 1  0 3  0 0  0
   105  -.8320096749723236E-04   5   0 2  0 3  0 0  0
   106  -.7083493951908801E-01   5   1 0  1 3  0 0  0
   107  0.1915867603122220E-01   5   0 1  1 3  0 0  0
   108  0.7924245520125658E-02   5   0 0  2 3  0 0  0
   109  -.3636690286114695E-02   5   1 0  0 4  0 0  0
   110  0.7174643396157150E-03   5   0 1  0 4  0 0  0
   111  0.3794932964677195E-03   5   0 0  1 4  0 0  0
   112  -.4160048374859254E-04   5   0 0  0 5  0 0  0
   113  0.8632135108358911E-02   5   3 0  0 0  0 2  0
   114  -.9813060146335625E-01   5   2 1  0 0  0 2  0
   115  0.1762475424474348E-01   5   1 2  0 0  0 2  0
   116  0.7141947253129573E-03   5   0 3  0 0  0 2  0
   117  0.5956933928597491E-01   5   2 0  1 0  0 2  0
   118  0.2904680541772537E-01   5   1 1  1 0  0 2  0
   119  -.3100919596324044E-03   5   0 2  1 0  0 2  0
   120  0.8632135108358904E-02   5   1 0  2 0  0 2  0
   121  -.3553108282363335E-01   5   0 1  2 0  0 2  0
   122  0.5956933928597495E-01   5   0 0  3 0  0 2  0
   123  -.1725547794194666E-01   5   2 0  0 1  0 2  0
   124  0.1856365156937119E-02   5   1 1  0 1  0 2  0
   125  -.1595602550387760E-03   5   0 2  0 1  0 2  0
   126  -.6259951863972291E-01   5   1 0  1 1  0 2  0
   127  0.2274951693855354E-01   5   0 1  1 1  0 2  0
   128  0.1179132747577869E-01   5   0 0  2 1  0 2  0
   129  -.5124762693810079E-02   5   1 0  0 2  0 2  0
   130  0.7141947253128944E-03   5   0 1  0 2  0 2  0
   131  0.1546273197304703E-02   5   0 0  1 2  0 2  0
   132  -.1595602550388584E-03   5   0 0  0 3  0 2  0
   133  0.5869787911563031E-04   5   1 0  0 0  0 4  0
   134  -.2764042807785619E-03   5   0 1  0 0  0 4  0
   135  0.3668352764790801E-03   5   0 0  1 0  0 4  0
   136  -.3879867744062057E-04   5   0 0  0 1  0 4  0
   --------------------------------------------------
     I  COEFFICIENT            ORDER EXPONENTS
     1  1.0000000000000000       1   0 0  0 0  1 0  0
     2  0.7690926975354095E-02   1   0 0  0 0  0 1  0
     3  -.3293140768858305E-05   2   2 0  0 0  0 0  0
     4  -.2682522362878775E-04   2   1 1  0 0  0 0  0
     5  -.2585637120262841E-01   2   0 2  0 0  0 0  0
     6  -.5349757900136269E-03   2   0 1  1 0  0 0  0
     7  -.3293140768858305E-05   2   0 0  2 0  0 0  0
     8  0.5349757900136268E-03   2   1 0  0 1  0 0  0
     9  -.2682522362878774E-04   2   0 0  1 1  0 0  0
    10  -.2585637120262841E-01   2   0 0  0 2  0 0  0
    11  -.7863322037216909E-02   2   0 0  0 0  0 2  0
    12  0.4974112546459930E-05   3   2 0  0 0  0 1  0
    13  0.5880424465274429E-04   3   1 1  0 0  0 1  0
    14  0.3909348100484562E-01   3   0 2  0 0  0 1  0
    15  0.8075164131913114E-03   3   0 1  1 0  0 1  0
    16  0.4974112546459931E-05   3   0 0  2 0  0 1  0
    17  -.8075164131913114E-03   3   1 0  0 1  0 1  0
    18  0.5880424465274426E-04   3   0 0  1 1  0 1  0
    19  0.3909348100484562E-01   3   0 0  0 2  0 1  0
    20  0.7536117018589785E-02   3   0 0  0 0  0 3  0
    21  -.5626023969948284E-03   4   4 0  0 0  0 0  0
    22  -.3086185586504555E-02   4   3 1  0 0  0 0  0
    23  -.2031511085320334E-03   4   2 2  0 0  0 0  0
    24  -.5753829304479288E-04   4   1 3  0 0  0 0  0
    25  -.1939236368351653E-01   4   0 4  0 0  0 0  0
    26  -.4464246315531537E-01   4   2 1  1 0  0 0  0
    27  -.1934248785508492E-02   4   1 2  1 0  0 0  0
    28  -.8384335099081417E-03   4   0 3  1 0  0 0  0
    29  -.1125204793989691E-02   4   2 0  2 0  0 0  0
    30  -.3086185586504553E-02   4   1 1  2 0  0 0  0
    31  0.9687874116200581E-04   4   0 2  2 0  0 0  0
    32  -.4464246315531537E-01   4   0 1  3 0  0 0  0
    33  -.5626023969948284E-03   4   0 0  4 0  0 0  0
    34  0.4464246315531537E-01   4   3 0  0 1  0 0  0
    35  0.1934248785508518E-02   4   2 1  0 1  0 0  0
    36  0.8384335099081443E-03   4   1 2  0 1  0 0  0
    37  -.3086185586504553E-02   4   2 0  1 1  0 0  0
    38  -.6000596993882554E-03   4   1 1  1 1  0 0  0
    39  -.5753829304479984E-04   4   0 2  1 1  0 0  0
    40  0.4464246315531538E-01   4   1 0  2 1  0 0  0
    41  -.1934248785508508E-02   4   0 1  2 1  0 0  0
    42  -.3086185586504558E-02   4   0 0  3 1  0 0  0
    43  0.9687874116200659E-04   4   2 0  0 2  0 0  0
    44  -.5753829304479967E-04   4   1 1  0 2  0 0  0
    45  -.3878472736703304E-01   4   0 2  0 2  0 0  0
    46  0.1934248785508491E-02   4   1 0  1 2  0 0  0
    47  -.8384335099081441E-03   4   0 1  1 2  0 0  0
    48  -.2031511085320333E-03   4   0 0  2 2  0 0  0
    49  0.8384335099081414E-03   4   1 0  0 3  0 0  0
    50  -.5753829304479289E-04   4   0 0  1 3  0 0  0
    51  -.1939236368351652E-01   4   0 0  0 4  0 0  0
    52  -.6079281501406474E-05   4   2 0  0 0  0 2  0
    53  -.9096655913602518E-04   4   1 1  0 0  0 2  0
    54  -.4783323219380760E-01   4   0 2  0 0  0 2  0
    55  -.9861915274101741E-03   4   0 1  1 0  0 2  0
    56  -.6079281501406476E-05   4   0 0  2 0  0 2  0
    57  0.9861915274101741E-03   4   1 0  0 1  0 2  0
    58  -.9096655913602521E-04   4   0 0  1 1  0 2  0
    59  -.4783323219380760E-01   4   0 0  0 2  0 2  0
    60  -.7085135729154634E-02   4   0 0  0 0  0 4  0
    61  0.8493320304572959E-03   5   4 0  0 0  0 1  0
    62  0.6761643385319957E-02   5   3 1  0 0  0 1  0
    63  0.5826536668448970E-03   5   2 2  0 0  0 1  0
    64  0.2045152078248013E-03   5   1 3  0 0  0 1  0
    65  0.5575642400221503E-01   5   0 4  0 0  0 1  0
    66  0.6728979759332467E-01   5   2 1  1 0  0 1  0
    67  0.4204703244660380E-02   5   1 2  1 0  0 1  0
    68  0.2406926806093894E-02   5   0 3  1 0  0 1  0
    69  0.1698664060914534E-02   5   2 0  2 0  0 1  0
    70  0.6761643385319923E-02   5   1 1  2 0  0 1  0
    71  -.2773123763264853E-03   5   0 2  2 0  0 1  0
    72  0.6728979759332457E-01   5   0 1  3 0  0 1  0
    73  0.8493320304572954E-03   5   0 0  4 0  0 1  0
    74  -.6728979759332457E-01   5   3 0  0 1  0 1  0
    75  -.4204703244660374E-02   5   2 1  0 1  0 1  0
    76  -.2406926806093897E-02   5   1 2  0 1  0 1  0
    77  0.6761643385319920E-02   5   2 0  1 1  0 1  0
    78  0.1719932086342729E-02   5   1 1  1 1  0 1  0
    79  0.2045152078248048E-03   5   0 2  1 1  0 1  0
    80  -.6728979759332467E-01   5   1 0  2 1  0 1  0
    81  0.4204703244660372E-02   5   0 1  2 1  0 1  0
    82  0.6761643385319958E-02   5   0 0  3 1  0 1  0
    83  -.2773123763264852E-03   5   2 0  0 2  0 1  0
    84  0.2045152078248047E-03   5   1 1  0 2  0 1  0
    85  0.1115128480044301       5   0 2  0 2  0 1  0
    86  -.4204703244660379E-02   5   1 0  1 2  0 1  0
    87  0.2406926806093897E-02   5   0 1  1 2  0 1  0
    88  0.5826536668448973E-03   5   0 0  2 2  0 1  0
    89  -.2406926806093893E-02   5   1 0  0 3  0 1  0
    90  0.2045152078248015E-03   5   0 0  1 3  0 1  0
    91  0.5575642400221503E-01   5   0 0  0 4  0 1  0
    92  0.6953479458565474E-05   5   2 0  0 0  0 3  0
    93  0.1225611273857963E-03   5   1 1  0 0  0 3  0
    94  0.5477586264174986E-01   5   0 2  0 0  0 3  0
    95  0.1127119775333340E-02   5   0 1  1 0  0 3  0
    96  0.6953479458565470E-05   5   0 0  2 0  0 3  0
    97  -.1127119775333340E-02   5   1 0  0 1  0 3  0
    98  0.1225611273857963E-03   5   0 0  1 1  0 3  0
    99  0.5477586264174986E-01   5   0 0  0 2  0 3  0
   100  0.6639787906708185E-02   5   0 0  0 0  0 5  0
   --------------------------------------------------
     I  COEFFICIENT            ORDER EXPONENTS
     1  1.0000000000000000       1   0 0  0 0  0 1  0
     ------------------------------------------------
     ALL COMPONENTS ZERO 
     ------------------- 
     ALL COMPONENTS ZERO 
     ------------------- 
