 L    0.3793416666666660E-01
 P (  0.0000000000000000E+00,  0.0000000000000000E+00,  0.0000000000000000E+00)
 A (  0.0000000000000000E+00,  0.0000000000000000E+00,  0.0000000000000000E+00)
     I  COEFFICIENT            ORDER EXPONENTS
     1   1.000032363646630       1   1 0  0 0  0 0  0
     2  0.7558305825912577E-01   1   0 1  0 0  0 0  0
     3  -.1748409019151638E-02   1   0 0  1 0  0 0  0
     4  0.5674172730989420E-02   1   0 0  0 1  0 0  0
     5  -.4405219095746396E-04   2   1 0  0 0  0 1  0
     6  -.5112973474442640E-01   2   0 1  0 0  0 1  0
     7  0.1187289834120177E-02   2   0 0  1 0  0 1  0
     8  -.7720547531956933E-02   2   0 0  0 1  0 1  0
     9  0.5494659634532387E-03   3   3 0  0 0  0 0  0
    10  0.1647758797941152E-02   3   2 1  0 0  0 0  0
    11  -.2814648383909036E-04   3   1 2  0 0  0 0  0
    12  0.3750609898505977E-01   3   0 3  0 0  0 0  0
    13  -.9550294317592598E-01   3   2 0  1 0  0 0  0
    14  -.4457364280330859E-02   3   1 1  1 0  0 0  0
    15  -.2691681083262868E-02   3   0 2  1 0  0 0  0
    16  0.5494659634532325E-03   3   1 0  2 0  0 0  0
    17  0.2088145636278431E-02   3   0 1  2 0  0 0  0
    18  -.9550294317592596E-01   3   0 0  3 0  0 0  0
    19  -.1815678595048227E-01   3   2 0  0 1  0 0  0
    20  0.1559976777569387E-02   3   1 1  0 1  0 0  0
    21  0.5671690074695498E-02   3   0 2  0 1  0 0  0
    22  -.4403868383372792E-03   3   1 0  1 1  0 0  0
    23  -.2407907676763876E-03   3   0 1  1 1  0 0  0
    24  -.2261415023081312E-01   3   0 0  2 1  0 0  0
    25  0.2126442838372974E-03   3   1 0  0 2  0 0  0
    26  0.3750609898505978E-01   3   0 1  0 2  0 0  0
    27  -.1131704305693483E-02   3   0 0  1 2  0 0  0
    28  0.5671690074695495E-02   3   0 0  0 3  0 0  0
    29  0.4822472417952126E-04   3   1 0  0 0  0 2  0
    30  0.3825610871967700E-01   3   0 1  0 0  0 2  0
    31  -.8930196103219337E-03   3   0 0  1 0  0 2  0
    32  0.8447833694103873E-02   3   0 0  0 1  0 2  0
    33  -.7481517969124595E-03   4   3 0  0 0  0 1  0
    34  -.3364767821564559E-02   4   2 1  0 0  0 1  0
    35  0.7612346186806853E-04   4   1 2  0 0  0 1  0
    36  -.7611117944391689E-01   4   0 3  0 0  0 1  0
    37  0.6488355571179014E-01   4   2 0  1 0  0 1  0
    38  0.6032987292733953E-02   4   1 1  1 0  0 1  0
    39  0.5475504769092128E-02   4   0 2  1 0  0 1  0
    40  -.7481517969124456E-03   4   1 0  2 0  0 1  0
    41  -.4262713867744464E-02   4   0 1  2 0  0 1  0
    42  0.6488355571179014E-01   4   0 0  3 0  0 1  0
    43  0.2462816814837161E-01   4   2 0  0 1  0 1  0
    44  -.3160812879968839E-02   4   1 1  0 1  0 1  0
    45  -.1543427231698001E-01   4   0 2  0 1  0 1  0
    46  0.8979460461799151E-03   4   1 0  1 1  0 1  0
    47  0.6546400134814310E-03   4   0 1  1 1  0 1  0
    48  0.3066115544110557E-01   4   0 0  2 1  0 1  0
    49  -.5785165516133625E-03   4   1 0  0 2  0 1  0
    50  -.7611117944391688E-01   4   0 1  0 2  0 1  0
    51  0.2314691889123291E-02   4   0 0  1 2  0 1  0
    52  -.1543427231698001E-01   4   0 0  0 3  0 1  0
    53  -.4966501275805832E-04   4   1 0  0 0  0 3  0
    54  -.3084018369734552E-01   4   0 1  0 0  0 3  0
    55  0.7242545367909262E-03   4   0 0  1 0  0 3  0
    56  -.8695504488171671E-02   4   0 0  0 1  0 3  0
    57  0.9107449777505558E-03   5   5 0  0 0  0 0  0
    58  0.1722070871883904E-01   5   4 1  0 0  0 0  0
    59  -.4751338739923777E-02   5   3 2  0 0  0 0  0
    60  0.2033732224949203E-02   5   2 3  0 0  0 0  0
    61  -.9870949665765347E-04   5   1 4  0 0  0 0  0
    62  0.2791532319991591E-01   5   0 5  0 0  0 0  0
    63  -.8635599211606021       5   4 0  1 0  0 0  0
    64  -.8057142079319962E-01   5   3 1  1 0  0 0  0
    65  -.1470343861515698       5   2 2  1 0  0 0  0
    66  -.8972820957077004E-02   5   1 3  1 0  0 0  0
    67  -.3451946604802063E-02   5   0 4  1 0  0 0  0
    68  0.1821489955500489E-02   5   3 0  2 0  0 0  0
    69  0.4550332986901298E-01   5   2 1  2 0  0 0  0
    70  -.3915220520424288E-02   5   1 2  2 0  0 0  0
    71  0.3464114059072669E-02   5   0 3  2 0  0 0  0
    72  -1.727119842321204       5   2 0  3 0  0 0  0
    73  -.8057142079319958E-01   5   1 1  3 0  0 0  0
    74  -.1440687076249850       5   0 2  3 0  0 0  0
    75  0.9107449777502102E-03   5   1 0  4 0  0 0  0
    76  0.2828262115017414E-01   5   0 1  4 0  0 0  0
    77  -.8635599211606023       5   0 0  5 0  0 0  0
    78  -.1874074995305325       5   4 0  0 1  0 0  0
    79  0.9148785223578849E-01   5   3 1  0 1  0 0  0
    80  -.1311298146812423E-01   5   2 2  0 1  0 0  0
    81  0.2434510474142825E-02   5   1 3  0 1  0 0  0
    82  0.5669673294697603E-02   5   0 4  0 1  0 0  0
    83  -.1106191243133490E-01   5   3 0  1 1  0 0  0
    84  -.1377495704869337E-01   5   2 1  1 1  0 0  0
    85  -.2460525042981211E-02   5   1 2  1 1  0 0  0
    86  -.4966392724326780E-03   5   0 3  1 1  0 0  0
    87  -.4553864198542650       5   2 0  2 1  0 0  0
    88  0.8555649518261897E-01   5   1 1  2 1  0 0  0
    89  -.2683384098665609E-01   5   0 2  2 1  0 0  0
    90  -.1106191243133493E-01   5   1 0  3 1  0 0  0
    91  -.1210272060969439E-01   5   0 1  3 1  0 0  0
    92  -.2679789203237323       5   0 0  4 1  0 0  0
    93  0.8187500089270132E-02   5   3 0  0 2  0 0  0
    94  0.3063875433806979E-02   5   2 1  0 2  0 0  0
    95  0.2992202791173863E-03   5   1 2  0 2  0 0  0
    96  0.5583064639983185E-01   5   0 3  0 2  0 0  0
    97  -.5258085538919640E-01   5   2 0  1 2  0 0  0
    98  0.5232561658328346E-03   5   1 1  1 2  0 0  0
    99  -.4469382735461333E-02   5   0 2  1 2  0 0  0
   100  0.7351381869770636E-02   5   1 0  2 2  0 0  0
   101  0.2433970850214899E-02   5   0 1  2 2  0 0  0
   102  -.5554653391578124E-01   5   0 0  3 2  0 0  0
   103  -.1786102002957913E-01   5   2 0  0 3  0 0  0
   104  0.2434510474142826E-02   5   1 1  0 3  0 0  0
   105  0.1133934658939521E-01   5   0 2  0 3  0 0  0
   106  -.4002386252656801E-03   5   1 0  1 3  0 0  0
   107  -.4966392724326781E-03   5   0 1  1 3  0 0  0
   108  -.2208580242520117E-01   5   0 0  2 3  0 0  0
   109  0.3979297757750231E-03   5   1 0  0 4  0 0  0
   110  0.2791532319991594E-01   5   0 1  0 4  0 0  0
   111  -.1017436130659250E-02   5   0 0  1 4  0 0  0
   112  0.5669673294697589E-02   5   0 0  0 5  0 0  0
   113  0.8193416322081030E-03   5   3 0  0 0  0 2  0
   114  0.4829263287322468E-02   5   2 1  0 0  0 2  0
   115  -.1341192103911717E-03   5   1 2  0 0  0 2  0
   116  0.1084251161004477       5   0 3  0 0  0 2  0
   117  -.4883336577073323E-01   5   2 0  1 0  0 2  0
   118  -.6557858071076489E-02   5   1 1  1 0  0 2  0
   119  -.7822967274119763E-02   5   0 2  1 0  0 2  0
   120  0.8193416322080935E-03   5   1 0  2 0  0 2  0
   121  0.6115761034833933E-02   5   0 1  2 0  0 2  0
   122  -.4883336577073322E-01   5   0 0  3 0  0 2  0
   123  -.2684340055995671E-01   5   2 0  0 1  0 2  0
   124  0.4494512231616733E-02   5   1 1  0 1  0 2  0
   125  0.2738834324042467E-01   5   0 2  0 1  0 2  0
   126  -.1286497747511470E-02   5   1 0  1 1  0 2  0
   127  -.1160402101715726E-02   5   0 1  1 1  0 2  0
   128  -.3340125863103321E-01   5   0 0  2 1  0 2  0
   129  0.1026282891324554E-02   5   1 0  0 2  0 2  0
   130  0.1084251161004477       5   0 1  0 2  0 2  0
   131  -.3328455042503037E-02   5   0 0  1 2  0 2  0
   132  0.2738834324042464E-01   5   0 0  0 3  0 2  0
   133  0.5011211380285443E-04   5   1 0  0 0  0 4  0
   134  0.2616083198221152E-01   5   0 1  0 0  0 4  0
   135  -.6182885985615991E-03   5   0 0  1 0  0 4  0
   136  0.8768801837577542E-02   5   0 0  0 1  0 4  0
   --------------------------------------------------
     I  COEFFICIENT            ORDER EXPONENTS
     1  -.2642452842390843E-02   1   1 0  0 0  0 0  0
     2   1.000032363646630       1   0 1  0 0  0 0  0
     3  -.4606769763520351E-01   1   0 0  1 0  0 0  0
     4  -.1748409019151687E-02   1   0 0  0 1  0 0  0
     5  0.1796206091888333E-02   2   1 0  0 0  0 1  0
     6  -.4405219095746093E-04   2   0 1  0 0  0 1  0
     7  -.1483370246652596E-03   2   0 0  1 0  0 1  0
     8  0.1187289834120198E-02   2   0 0  0 1  0 1  0
     9  -.1675046412193270       3   3 0  0 0  0 0  0
    10  -.1136831176417366E-01   3   2 1  0 0  0 0  0
    11  -.1336617798528113E-02   3   1 2  0 0  0 0  0
    12  0.4264362687077288E-04   3   0 3  0 0  0 0  0
    13  -2.514257214594157       3   2 0  1 0  0 0  0
    14  -.1890505066381015       3   1 1  1 0  0 0  0
    15  -.4905288854541724E-02   3   0 2  1 0  0 0  0
    16  -.1675046412193272       3   1 0  2 0  0 0  0
    17  0.1504146719088392E-01   3   0 1  2 0  0 0  0
    18  -2.514257214594157       3   0 0  3 0  0 0  0
    19  -.9654127786103889E-01   3   2 0  0 1  0 0  0
    20  0.2208846646697079E-01   3   1 1  0 1  0 0  0
    21  0.4750727583933880E-04   3   0 2  0 1  0 0  0
    22  -.2640977895505763E-01   3   1 0  1 1  0 0  0
    23  0.3736953684960633E-03   3   0 1  1 1  0 0  0
    24  -.2855917844991404       3   0 0  2 1  0 0  0
    25  -.1710313167024178E-02   3   1 0  0 2  0 0  0
    26  0.4264362687077250E-04   3   0 1  0 2  0 0  0
    27  0.1718317761242905E-01   3   0 0  1 2  0 0  0
    28  0.4750727583931191E-04   3   0 0  0 3  0 0  0
    29  -.1352859382456354E-02   3   1 0  0 0  0 2  0
    30  0.4822472417951272E-04   3   0 1  0 0  0 2  0
    31  0.1625127287983862E-03   3   0 0  1 0  0 2  0
    32  -.8930196103219268E-03   3   0 0  0 1  0 2  0
    33  0.1138210942171292       4   3 0  0 0  0 1  0
    34  0.1540164120739994E-01   4   2 1  0 0  0 1  0
    35  0.2726476112821036E-02   4   1 2  0 0  0 1  0
    36  -.1160876072876758E-03   4   0 3  0 0  0 1  0
    37  -.1014151884189898E-01   4   2 0  1 0  0 1  0
    38  0.1257788352349430       4   1 1  1 0  0 1  0
    39  0.6540609347471638E-02   4   0 2  1 0  0 1  0
    40  0.1138210942171294       4   1 0  2 0  0 1  0
    41  -.2040181869018411E-01   4   0 1  2 0  0 1  0
    42  -.1014151884189890E-01   4   0 0  3 0  0 1  0
    43  0.6700152558848554E-01   4   2 0  0 1  0 1  0
    44  -.3025874234011441E-01   4   1 1  0 1  0 1  0
    45  -.1031307782590426E-03   4   0 2  0 1  0 1  0
    46  0.3580345989758413E-01   4   1 0  1 1  0 1  0
    47  -.7539719615016010E-03   4   0 1  1 1  0 1  0
    48  0.1927803608234286       4   0 0  2 1  0 1  0
    49  0.3480448074322630E-02   4   1 0  0 2  0 1  0
    50  -.1160876072876620E-03   4   0 1  0 2  0 1  0
    51  -.2371813299264277E-01   4   0 0  1 2  0 1  0
    52  -.1031307782590634E-03   4   0 0  0 3  0 1  0
    53  0.1098900752899870E-02   4   1 0  0 0  0 3  0
    54  -.4966501275806452E-04   4   0 1  0 0  0 3  0
    55  -.1675122976451956E-03   4   0 0  1 0  0 3  0
    56  0.7242545367909387E-03   4   0 0  0 1  0 3  0
    57  -1.122007353495108       5   5 0  0 0  0 0  0
    58  -.1124292948373409       5   4 1  0 0  0 0  0
    59  -.8409629977126469E-01   5   3 2  0 0  0 0  0
    60  -.1122896454848056E-01   5   2 3  0 0  0 0  0
    61  -.1016562181724018E-02   5   1 4  0 0  0 0  0
    62  0.5285040621541155E-04   5   0 5  0 0  0 0  0
    63  -22.74842628511890       5   4 0  1 0  0 0  0
    64  -3.426014239737478       5   3 1  1 0  0 0  0
    65  -.2608324164500261       5   2 2  1 0  0 0  0
    66  -.1028582996057842       5   1 3  1 0  0 0  0
    67  -.5074711047523163E-02   5   0 4  1 0  0 0  0
    68  -2.244014706990221       5   3 0  2 0  0 0  0
    69  0.1169968612554489       5   2 1  2 0  0 0  0
    70  -.4793483787485698E-01   5   1 2  2 0  0 0  0
    71  0.1626853692502490E-01   5   0 3  2 0  0 0  0
    72  -45.49685257023778       5   2 0  3 0  0 0  0
    73  -3.426014239737479       5   1 1  3 0  0 0  0
    74  -.8487349104391817E-01   5   0 2  3 0  0 0  0
    75  -1.122007353495111       5   1 0  4 0  0 0  0
    76  0.2294261560927902       5   0 1  4 0  0 0  0
    77  -22.74842628511890       5   0 0  5 0  0 0  0
    78  -.8879490687735536       5   4 0  0 1  0 0  0
    79  0.5012955677998352       5   3 1  0 1  0 0  0
    80  0.1212682416825466E-01   5   2 2  0 1  0 0  0
    81  0.2488732647009738E-01   5   1 3  0 1  0 0  0
    82  0.7689956324681147E-03   5   0 4  0 1  0 0  0
    83  -.3418554509301319       5   3 0  1 1  0 0  0
    84  0.8236328708330930E-01   5   2 1  1 1  0 0  0
    85  -.2351514950472199E-01   5   1 2  1 1  0 0  0
    86  0.5379344812463765E-03   5   0 3  1 1  0 0  0
    87  -5.201912377284582       5   2 0  2 1  0 0  0
    88  0.1493777169876195       5   1 1  2 1  0 0  0
    89  -.1324650220410535       5   0 2  2 1  0 0  0
    90  -.3418554509301322       5   1 0  3 1  0 0  0
    91  0.1546862108761233       5   0 1  3 1  0 0  0
    92  -4.313963308511030       5   0 0  4 1  0 0  0
    93  -.2026210487509801       5   3 0  0 2  0 0  0
    94  -.1521131651726395E-01   5   2 1  0 2  0 0  0
    95  -.2571058844694101E-02   5   1 2  0 2  0 0  0
    96  0.1057008124308169E-03   5   0 3  0 2  0 0  0
    97  0.4164220767559178       5   2 0  1 2  0 0  0
    98  -.1939120639873668E-01   5   1 1  1 2  0 0  0
    99  0.1473790437505031E-01   5   0 2  1 2  0 0  0
   100  -.2387825106473876       5   1 0  2 2  0 0  0
   101  0.2025088889380847E-01   5   0 1  2 2  0 0  0
   102  0.2404631513498101       5   0 0  3 2  0 0  0
   103  -.2960672243526904E-01   5   2 0  0 3  0 0  0
   104  0.2488732647009734E-01   5   1 1  0 3  0 0  0
   105  0.1537991264936147E-02   5   0 2  0 3  0 0  0
   106  -.3147985344228887E-01   5   1 0  1 3  0 0  0
   107  0.5379344812463922E-03   5   0 1  1 3  0 0  0
   108  -.9073147543752932E-01   5   0 0  2 3  0 0  0
   109  -.1554496662970434E-02   5   1 0  0 4  0 0  0
   110  0.5285040621540171E-04   5   0 1  0 4  0 0  0
   111  0.1981261542257396E-01   5   0 0  1 4  0 0  0
   112  0.7689956324680863E-03   5   0 0  0 5  0 0  0
   113  -.8568620972554998E-01   5   3 0  0 0  0 2  0
   114  -.1676178723155110E-01   5   2 1  0 0  0 2  0
   115  -.3908158071215808E-02   5   1 2  0 0  0 2  0
   116  0.2060856198252197E-03   5   0 3  0 0  0 2  0
   117  0.1111023807483455E-01   5   2 0  1 0  0 2  0
   118  -.9195051706657557E-01   5   1 1  1 0  0 2  0
   119  -.6974349147534936E-02   5   0 2  1 0  0 2  0
   120  -.8568620972555011E-01   5   1 0  2 0  0 2  0
   121  0.2223613611002097E-01   5   0 1  2 0  0 2  0
   122  0.1111023807483447E-01   5   0 0  3 0  0 2  0
   123  -.5186919066412725E-01   5   2 0  0 1  0 2  0
   124  0.3338725984310107E-01   5   1 1  0 1  0 2  0
   125  0.1584465598095403E-03   5   0 2  0 1  0 2  0
   126  -.3899792334157214E-01   5   1 0  1 1  0 2  0
   127  0.1066587567003754E-02   5   0 1  1 1  0 2  0
   128  -.1438197077307029       5   0 0  2 1  0 2  0
   129  -.4974745638219544E-02   5   1 0  0 2  0 2  0
   130  0.2060856198251746E-03   5   0 1  0 2  0 2  0
   131  0.2641291069556613E-01   5   0 0  1 2  0 2  0
   132  0.1584465598094449E-03   5   0 0  0 3  0 2  0
   133  -.9396545141438612E-03   5   1 0  0 0  0 4  0
   134  0.5011211380284621E-04   5   0 1  0 0  0 4  0
   135  0.1691773256365953E-03   5   0 0  1 0  0 4  0
   136  -.6182885985615977E-03   5   0 0  0 1  0 4  0
   --------------------------------------------------
     I  COEFFICIENT            ORDER EXPONENTS
     1  0.1748409019151639E-02   1   1 0  0 0  0 0  0
     2  -.5674172730989420E-02   1   0 1  0 0  0 0  0
     3   1.000032363646630       1   0 0  1 0  0 0  0
     4  0.7558305825912578E-01   1   0 0  0 1  0 0  0
     5  -.1187289834120177E-02   2   1 0  0 0  0 1  0
     6  0.7720547531956933E-02   2   0 1  0 0  0 1  0
     7  -.4405219095746394E-04   2   0 0  1 0  0 1  0
     8  -.5112973474442639E-01   2   0 0  0 1  0 1  0
     9  0.9550294317592598E-01   3   3 0  0 0  0 0  0
    10  0.2261415023081313E-01   3   2 1  0 0  0 0  0
    11  0.1131704305693484E-02   3   1 2  0 0  0 0  0
    12  -.5671690074695497E-02   3   0 3  0 0  0 0  0
    13  0.5494659634532248E-03   3   2 0  1 0  0 0  0
    14  -.4403868383372798E-03   3   1 1  1 0  0 0  0
    15  0.2126442838372972E-03   3   0 2  1 0  0 0  0
    16  0.9550294317592600E-01   3   1 0  2 0  0 0  0
    17  0.1815678595048227E-01   3   0 1  2 0  0 0  0
    18  0.5494659634532377E-03   3   0 0  3 0  0 0  0
    19  0.2088145636278431E-02   3   2 0  0 1  0 0  0
    20  -.2407907676763873E-03   3   1 1  0 1  0 0  0
    21  0.3750609898505976E-01   3   0 2  0 1  0 0  0
    22  0.4457364280330858E-02   3   1 0  1 1  0 0  0
    23  -.1559976777569385E-02   3   0 1  1 1  0 0  0
    24  0.1647758797941151E-02   3   0 0  2 1  0 0  0
    25  0.2691681083262868E-02   3   1 0  0 2  0 0  0
    26  -.5671690074695495E-02   3   0 1  0 2  0 0  0
    27  -.2814648383909030E-04   3   0 0  1 2  0 0  0
    28  0.3750609898505977E-01   3   0 0  0 3  0 0  0
    29  0.8930196103219337E-03   3   1 0  0 0  0 2  0
    30  -.8447833694103872E-02   3   0 1  0 0  0 2  0
    31  0.4822472417952123E-04   3   0 0  1 0  0 2  0
    32  0.3825610871967700E-01   3   0 0  0 1  0 2  0
    33  -.6488355571179018E-01   4   3 0  0 0  0 1  0
    34  -.3066115544110557E-01   4   2 1  0 0  0 1  0
    35  -.2314691889123291E-02   4   1 2  0 0  0 1  0
    36  0.1543427231698002E-01   4   0 3  0 0  0 1  0
    37  -.7481517969124350E-03   4   2 0  1 0  0 1  0
    38  0.8979460461799157E-03   4   1 1  1 0  0 1  0
    39  -.5785165516133629E-03   4   0 2  1 0  0 1  0
    40  -.6488355571179019E-01   4   1 0  2 0  0 1  0
    41  -.2462816814837162E-01   4   0 1  2 0  0 1  0
    42  -.7481517969124549E-03   4   0 0  3 0  0 1  0
    43  -.4262713867744470E-02   4   2 0  0 1  0 1  0
    44  0.6546400134814303E-03   4   1 1  0 1  0 1  0
    45  -.7611117944391685E-01   4   0 2  0 1  0 1  0
    46  -.6032987292733951E-02   4   1 0  1 1  0 1  0
    47  0.3160812879968842E-02   4   0 1  1 1  0 1  0
    48  -.3364767821564557E-02   4   0 0  2 1  0 1  0
    49  -.5475504769092129E-02   4   1 0  0 2  0 1  0
    50  0.1543427231698001E-01   4   0 1  0 2  0 1  0
    51  0.7612346186806840E-04   4   0 0  1 2  0 1  0
    52  -.7611117944391688E-01   4   0 0  0 3  0 1  0
    53  -.7242545367909265E-03   4   1 0  0 0  0 3  0
    54  0.8695504488171668E-02   4   0 1  0 0  0 3  0
    55  -.4966501275805829E-04   4   0 0  1 0  0 3  0
    56  -.3084018369734551E-01   4   0 0  0 1  0 3  0
    57  0.8635599211606020       5   5 0  0 0  0 0  0
    58  0.2679789203237323       5   4 1  0 0  0 0  0
    59  0.5554653391578121E-01   5   3 2  0 0  0 0  0
    60  0.2208580242520117E-01   5   2 3  0 0  0 0  0
    61  0.1017436130659249E-02   5   1 4  0 0  0 0  0
    62  -.5669673294697595E-02   5   0 5  0 0  0 0  0
    63  0.9107449777502566E-03   5   4 0  1 0  0 0  0
    64  -.1106191243133493E-01   5   3 1  1 0  0 0  0
    65  0.7351381869770619E-02   5   2 2  1 0  0 0  0
    66  -.4002386252656808E-03   5   1 3  1 0  0 0  0
    67  0.3979297757750230E-03   5   0 4  1 0  0 0  0
    68   1.727119842321205       5   3 0  2 0  0 0  0
    69  0.4553864198542650       5   2 1  2 0  0 0  0
    70  0.5258085538919642E-01   5   1 2  2 0  0 0  0
    71  0.1786102002957912E-01   5   0 3  2 0  0 0  0
    72  0.1821489955500410E-02   5   2 0  3 0  0 0  0
    73  -.1106191243133491E-01   5   1 1  3 0  0 0  0
    74  0.8187500089270130E-02   5   0 2  3 0  0 0  0
    75  0.8635599211606020       5   1 0  4 0  0 0  0
    76  0.1874074995305326       5   0 1  4 0  0 0  0
    77  0.9107449777504970E-03   5   0 0  5 0  0 0  0
    78  0.2828262115017413E-01   5   4 0  0 1  0 0  0
    79  -.1210272060969438E-01   5   3 1  0 1  0 0  0
    80  0.2433970850214900E-02   5   2 2  0 1  0 0  0
    81  -.4966392724326784E-03   5   1 3  0 1  0 0  0
    82  0.2791532319991595E-01   5   0 4  0 1  0 0  0
    83  0.8057142079319964E-01   5   3 0  1 1  0 0  0
    84  -.8555649518261892E-01   5   2 1  1 1  0 0  0
    85  -.5232561658328336E-03   5   1 2  1 1  0 0  0
    86  -.2434510474142825E-02   5   0 3  1 1  0 0  0
    87  0.4550332986901288E-01   5   2 0  2 1  0 0  0
    88  -.1377495704869336E-01   5   1 1  2 1  0 0  0
    89  0.3063875433806984E-02   5   0 2  2 1  0 0  0
    90  0.8057142079319968E-01   5   1 0  3 1  0 0  0
    91  -.9148785223578851E-01   5   0 1  3 1  0 0  0
    92  0.1722070871883903E-01   5   0 0  4 1  0 0  0
    93  0.1440687076249849       5   3 0  0 2  0 0  0
    94  0.2683384098665608E-01   5   2 1  0 2  0 0  0
    95  0.4469382735461330E-02   5   1 2  0 2  0 0  0
    96  -.1133934658939519E-01   5   0 3  0 2  0 0  0
    97  -.3915220520424306E-02   5   2 0  1 2  0 0  0
    98  -.2460525042981211E-02   5   1 1  1 2  0 0  0
    99  0.2992202791173849E-03   5   0 2  1 2  0 0  0
   100  0.1470343861515697       5   1 0  2 2  0 0  0
   101  0.1311298146812421E-01   5   0 1  2 2  0 0  0
   102  -.4751338739923784E-02   5   0 0  3 2  0 0  0
   103  0.3464114059072669E-02   5   2 0  0 3  0 0  0
   104  -.4966392724326764E-03   5   1 1  0 3  0 0  0
   105  0.5583064639983183E-01   5   0 2  0 3  0 0  0
   106  0.8972820957077000E-02   5   1 0  1 3  0 0  0
   107  -.2434510474142825E-02   5   0 1  1 3  0 0  0
   108  0.2033732224949206E-02   5   0 0  2 3  0 0  0
   109  0.3451946604802063E-02   5   1 0  0 4  0 0  0
   110  -.5669673294697592E-02   5   0 1  0 4  0 0  0
   111  -.9870949665765312E-04   5   0 0  1 4  0 0  0
   112  0.2791532319991592E-01   5   0 0  0 5  0 0  0
   113  0.4883336577073324E-01   5   3 0  0 0  0 2  0
   114  0.3340125863103323E-01   5   2 1  0 0  0 2  0
   115  0.3328455042503038E-02   5   1 2  0 0  0 2  0
   116  -.2738834324042464E-01   5   0 3  0 0  0 2  0
   117  0.8193416322080766E-03   5   2 0  1 0  0 2  0
   118  -.1286497747511470E-02   5   1 1  1 0  0 2  0
   119  0.1026282891324554E-02   5   0 2  1 0  0 2  0
   120  0.4883336577073326E-01   5   1 0  2 0  0 2  0
   121  0.2684340055995672E-01   5   0 1  2 0  0 2  0
   122  0.8193416322080983E-03   5   0 0  3 0  0 2  0
   123  0.6115761034833934E-02   5   2 0  0 1  0 2  0
   124  -.1160402101715724E-02   5   1 1  0 1  0 2  0
   125  0.1084251161004476       5   0 2  0 1  0 2  0
   126  0.6557858071076488E-02   5   1 0  1 1  0 2  0
   127  -.4494512231616729E-02   5   0 1  1 1  0 2  0
   128  0.4829263287322463E-02   5   0 0  2 1  0 2  0
   129  0.7822967274119763E-02   5   1 0  0 2  0 2  0
   130  -.2738834324042463E-01   5   0 1  0 2  0 2  0
   131  -.1341192103911723E-03   5   0 0  1 2  0 2  0
   132  0.1084251161004477       5   0 0  0 3  0 2  0
   133  0.6182885985615992E-03   5   1 0  0 0  0 4  0
   134  -.8768801837577542E-02   5   0 1  0 0  0 4  0
   135  0.5011211380285441E-04   5   0 0  1 0  0 4  0
   136  0.2616083198221152E-01   5   0 0  0 1  0 4  0
   --------------------------------------------------
     I  COEFFICIENT            ORDER EXPONENTS
     1  0.4606769763520353E-01   1   1 0  0 0  0 0  0
     2  0.1748409019151687E-02   1   0 1  0 0  0 0  0
     3  -.2642452842390843E-02   1   0 0  1 0  0 0  0
     4   1.000032363646630       1   0 0  0 1  0 0  0
     5  0.1483370246652595E-03   2   1 0  0 0  0 1  0
     6  -.1187289834120151E-02   2   0 1  0 0  0 1  0
     7  0.1796206091888331E-02   2   0 0  1 0  0 1  0
     8  -.4405219095746093E-04   2   0 0  0 1  0 1  0
     9   2.514257214594158       3   3 0  0 0  0 0  0
    10  0.2855917844991404       3   2 1  0 0  0 0  0
    11  -.1718317761242903E-01   3   1 2  0 0  0 0  0
    12  -.4750727583937188E-04   3   0 3  0 0  0 0  0
    13  -.1675046412193275       3   2 0  1 0  0 0  0
    14  -.2640977895505766E-01   3   1 1  1 0  0 0  0
    15  -.1710313167024176E-02   3   0 2  1 0  0 0  0
    16   2.514257214594158       3   1 0  2 0  0 0  0
    17  0.9654127786103910E-01   3   0 1  2 0  0 0  0
    18  -.1675046412193270       3   0 0  3 0  0 0  0
    19  0.1504146719088395E-01   3   2 0  0 1  0 0  0
    20  0.3736953684960754E-03   3   1 1  0 1  0 0  0
    21  0.4264362687077434E-04   3   0 2  0 1  0 0  0
    22  0.1890505066381016       3   1 0  1 1  0 0  0
    23  -.2208846646697079E-01   3   0 1  1 1  0 0  0
    24  -.1136831176417368E-01   3   0 0  2 1  0 0  0
    25  0.4905288854541726E-02   3   1 0  0 2  0 0  0
    26  -.4750727583938130E-04   3   0 1  0 2  0 0  0
    27  -.1336617798528107E-02   3   0 0  1 2  0 0  0
    28  0.4264362687076556E-04   3   0 0  0 3  0 0  0
    29  -.1625127287983861E-03   3   1 0  0 0  0 2  0
    30  0.8930196103219391E-03   3   0 1  0 0  0 2  0
    31  -.1352859382456354E-02   3   0 0  1 0  0 2  0
    32  0.4822472417952139E-04   3   0 0  0 1  0 2  0
    33  0.1014151884189890E-01   4   3 0  0 0  0 1  0
    34  -.1927803608234286       4   2 1  0 0  0 1  0
    35  0.2371813299264276E-01   4   1 2  0 0  0 1  0
    36  0.1031307782591595E-03   4   0 3  0 0  0 1  0
    37  0.1138210942171294       4   2 0  1 0  0 1  0
    38  0.3580345989758417E-01   4   1 1  1 0  0 1  0
    39  0.3480448074322622E-02   4   0 2  1 0  0 1  0
    40  0.1014151884189895E-01   4   1 0  2 0  0 1  0
    41  -.6700152558848556E-01   4   0 1  2 0  0 1  0
    42  0.1138210942171292       4   0 0  3 0  0 1  0
    43  -.2040181869018416E-01   4   2 0  0 1  0 1  0
    44  -.7539719615016134E-03   4   1 1  0 1  0 1  0
    45  -.1160876072876154E-03   4   0 2  0 1  0 1  0
    46  -.1257788352349430       4   1 0  1 1  0 1  0
    47  0.3025874234011441E-01   4   0 1  1 1  0 1  0
    48  0.1540164120739993E-01   4   0 0  2 1  0 1  0
    49  -.6540609347471639E-02   4   1 0  0 2  0 1  0
    50  0.1031307782590480E-03   4   0 1  0 2  0 1  0
    51  0.2726476112821034E-02   4   0 0  1 2  0 1  0
    52  -.1160876072876289E-03   4   0 0  0 3  0 1  0
    53  0.1675122976451959E-03   4   1 0  0 0  0 3  0
    54  -.7242545367909157E-03   4   0 1  0 0  0 3  0
    55  0.1098900752899869E-02   4   0 0  1 0  0 3  0
    56  -.4966501275806626E-04   4   0 0  0 1  0 3  0
    57   22.74842628511888       5   5 0  0 0  0 0  0
    58   4.313963308511027       5   4 1  0 0  0 0  0
    59  -.2404631513498107       5   3 2  0 0  0 0  0
    60  0.9073147543752971E-01   5   2 3  0 0  0 0  0
    61  -.1981261542257397E-01   5   1 4  0 0  0 0  0
    62  -.7689956324681194E-03   5   0 5  0 0  0 0  0
    63  -1.122007353495110       5   4 0  1 0  0 0  0
    64  -.3418554509301322       5   3 1  1 0  0 0  0
    65  -.2387825106473878       5   2 2  1 0  0 0  0
    66  -.3147985344228889E-01   5   1 3  1 0  0 0  0
    67  -.1554496662970433E-02   5   0 4  1 0  0 0  0
    68   45.49685257023780       5   3 0  2 0  0 0  0
    69   5.201912377284585       5   2 1  2 0  0 0  0
    70  -.4164220767559173       5   1 2  2 0  0 0  0
    71  0.2960672243526923E-01   5   0 3  2 0  0 0  0
    72  -2.244014706990223       5   2 0  3 0  0 0  0
    73  -.3418554509301323       5   1 1  3 0  0 0  0
    74  -.2026210487509798       5   0 2  3 0  0 0  0
    75   22.74842628511889       5   1 0  4 0  0 0  0
    76  0.8879490687735554       5   0 1  4 0  0 0  0
    77  -1.122007353495111       5   0 0  5 0  0 0  0
    78  0.2294261560927900       5   4 0  0 1  0 0  0
    79  0.1546862108761231       5   3 1  0 1  0 0  0
    80  0.2025088889380830E-01   5   2 2  0 1  0 0  0
    81  0.5379344812463760E-03   5   1 3  0 1  0 0  0
    82  0.5285040621540080E-04   5   0 4  0 1  0 0  0
    83   3.426014239737480       5   3 0  1 1  0 0  0
    84  -.1493777169876189       5   2 1  1 1  0 0  0
    85  0.1939120639873681E-01   5   1 2  1 1  0 0  0
    86  -.2488732647009735E-01   5   0 3  1 1  0 0  0
    87  0.1169968612554487       5   2 0  2 1  0 0  0
    88  0.8236328708330921E-01   5   1 1  2 1  0 0  0
    89  -.1521131651726393E-01   5   0 2  2 1  0 0  0
    90   3.426014239737478       5   1 0  3 1  0 0  0
    91  -.5012955677998353       5   0 1  3 1  0 0  0
    92  -.1124292948373408       5   0 0  4 1  0 0  0
    93  0.8487349104391813E-01   5   3 0  0 2  0 0  0
    94  0.1324650220410536       5   2 1  0 2  0 0  0
    95  -.1473790437505028E-01   5   1 2  0 2  0 0  0
    96  -.1537991264936169E-02   5   0 3  0 2  0 0  0
    97  -.4793483787485695E-01   5   2 0  1 2  0 0  0
    98  -.2351514950472198E-01   5   1 1  1 2  0 0  0
    99  -.2571058844694111E-02   5   0 2  1 2  0 0  0
   100  0.2608324164500262       5   1 0  2 2  0 0  0
   101  -.1212682416825452E-01   5   0 1  2 2  0 0  0
   102  -.8409629977126468E-01   5   0 0  3 2  0 0  0
   103  0.1626853692502498E-01   5   2 0  0 3  0 0  0
   104  0.5379344812463831E-03   5   1 1  0 3  0 0  0
   105  0.1057008124308680E-03   5   0 2  0 3  0 0  0
   106  0.1028582996057842       5   1 0  1 3  0 0  0
   107  -.2488732647009737E-01   5   0 1  1 3  0 0  0
   108  -.1122896454848052E-01   5   0 0  2 3  0 0  0
   109  0.5074711047523165E-02   5   1 0  0 4  0 0  0
   110  -.7689956324681245E-03   5   0 1  0 4  0 0  0
   111  -.1016562181724012E-02   5   0 0  1 4  0 0  0
   112  0.5285040621541212E-04   5   0 0  0 5  0 0  0
   113  -.1111023807483447E-01   5   3 0  0 0  0 2  0
   114  0.1438197077307029       5   2 1  0 0  0 2  0
   115  -.2641291069556610E-01   5   1 2  0 0  0 2  0
   116  -.1584465598095980E-03   5   0 3  0 0  0 2  0
   117  -.8568620972555024E-01   5   2 0  1 0  0 2  0
   118  -.3899792334157216E-01   5   1 1  1 0  0 2  0
   119  -.4974745638219544E-02   5   0 2  1 0  0 2  0
   120  -.1111023807483453E-01   5   1 0  2 0  0 2  0
   121  0.5186919066412746E-01   5   0 1  2 0  0 2  0
   122  -.8568620972555001E-01   5   0 0  3 0  0 2  0
   123  0.2223613611002102E-01   5   2 0  0 1  0 2  0
   124  0.1066587567003770E-02   5   1 1  0 1  0 2  0
   125  0.2060856198252924E-03   5   0 2  0 1  0 2  0
   126  0.9195051706657557E-01   5   1 0  1 1  0 2  0
   127  -.3338725984310102E-01   5   0 1  1 1  0 2  0
   128  -.1676178723155115E-01   5   0 0  2 1  0 2  0
   129  0.6974349147534936E-02   5   1 0  0 2  0 2  0
   130  -.1584465598095885E-03   5   0 1  0 2  0 2  0
   131  -.3908158071215809E-02   5   0 0  1 2  0 2  0
   132  0.2060856198252403E-03   5   0 0  0 3  0 2  0
   133  -.1691773256365954E-03   5   1 0  0 0  0 4  0
   134  0.6182885985616016E-03   5   0 1  0 0  0 4  0
   135  -.9396545141438613E-03   5   0 0  1 0  0 4  0
   136  0.5011211380286443E-04   5   0 0  0 1  0 4  0
   --------------------------------------------------
     I  COEFFICIENT            ORDER EXPONENTS
     1  1.0000000000000000       1   0 0  0 0  1 0  0
     2  0.7690926975354095E-02   1   0 0  0 0  0 1  0
     3  -.1691603116473262E-04   2   2 0  0 0  0 0  0
     4  0.6704238981366186E-04   2   1 1  0 0  0 0  0
     5  -.2585594861821438E-01   2   0 2  0 0  0 0  0
     6  0.1191181456522278E-02   2   0 1  1 0  0 0  0
     7  -.1691603116473261E-04   2   0 0  2 0  0 0  0
     8  -.1191181456522279E-02   2   1 0  0 1  0 0  0
     9  0.6704238981366178E-04   2   0 0  1 1  0 0  0
    10  -.2585594861821438E-01   2   0 0  0 2  0 0  0
    11  -.7863322037216909E-02   2   0 0  0 0  0 2  0
    12  0.2554403049401521E-04   3   2 0  0 0  0 1  0
    13  -.1469387658937179E-03   3   1 1  0 0  0 1  0
    14  0.3909226639235054E-01   3   0 2  0 0  0 1  0
    15  -.1797220217060628E-02   3   0 1  1 0  0 1  0
    16  0.2554403049401519E-04   3   0 0  2 0  0 1  0
    17  0.1797220217060629E-02   3   1 0  0 1  0 1  0
    18  -.1469387658937178E-03   3   0 0  1 1  0 1  0
    19  0.3909226639235055E-01   3   0 0  0 2  0 1  0
    20  0.7536117018589785E-02   3   0 0  0 0  0 3  0
    21  -.1886686349645559E-02   4   4 0  0 0  0 0  0
    22  0.4088792405386576E-02   4   3 1  0 0  0 0  0
    23  0.2691777876013333E-03   4   2 2  0 0  0 0  0
    24  0.1405384486809242E-03   4   1 3  0 0  0 0  0
    25  -.1939131165847807E-01   4   0 4  0 0  0 0  0
    26  0.6502135870098560E-01   4   2 1  1 0  0 0  0
    27  0.3012457329380739E-02   4   1 2  1 0  0 0  0
    28  0.1841586232243678E-02   4   0 3  1 0  0 0  0
    29  -.3773372699291161E-02   4   2 0  2 0  0 0  0
    30  0.4088792405386580E-02   4   1 1  2 0  0 0  0
    31  -.2413429083256537E-03   4   0 2  2 0  0 0  0
    32  0.6502135870098562E-01   4   0 1  3 0  0 0  0
    33  -.1886686349645558E-02   4   0 0  4 0  0 0  0
    34  -.6502135870098562E-01   4   3 0  0 1  0 0  0
    35  -.3012457329380746E-02   4   2 1  0 1  0 0  0
    36  -.1841586232243679E-02   4   1 2  0 1  0 0  0
    37  0.4088792405386585E-02   4   2 0  1 1  0 0  0
    38  0.1021041391853974E-02   4   1 1  1 1  0 0  0
    39  0.1405384486809246E-03   4   0 2  1 1  0 0  0
    40  -.6502135870098563E-01   4   1 0  2 1  0 0  0
    41  0.3012457329380734E-02   4   0 1  2 1  0 0  0
    42  0.4088792405386576E-02   4   0 0  3 1  0 0  0
    43  -.2413429083256564E-03   4   2 0  0 2  0 0  0
    44  0.1405384486809243E-03   4   1 1  0 2  0 0  0
    45  -.3878262331695613E-01   4   0 2  0 2  0 0  0
    46  -.3012457329380740E-02   4   1 0  1 2  0 0  0
    47  0.1841586232243678E-02   4   0 1  1 2  0 0  0
    48  0.2691777876013308E-03   4   0 0  2 2  0 0  0
    49  -.1841586232243678E-02   4   1 0  0 3  0 0  0
    50  0.1405384486809240E-03   4   0 0  1 3  0 0  0
    51  -.1939131165847807E-01   4   0 0  0 4  0 0  0
    52  -.3121019166104911E-04   4   2 0  0 0  0 2  0
    53  0.2272590334858728E-03   4   1 1  0 0  0 2  0
    54  -.4783094915070660E-01   4   0 2  0 0  0 2  0
    55  0.2193770547267786E-02   4   0 1  1 0  0 2  0
    56  -.3121019166104909E-04   4   0 0  2 0  0 2  0
    57  -.2193770547267787E-02   4   1 0  0 1  0 2  0
    58  0.2272590334858726E-03   4   0 0  1 1  0 2  0
    59  -.4783094915070661E-01   4   0 0  0 2  0 2  0
    60  -.7085135729154634E-02   4   0 0  0 0  0 4  0
    61  0.2848815551186820E-02   5   4 0  0 0  0 1  0
    62  -.8961083103498859E-02   5   3 1  0 0  0 1  0
    63  -.7718569549568560E-03   5   2 2  0 0  0 1  0
    64  -.4994641010606819E-03   5   1 3  0 0  0 1  0
    65  0.5575196647440974E-01   5   0 4  0 0  0 1  0
    66  -.9806269407526308E-01   5   2 1  1 0  0 1  0
    67  -.6543498476651041E-02   5   1 2  1 0  0 1  0
    68  -.5284807272644733E-02   5   0 3  1 0  0 1  0
    69  0.5697631102373844E-02   5   2 0  2 0  0 1  0
    70  -.8961083103498860E-02   5   1 1  2 0  0 1  0
    71  0.6916675112792833E-03   5   0 2  2 0  0 1  0
    72  -.9806269407526307E-01   5   0 1  3 0  0 1  0
    73  0.2848815551186819E-02   5   0 0  4 0  0 1  0
    74  0.9806269407526311E-01   5   3 0  0 1  0 1  0
    75  0.6543498476651047E-02   5   2 1  0 1  0 1  0
    76  0.5284807272644737E-02   5   1 2  0 1  0 1  0
    77  -.8961083103498874E-02   5   2 0  1 1  0 1  0
    78  -.2927048932472297E-02   5   1 1  1 1  0 1  0
    79  -.4994641010606821E-03   5   0 2  1 1  0 1  0
    80  0.9806269407526312E-01   5   1 0  2 1  0 1  0
    81  -.6543498476651028E-02   5   0 1  2 1  0 1  0
    82  -.8961083103498857E-02   5   0 0  3 1  0 1  0
    83  0.6916675112792923E-03   5   2 0  0 2  0 1  0
    84  -.4994641010606824E-03   5   1 1  0 2  0 1  0
    85  0.1115039329488195       5   0 2  0 2  0 1  0
    86  0.6543498476651041E-02   5   1 0  1 2  0 1  0
    87  -.5284807272644734E-02   5   0 1  1 2  0 1  0
    88  -.7718569549568534E-03   5   0 0  2 2  0 1  0
    89  0.5284807272644734E-02   5   1 0  0 3  0 1  0
    90  -.4994641010606817E-03   5   0 0  1 3  0 1  0
    91  0.5575196647440975E-01   5   0 0  0 4  0 1  0
    92  0.3568708736125891E-04   5   2 0  0 0  0 3  0
    93  -.3061245667573867E-03   5   1 1  0 0  0 3  0
    94  0.5477229809552768E-01   5   0 2  0 0  0 3  0
    95  -.2505937153976376E-02   5   0 1  1 0  0 3  0
    96  0.3568708736125889E-04   5   0 0  2 0  0 3  0
    97  0.2505937153976377E-02   5   1 0  0 1  0 3  0
    98  -.3061245667573864E-03   5   0 0  1 1  0 3  0
    99  0.5477229809552768E-01   5   0 0  0 2  0 3  0
   100  0.6639787906708185E-02   5   0 0  0 0  0 5  0
   --------------------------------------------------
     I  COEFFICIENT            ORDER EXPONENTS
     1  1.0000000000000000       1   0 0  0 0  0 1  0
     ------------------------------------------------
     ALL COMPONENTS ZERO 
     ------------------- 
     ALL COMPONENTS ZERO 
     ------------------- 
