 L    0.3793416666666660E-01
 P (  0.0000000000000000E+00,  0.0000000000000000E+00,  0.1441498333333333E+01)
 A (  0.0000000000000000E+00,  0.0000000000000000E+00,  0.0000000000000000E+00)
     I  COEFFICIENT            ORDER EXPONENTS
     1  0.9999089058525117       1   1 0  0 0  0 0  0
     2  0.3777393623943227E-01   1   0 1  0 0  0 0  0
     3  0.1751348534827574E-02   1   0 0  1 0  0 0  0
     4  0.3015149580981396E-02   1   0 0  0 1  0 0  0
     5  0.1240275864588115E-03   2   1 0  0 0  0 1  0
     6  -.2552895001745208E-01   2   0 1  0 0  0 1  0
     7  -.1188862888207276E-02   2   0 0  1 0  0 1  0
     8  -.4101618993193361E-02   2   0 0  0 1  0 1  0
     9  -.1313640591307608E-02   3   3 0  0 0  0 0  0
    10  0.8047861726782281E-03   3   2 1  0 0  0 0  0
    11  0.2514396898762725E-04   3   1 2  0 0  0 0  0
    12  0.1872807160806992E-01   3   0 3  0 0  0 0  0
    13  0.2979215792982907E-01   3   2 0  1 0  0 0  0
    14  0.8251004584823920E-03   3   1 1  1 0  0 0  0
    15  0.2608383522753223E-02   3   0 2  1 0  0 0  0
    16  -.1313640591307607E-02   3   1 0  2 0  0 0  0
    17  0.9063765437140476E-03   3   0 1  2 0  0 0  0
    18  0.2979215792982909E-01   3   0 0  3 0  0 0  0
    19  -.7347674808624564E-02   3   2 0  0 1  0 0  0
    20  -.1872379612961499E-02   3   1 1  0 1  0 0  0
    21  0.3007563748610384E-02   3   0 2  0 1  0 0  0
    22  -.1015903710358205E-03   3   1 0  1 1  0 0  0
    23  0.4007911454794141E-03   3   0 1  1 1  0 0  0
    24  -.6522574350142181E-02   3   0 0  2 1  0 0  0
    25  -.3756471764917869E-03   3   1 0  0 2  0 0  0
    26  0.1872807160806992E-01   3   0 1  0 2  0 0  0
    27  0.7360039097917246E-03   3   0 0  1 2  0 0  0
    28  0.3007563748610384E-02   3   0 0  0 3  0 0  0
    29  -.1358211016712393E-03   3   1 0  0 0  0 2  0
    30  0.1907651747421132E-01   3   0 1  0 0  0 2  0
    31  0.8937695909924874E-03   3   0 0  1 0  0 2  0
    32  0.4486720785543611E-02   3   0 0  0 1  0 2  0
    33  0.1789814757416145E-02   4   3 0  0 0  0 1  0
    34  -.1641062191201552E-02   4   2 1  0 0  0 1  0
    35  -.6686810421536371E-04   4   1 2  0 0  0 1  0
    36  -.3797058495972968E-01   4   0 3  0 0  0 1  0
    37  -.2025308548057444E-01   4   2 0  1 0  0 1  0
    38  -.1118624866568870E-02   4   1 1  1 0  0 1  0
    39  -.5289837372101344E-02   4   0 2  1 0  0 1  0
    40  0.1789814757416145E-02   4   1 0  2 0  0 1  0
    41  -.1848470316354279E-02   4   0 1  2 0  0 1  0
    42  -.2025308548057445E-01   4   0 0  3 0  0 1  0
    43  0.9928197487813064E-02   4   2 0  0 1  0 1  0
    44  0.3768903818554171E-02   4   1 1  0 1  0 1  0
    45  -.8182796750246359E-02   4   0 2  0 1  0 1  0
    46  0.2074081251527288E-03   4   1 0  1 1  0 1  0
    47  -.1088201794731802E-02   4   0 1  1 1  0 1  0
    48  0.8809572621244188E-02   4   0 0  2 1  0 1  0
    49  0.1021333690516439E-02   4   1 0  0 2  0 1  0
    50  -.3797058495972968E-01   4   0 1  0 2  0 1  0
    51  -.1520933553547172E-02   4   0 0  1 2  0 1  0
    52  -.8182796750246359E-02   4   0 0  0 3  0 1  0
    53  0.1399309050659488E-03   4   1 0  0 0  0 3  0
    54  -.1535562368529617E-01   4   0 1  0 0  0 3  0
    55  -.7244618498186786E-03   4   0 0  1 0  0 3  0
    56  -.4616777803610667E-02   4   0 0  0 1  0 3  0
    57  -.7795876862260474E-03   5   5 0  0 0  0 0  0
    58  0.1335504349351234E-01   5   4 1  0 0  0 0  0
    59  0.8472406099898273E-03   5   3 2  0 0  0 0  0
    60  0.1303566371191375E-02   5   2 3  0 0  0 0  0
    61  0.1417593823394200E-03   5   1 4  0 0  0 0  0
    62  0.1392821322223861E-01   5   0 5  0 0  0 0  0
    63  0.1531528396733749       5   4 0  1 0  0 0  0
    64  0.9086234446068020E-02   5   3 1  1 0  0 0  0
    65  0.4463660073252805E-01   5   2 2  1 0  0 0  0
    66  0.1662298258044028E-02   5   1 3  1 0  0 0  0
    67  0.3237415519697566E-02   5   0 4  1 0  0 0  0
    68  -.1559175372452073E-02   5   3 0  2 0  0 0  0
    69  0.3014693483554194E-01   5   2 1  2 0  0 0  0
    70  0.9661096510549142E-03   5   1 2  2 0  0 0  0
    71  0.1508387526619599E-02   5   0 3  2 0  0 0  0
    72  0.3063056793467500       5   2 0  3 0  0 0  0
    73  0.9086234446068021E-02   5   1 1  3 0  0 0  0
    74  0.4445083826913979E-01   5   0 2  3 0  0 0  0
    75  -.7795876862260434E-03   5   1 0  4 0  0 0  0
    76  0.1679189134202964E-01   5   0 1  4 0  0 0  0
    77  0.1531528396733750       5   0 0  5 0  0 0  0
    78  -.1161306236812080       5   4 0  0 1  0 0  0
    79  -.3477389965187194E-01   5   3 1  0 1  0 0  0
    80  -.8257043858105682E-02   5   2 2  0 1  0 0  0
    81  -.2775037306511129E-02   5   1 3  0 1  0 0  0
    82  0.3000137492355465E-02   5   0 4  0 1  0 0  0
    83  -.3436847848517297E-02   5   3 0  1 1  0 0  0
    84  0.6337465404053521E-02   5   2 1  1 1  0 0  0
    85  -.1325312035500904E-03   5   1 2  1 1  0 0  0
    86  0.8013252732273809E-03   5   0 3  1 1  0 0  0
    87  -.2231750129163479       5   2 0  2 1  0 0  0
    88  -.3440237472509530E-01   5   1 1  2 1  0 0  0
    89  -.5639799652673654E-02   5   0 2  2 1  0 0  0
    90  -.3436847848517301E-02   5   1 0  3 1  0 0  0
    91  0.6575203486183684E-02   5   0 1  3 1  0 0  0
    92  -.1070443892351401       5   0 0  4 1  0 0  0
    93  -.5609093835128775E-02   5   3 0  0 2  0 0  0
    94  0.1231276419313247E-02   5   2 1  0 2  0 0  0
    95  -.5178065085485399E-03   5   1 2  0 2  0 0  0
    96  0.2785642644447721E-01   5   0 3  0 2  0 0  0
    97  0.9676938617267816E-02   5   2 0  1 2  0 0  0
    98  -.2475936367320381E-03   5   1 1  1 2  0 0  0
    99  0.3699793732884009E-02   5   0 2  1 2  0 0  0
   100  -.5727962876193858E-02   5   1 0  2 2  0 0  0
   101  0.1580677478497730E-02   5   0 1  2 2  0 0  0
   102  0.9862701080656152E-02   5   0 0  3 2  0 0  0
   103  -.7302097910717662E-02   5   2 0  0 3  0 0  0
   104  -.2775037306511130E-02   5   1 1  0 3  0 0  0
   105  0.6000274984710929E-02   5   0 2  0 3  0 0  0
   106  -.2771111073063583E-03   5   1 0  1 3  0 0  0
   107  0.8013252732273810E-03   5   0 1  1 3  0 0  0
   108  -.6594745600061675E-02   5   0 0  2 3  0 0  0
   109  -.6595658908879601E-03   5   1 0  0 4  0 0  0
   110  0.1392821322223860E-01   5   0 1  0 4  0 0  0
   111  0.4623782131864402E-03   5   0 0  1 4  0 0  0
   112  0.3000137492355465E-02   5   0 0  0 5  0 0  0
   113  -.1961708460756842E-02   5   3 0  0 0  0 2  0
   114  0.2351354571439819E-02   5   2 1  0 0  0 2  0
   115  0.1154790244269803E-03   5   1 2  0 0  0 2  0
   116  0.5403270542258520E-01   5   0 3  0 0  0 2  0
   117  0.1525600992647967E-01   5   2 0  1 0  0 2  0
   118  0.1218484365197717E-02   5   1 1  1 0  0 2  0
   119  0.7530036554642116E-02   5   0 2  1 0  0 2  0
   120  -.1961708460756840E-02   5   1 0  2 0  0 2  0
   121  0.2648964062419422E-02   5   0 1  2 0  0 2  0
   122  0.1525600992647968E-01   5   0 0  3 0  0 2  0
   123  -.1076895576496627E-01   5   2 0  0 1  0 2  0
   124  -.5316578702851003E-02   5   1 1  0 1  0 2  0
   125  0.1451714887551825E-01   5   0 2  0 1  0 2  0
   126  -.2976094909796025E-03   5   1 0  1 1  0 2  0
   127  0.1925995812923194E-02   5   0 1  1 1  0 2  0
   128  -.9550471399768548E-02   5   0 0  2 1  0 2  0
   129  -.1810516788496213E-02   5   1 0  0 2  0 2  0
   130  0.5403270542258520E-01   5   0 1  0 2  0 2  0
   131  0.2213457851791114E-02   5   0 0  1 2  0 2  0
   132  0.1451714887551825E-01   5   0 0  0 3  0 2  0
   133  -.1412480218325350E-03   5   1 0  0 0  0 4  0
   134  0.1300506547064930E-01   5   0 1  0 0  0 4  0
   135  0.6181058624033067E-03   5   0 0  1 0  0 4  0
   136  0.4654099071056839E-02   5   0 0  0 1  0 4  0
   --------------------------------------------------
     I  COEFFICIENT            ORDER EXPONENTS
     1  -.7474025520734452E-02   1   1 0  0 0  0 0  0
     2  0.9871347481198522       1   0 1  0 0  0 0  0
     3  0.9682969106402349E-01   1   0 0  1 0  0 0  0
     4  0.1605520128933545       1   0 0  0 1  0 0  0
     5  0.5073507739947391E-02   2   1 0  0 0  0 1  0
     6  0.1750095812505979E-01   2   0 1  0 0  0 1  0
     7  0.5302975584693095E-03   2   0 0  1 0  0 1  0
     8  -.1085012351907121       2   0 0  0 1  0 1  0
     9  -.1133713382262415       3   3 0  0 0  0 0  0
    10  0.5231008663922895E-01   3   2 1  0 0  0 0  0
    11  -.2031063265437101E-02   3   1 2  0 0  0 0  0
    12  -.1281803246060470E-01   3   0 3  0 0  0 0  0
    13   1.719064319276184       3   2 0  1 0  0 0  0
    14  0.7055090137905280E-01   3   1 1  1 0  0 0  0
    15  -.7329100338539456E-03   3   0 2  1 0  0 0  0
    16  -.1133713382262414       3   1 0  2 0  0 0  0
    17  0.5135844441716984E-01   3   0 1  2 0  0 0  0
    18   1.719064319276184       3   0 0  3 0  0 0  0
    19  -.3282600188332863       3   2 0  0 1  0 0  0
    20  -.8610898252738726E-02   3   1 1  0 1  0 0  0
    21  0.7947997432843859E-01   3   0 2  0 1  0 0  0
    22  0.9516422220590708E-03   3   1 0  1 1  0 0  0
    23  0.9570802035171831E-02   3   0 1  1 1  0 0  0
    24  -.2577091174542334       3   0 0  2 1  0 0  0
    25  -.1160186530060893E-01   3   1 0  0 2  0 0  0
    26  -.1281803246060470E-01   3   0 1  0 2  0 0  0
    27  -.9343808286592672E-02   3   0 0  1 2  0 0  0
    28  0.7947997432843859E-01   3   0 0  0 3  0 0  0
    29  -.3814123225148057E-02   3   1 0  0 0  0 2  0
    30  -.1914396582689800E-01   3   0 1  0 0  0 2  0
    31  -.5807206612861676E-03   3   0 0  1 0  0 2  0
    32  0.8107198970718836E-01   3   0 0  0 1  0 2  0
    33  0.7708179300954426E-01   4   3 0  0 0  0 1  0
    34  -.7089038880153969E-01   4   2 1  0 0  0 1  0
    35  0.4228438675624241E-02   4   1 2  0 0  0 1  0
    36  0.3487429034354331E-01   4   0 3  0 0  0 1  0
    37  0.6851046935898306E-02   4   2 0  1 0  0 1  0
    38  -.4728519234881232E-01   4   1 1  1 0  0 1  0
    39  0.3259668261588993E-02   4   0 2  1 0  0 1  0
    40  0.7708179300954425E-01   4   1 0  2 0  0 1  0
    41  -.6957454015753224E-01   4   0 1  2 0  0 1  0
    42  0.6851046935898311E-02   4   0 0  3 0  0 1  0
    43  0.2167973323127533       4   2 0  0 1  0 1  0
    44  0.9227996831513881E-02   4   1 1  0 1  0 1  0
    45  -.1611344443549789       4   0 2  0 1  0 1  0
    46  -.1315848644007485E-02   4   1 0  1 1  0 1  0
    47  -.1930172096545156E-01   4   0 1  1 1  0 1  0
    48  0.1695121399639410       4   0 0  2 1  0 1  0
    49  0.2353015964107580E-01   4   1 0  0 2  0 1  0
    50  0.3487429034354331E-01   4   0 1  0 2  0 1  0
    51  0.1248766509310288E-01   4   0 0  1 2  0 1  0
    52  -.1611344443549789       4   0 0  0 3  0 1  0
    53  0.3091549409928632E-02   4   1 0  0 0  0 3  0
    54  0.1969870708222326E-01   4   0 1  0 0  0 3  0
    55  0.5982906272600780E-03   4   0 0  1 0  0 3  0
    56  -.6525360102254241E-01   4   0 0  0 1  0 3  0
    57  -.1705761464088810       5   5 0  0 0  0 0  0
    58  0.8705266840759223       5   4 1  0 0  0 0  0
    59  0.4538572764753077E-02   5   3 2  0 0  0 0  0
    60  0.5423863865053976E-01   5   2 3  0 0  0 0  0
    61  -.2802755455872004E-03   5   1 4  0 0  0 0  0
    62  -.1277129468937117E-01   5   0 5  0 0  0 0  0
    63   9.609446281858160       5   4 0  1 0  0 0  0
    64  0.8295620160594649       5   3 1  1 0  0 0  0
    65  0.1043192678965740E-01   5   2 2  1 0  0 0  0
    66  0.3484311626225636E-01   5   1 3  1 0  0 0  0
    67  -.2002072445401504E-02   5   0 4  1 0  0 0  0
    68  -.3411522928177603       5   3 0  2 0  0 0  0
    69   1.702505561157944       5   2 1  2 0  0 0  0
    70  0.3934353664841054E-02   5   1 2  2 0  0 0  0
    71  0.5167345408320265E-01   5   0 3  2 0  0 0  0
    72   19.21889256371632       5   2 0  3 0  0 0  0
    73  0.8295620160594648       5   1 1  3 0  0 0  0
    74  -.1208774355469377E-01   5   0 2  3 0  0 0  0
    75  -.1705761464088805       5   1 0  4 0  0 0  0
    76  0.8319788770820208       5   0 1  4 0  0 0  0
    77   9.609446281858160       5   0 0  5 0  0 0  0
    78  -5.646390529290822       5   4 0  0 1  0 0  0
    79  -.3706952218206329       5   3 1  0 1  0 0  0
    80  -.1724791905611134       5   2 2  0 1  0 0  0
    81  -.7020887200212282E-02   5   1 3  0 1  0 0  0
    82  0.5901776636699576E-01   5   0 4  0 1  0 0  0
    83  0.3854780699390117E-01   5   3 0  1 1  0 0  0
    84  0.1920754443842954       5   2 1  1 1  0 0  0
    85  0.7910385822458461E-02   5   1 2  1 1  0 0  0
    86  0.1423650999504596E-01   5   0 3  1 1  0 0  0
    87  -10.46321904252218       5   2 0  2 1  0 0  0
    88  -.3256558811319305       5   1 1  2 1  0 0  0
    89  -.1283036313719644       5   0 2  2 1  0 0  0
    90  0.3854780699390118E-01   5   1 0  3 1  0 0  0
    91  0.1908670061844713       5   0 1  3 1  0 0  0
    92  -4.816828513231354       5   0 0  4 1  0 0  0
    93  -.1869326525196303       5   3 0  0 2  0 0  0
    94  0.4889343739541856E-01   5   2 1  0 2  0 0  0
    95  -.1479706108622031E-01   5   1 2  0 2  0 0  0
    96  -.2554258937874225E-01   5   0 3  0 2  0 0  0
    97  -.3827829653753269       5   2 0  1 2  0 0  0
    98  0.1617823040847130E-01   5   1 1  1 2  0 0  0
    99  -.1102503209101508E-01   5   0 2  1 2  0 0  0
   100  -.1863284334197182       5   1 0  2 2  0 0  0
   101  0.5701865533832401E-01   5   0 1  2 2  0 0  0
   102  -.3602632950309754       5   0 0  3 2  0 0  0
   103  -.1631467476342208       5   2 0  0 3  0 0  0
   104  -.7020887200212339E-02   5   1 1  0 3  0 0  0
   105  0.1180355327339915       5   0 2  0 3  0 0  0
   106  -.2780016687784298E-02   5   1 0  1 3  0 0  0
   107  0.1423650999504596E-01   5   0 1  1 3  0 0  0
   108  -.1376360742988570       5   0 0  2 3  0 0  0
   109  -.1451678554063312E-01   5   1 0  0 4  0 0  0
   110  -.1277129468937123E-01   5   0 1  0 4  0 0  0
   111  -.9022959645613681E-02   5   0 0  1 4  0 0  0
   112  0.5901776636699575E-01   5   0 0  0 5  0 0  0
   113  -.5807402242466081E-01   5   3 0  0 0  0 2  0
   114  0.7718008079795088E-01   5   2 1  0 0  0 2  0
   115  -.6206284053330601E-02   5   1 2  0 0  0 2  0
   116  -.6187020955632584E-01   5   0 3  0 0  0 2  0
   117  -.7509840449968932E-02   5   2 0  1 0  0 2  0
   118  0.3492742975291904E-01   5   1 1  1 0  0 2  0
   119  -.6639719867451389E-02   5   0 2  1 0  0 2  0
   120  -.5807402242466079E-01   5   1 0  2 0  0 2  0
   121  0.7571164162273908E-01   5   0 1  2 0  0 2  0
   122  -.7509840449968939E-02   5   0 0  3 0  0 2  0
   123  -.1568207374885863       5   2 0  0 1  0 2  0
   124  -.6725963820514567E-02   5   1 1  0 1  0 2  0
   125  0.2292817124645997       5   0 2  0 1  0 2  0
   126  0.1468439175211873E-02   5   1 0  1 1  0 2  0
   127  0.2729111455089453E-01   5   0 1  1 1  0 2  0
   128  -.1218933077356672       5   0 0  2 1  0 2  0
   129  -.3349739860422513E-01   5   1 0  0 2  0 2  0
   130  -.6187020955632584E-01   5   0 1  0 2  0 2  0
   131  -.1336568368796596E-01   5   0 0  1 2  0 2  0
   132  0.2292817124645997       5   0 0  0 3  0 2  0
   133  -.2637634467484915E-02   5   1 0  0 0  0 4  0
   134  -.1985774713643640E-01   5   0 1  0 0  0 4  0
   135  -.6039199286324816E-03   5   0 0  1 0  0 4  0
   136  0.5526020729951250E-01   5   0 0  0 1  0 4  0
   --------------------------------------------------
     I  COEFFICIENT            ORDER EXPONENTS
     1  -.1751348534827574E-02   1   1 0  0 0  0 0  0
     2  -.3015149580981396E-02   1   0 1  0 0  0 0  0
     3  0.9999089058525117       1   0 0  1 0  0 0  0
     4  0.3777393623943227E-01   1   0 0  0 1  0 0  0
     5  0.1188862888207276E-02   2   1 0  0 0  0 1  0
     6  0.4101618993193361E-02   2   0 1  0 0  0 1  0
     7  0.1240275864588115E-03   2   0 0  1 0  0 1  0
     8  -.2552895001745208E-01   2   0 0  0 1  0 1  0
     9  -.2979215792982909E-01   3   3 0  0 0  0 0  0
    10  0.6522574350142181E-02   3   2 1  0 0  0 0  0
    11  -.7360039097917246E-03   3   1 2  0 0  0 0  0
    12  -.3007563748610384E-02   3   0 3  0 0  0 0  0
    13  -.1313640591307609E-02   3   2 0  1 0  0 0  0
    14  -.1015903710358205E-03   3   1 1  1 0  0 0  0
    15  -.3756471764917869E-03   3   0 2  1 0  0 0  0
    16  -.2979215792982907E-01   3   1 0  2 0  0 0  0
    17  0.7347674808624564E-02   3   0 1  2 0  0 0  0
    18  -.1313640591307608E-02   3   0 0  3 0  0 0  0
    19  0.9063765437140476E-03   3   2 0  0 1  0 0  0
    20  0.4007911454794142E-03   3   1 1  0 1  0 0  0
    21  0.1872807160806992E-01   3   0 2  0 1  0 0  0
    22  -.8251004584823918E-03   3   1 0  1 1  0 0  0
    23  0.1872379612961499E-02   3   0 1  1 1  0 0  0
    24  0.8047861726782281E-03   3   0 0  2 1  0 0  0
    25  -.2608383522753223E-02   3   1 0  0 2  0 0  0
    26  -.3007563748610384E-02   3   0 1  0 2  0 0  0
    27  0.2514396898762725E-04   3   0 0  1 2  0 0  0
    28  0.1872807160806992E-01   3   0 0  0 3  0 0  0
    29  -.8937695909924874E-03   3   1 0  0 0  0 2  0
    30  -.4486720785543611E-02   3   0 1  0 0  0 2  0
    31  -.1358211016712393E-03   3   0 0  1 0  0 2  0
    32  0.1907651747421132E-01   3   0 0  0 1  0 2  0
    33  0.2025308548057445E-01   4   3 0  0 0  0 1  0
    34  -.8809572621244188E-02   4   2 1  0 0  0 1  0
    35  0.1520933553547172E-02   4   1 2  0 0  0 1  0
    36  0.8182796750246359E-02   4   0 3  0 0  0 1  0
    37  0.1789814757416144E-02   4   2 0  1 0  0 1  0
    38  0.2074081251527289E-03   4   1 1  1 0  0 1  0
    39  0.1021333690516438E-02   4   0 2  1 0  0 1  0
    40  0.2025308548057445E-01   4   1 0  2 0  0 1  0
    41  -.9928197487813064E-02   4   0 1  2 0  0 1  0
    42  0.1789814757416145E-02   4   0 0  3 0  0 1  0
    43  -.1848470316354279E-02   4   2 0  0 1  0 1  0
    44  -.1088201794731802E-02   4   1 1  0 1  0 1  0
    45  -.3797058495972968E-01   4   0 2  0 1  0 1  0
    46  0.1118624866568869E-02   4   1 0  1 1  0 1  0
    47  -.3768903818554171E-02   4   0 1  1 1  0 1  0
    48  -.1641062191201551E-02   4   0 0  2 1  0 1  0
    49  0.5289837372101344E-02   4   1 0  0 2  0 1  0
    50  0.8182796750246359E-02   4   0 1  0 2  0 1  0
    51  -.6686810421536371E-04   4   0 0  1 2  0 1  0
    52  -.3797058495972968E-01   4   0 0  0 3  0 1  0
    53  0.7244618498186786E-03   4   1 0  0 0  0 3  0
    54  0.4616777803610667E-02   4   0 1  0 0  0 3  0
    55  0.1399309050659488E-03   4   0 0  1 0  0 3  0
    56  -.1535562368529617E-01   4   0 0  0 1  0 3  0
    57  -.1531528396733751       5   5 0  0 0  0 0  0
    58  0.1070443892351399       5   4 1  0 0  0 0  0
    59  -.9862701080656145E-02   5   3 2  0 0  0 0  0
    60  0.6594745600061673E-02   5   2 3  0 0  0 0  0
    61  -.4623782131864401E-03   5   1 4  0 0  0 0  0
    62  -.3000137492355465E-02   5   0 5  0 0  0 0  0
    63  -.7795876862260336E-03   5   4 0  1 0  0 0  0
    64  -.3436847848517297E-02   5   3 1  1 0  0 0  0
    65  -.5727962876193854E-02   5   2 2  1 0  0 0  0
    66  -.2771111073063585E-03   5   1 3  1 0  0 0  0
    67  -.6595658908879605E-03   5   0 4  1 0  0 0  0
    68  -.3063056793467498       5   3 0  2 0  0 0  0
    69  0.2231750129163479       5   2 1  2 0  0 0  0
    70  -.9676938617267832E-02   5   1 2  2 0  0 0  0
    71  0.7302097910717661E-02   5   0 3  2 0  0 0  0
    72  -.1559175372452079E-02   5   2 0  3 0  0 0  0
    73  -.3436847848517299E-02   5   1 1  3 0  0 0  0
    74  -.5609093835128778E-02   5   0 2  3 0  0 0  0
    75  -.1531528396733750       5   1 0  4 0  0 0  0
    76  0.1161306236812079       5   0 1  4 0  0 0  0
    77  -.7795876862260465E-03   5   0 0  5 0  0 0  0
    78  0.1679189134202963E-01   5   4 0  0 1  0 0  0
    79  0.6575203486183681E-02   5   3 1  0 1  0 0  0
    80  0.1580677478497731E-02   5   2 2  0 1  0 0  0
    81  0.8013252732273808E-03   5   1 3  0 1  0 0  0
    82  0.1392821322223860E-01   5   0 4  0 1  0 0  0
    83  -.9086234446068025E-02   5   3 0  1 1  0 0  0
    84  0.3440237472509530E-01   5   2 1  1 1  0 0  0
    85  0.2475936367320382E-03   5   1 2  1 1  0 0  0
    86  0.2775037306511131E-02   5   0 3  1 1  0 0  0
    87  0.3014693483554194E-01   5   2 0  2 1  0 0  0
    88  0.6337465404053522E-02   5   1 1  2 1  0 0  0
    89  0.1231276419313247E-02   5   0 2  2 1  0 0  0
    90  -.9086234446068018E-02   5   1 0  3 1  0 0  0
    91  0.3477389965187194E-01   5   0 1  3 1  0 0  0
    92  0.1335504349351233E-01   5   0 0  4 1  0 0  0
    93  -.4445083826913977E-01   5   3 0  0 2  0 0  0
    94  0.5639799652673657E-02   5   2 1  0 2  0 0  0
    95  -.3699793732884009E-02   5   1 2  0 2  0 0  0
    96  -.6000274984710929E-02   5   0 3  0 2  0 0  0
    97  0.9661096510549081E-03   5   2 0  1 2  0 0  0
    98  -.1325312035500905E-03   5   1 1  1 2  0 0  0
    99  -.5178065085485401E-03   5   0 2  1 2  0 0  0
   100  -.4463660073252806E-01   5   1 0  2 2  0 0  0
   101  0.8257043858105688E-02   5   0 1  2 2  0 0  0
   102  0.8472406099898286E-03   5   0 0  3 2  0 0  0
   103  0.1508387526619600E-02   5   2 0  0 3  0 0  0
   104  0.8013252732273809E-03   5   1 1  0 3  0 0  0
   105  0.2785642644447721E-01   5   0 2  0 3  0 0  0
   106  -.1662298258044027E-02   5   1 0  1 3  0 0  0
   107  0.2775037306511130E-02   5   0 1  1 3  0 0  0
   108  0.1303566371191375E-02   5   0 0  2 3  0 0  0
   109  -.3237415519697566E-02   5   1 0  0 4  0 0  0
   110  -.3000137492355465E-02   5   0 1  0 4  0 0  0
   111  0.1417593823394200E-03   5   0 0  1 4  0 0  0
   112  0.1392821322223861E-01   5   0 0  0 5  0 0  0
   113  -.1525600992647968E-01   5   3 0  0 0  0 2  0
   114  0.9550471399768548E-02   5   2 1  0 0  0 2  0
   115  -.2213457851791114E-02   5   1 2  0 0  0 2  0
   116  -.1451714887551825E-01   5   0 3  0 0  0 2  0
   117  -.1961708460756840E-02   5   2 0  1 0  0 2  0
   118  -.2976094909796026E-03   5   1 1  1 0  0 2  0
   119  -.1810516788496213E-02   5   0 2  1 0  0 2  0
   120  -.1525600992647967E-01   5   1 0  2 0  0 2  0
   121  0.1076895576496627E-01   5   0 1  2 0  0 2  0
   122  -.1961708460756841E-02   5   0 0  3 0  0 2  0
   123  0.2648964062419421E-02   5   2 0  0 1  0 2  0
   124  0.1925995812923194E-02   5   1 1  0 1  0 2  0
   125  0.5403270542258520E-01   5   0 2  0 1  0 2  0
   126  -.1218484365197716E-02   5   1 0  1 1  0 2  0
   127  0.5316578702851003E-02   5   0 1  1 1  0 2  0
   128  0.2351354571439819E-02   5   0 0  2 1  0 2  0
   129  -.7530036554642115E-02   5   1 0  0 2  0 2  0
   130  -.1451714887551825E-01   5   0 1  0 2  0 2  0
   131  0.1154790244269803E-03   5   0 0  1 2  0 2  0
   132  0.5403270542258520E-01   5   0 0  0 3  0 2  0
   133  -.6181058624033067E-03   5   1 0  0 0  0 4  0
   134  -.4654099071056839E-02   5   0 1  0 0  0 4  0
   135  -.1412480218325350E-03   5   0 0  1 0  0 4  0
   136  0.1300506547064930E-01   5   0 0  0 1  0 4  0
   --------------------------------------------------
     I  COEFFICIENT            ORDER EXPONENTS
     1  -.9682969106402349E-01   1   1 0  0 0  0 0  0
     2  -.1605520128933545       1   0 1  0 0  0 0  0
     3  -.7474025520734452E-02   1   0 0  1 0  0 0  0
     4  0.9871347481198522       1   0 0  0 1  0 0  0
     5  -.5302975584693095E-03   2   1 0  0 0  0 1  0
     6  0.1085012351907121       2   0 1  0 0  0 1  0
     7  0.5073507739947391E-02   2   0 0  1 0  0 1  0
     8  0.1750095812505979E-01   2   0 0  0 1  0 1  0
     9  -1.719064319276184       3   3 0  0 0  0 0  0
    10  0.2577091174542334       3   2 1  0 0  0 0  0
    11  0.9343808286592672E-02   3   1 2  0 0  0 0  0
    12  -.7947997432843859E-01   3   0 3  0 0  0 0  0
    13  -.1133713382262414       3   2 0  1 0  0 0  0
    14  0.9516422220590681E-03   3   1 1  1 0  0 0  0
    15  -.1160186530060893E-01   3   0 2  1 0  0 0  0
    16  -1.719064319276184       3   1 0  2 0  0 0  0
    17  0.3282600188332863       3   0 1  2 0  0 0  0
    18  -.1133713382262415       3   0 0  3 0  0 0  0
    19  0.5135844441716984E-01   3   2 0  0 1  0 0  0
    20  0.9570802035171831E-02   3   1 1  0 1  0 0  0
    21  -.1281803246060470E-01   3   0 2  0 1  0 0  0
    22  -.7055090137905277E-01   3   1 0  1 1  0 0  0
    23  0.8610898252738726E-02   3   0 1  1 1  0 0  0
    24  0.5231008663922895E-01   3   0 0  2 1  0 0  0
    25  0.7329100338539456E-03   3   1 0  0 2  0 0  0
    26  -.7947997432843859E-01   3   0 1  0 2  0 0  0
    27  -.2031063265437101E-02   3   0 0  1 2  0 0  0
    28  -.1281803246060470E-01   3   0 0  0 3  0 0  0
    29  0.5807206612861676E-03   3   1 0  0 0  0 2  0
    30  -.8107198970718836E-01   3   0 1  0 0  0 2  0
    31  -.3814123225148057E-02   3   0 0  1 0  0 2  0
    32  -.1914396582689800E-01   3   0 0  0 1  0 2  0
    33  -.6851046935898310E-02   4   3 0  0 0  0 1  0
    34  -.1695121399639410       4   2 1  0 0  0 1  0
    35  -.1248766509310288E-01   4   1 2  0 0  0 1  0
    36  0.1611344443549789       4   0 3  0 0  0 1  0
    37  0.7708179300954422E-01   4   2 0  1 0  0 1  0
    38  -.1315848644007480E-02   4   1 1  1 0  0 1  0
    39  0.2353015964107580E-01   4   0 2  1 0  0 1  0
    40  -.6851046935898309E-02   4   1 0  2 0  0 1  0
    41  -.2167973323127533       4   0 1  2 0  0 1  0
    42  0.7708179300954429E-01   4   0 0  3 0  0 1  0
    43  -.6957454015753223E-01   4   2 0  0 1  0 1  0
    44  -.1930172096545156E-01   4   1 1  0 1  0 1  0
    45  0.3487429034354331E-01   4   0 2  0 1  0 1  0
    46  0.4728519234881232E-01   4   1 0  1 1  0 1  0
    47  -.9227996831513877E-02   4   0 1  1 1  0 1  0
    48  -.7089038880153969E-01   4   0 0  2 1  0 1  0
    49  -.3259668261588995E-02   4   1 0  0 2  0 1  0
    50  0.1611344443549789       4   0 1  0 2  0 1  0
    51  0.4228438675624241E-02   4   0 0  1 2  0 1  0
    52  0.3487429034354331E-01   4   0 0  0 3  0 1  0
    53  -.5982906272600780E-03   4   1 0  0 0  0 3  0
    54  0.6525360102254241E-01   4   0 1  0 0  0 3  0
    55  0.3091549409928632E-02   4   0 0  1 0  0 3  0
    56  0.1969870708222326E-01   4   0 0  0 1  0 3  0
    57  -9.609446281858160       5   5 0  0 0  0 0  0
    58   4.816828513231355       5   4 1  0 0  0 0  0
    59  0.3602632950309756       5   3 2  0 0  0 0  0
    60  0.1376360742988570       5   2 3  0 0  0 0  0
    61  0.9022959645613678E-02   5   1 4  0 0  0 0  0
    62  -.5901776636699575E-01   5   0 5  0 0  0 0  0
    63  -.1705761464088800       5   4 0  1 0  0 0  0
    64  0.3854780699390119E-01   5   3 1  1 0  0 0  0
    65  -.1863284334197181       5   2 2  1 0  0 0  0
    66  -.2780016687784302E-02   5   1 3  1 0  0 0  0
    67  -.1451678554063312E-01   5   0 4  1 0  0 0  0
    68  -19.21889256371632       5   3 0  2 0  0 0  0
    69   10.46321904252218       5   2 1  2 0  0 0  0
    70  0.3827829653753267       5   1 2  2 0  0 0  0
    71  0.1631467476342209       5   0 3  2 0  0 0  0
    72  -.3411522928177612       5   2 0  3 0  0 0  0
    73  0.3854780699390118E-01   5   1 1  3 0  0 0  0
    74  -.1869326525196303       5   0 2  3 0  0 0  0
    75  -9.609446281858160       5   1 0  4 0  0 0  0
    76   5.646390529290823       5   0 1  4 0  0 0  0
    77  -.1705761464088809       5   0 0  5 0  0 0  0
    78  0.8319788770820213       5   4 0  0 1  0 0  0
    79  0.1908670061844713       5   3 1  0 1  0 0  0
    80  0.5701865533832403E-01   5   2 2  0 1  0 0  0
    81  0.1423650999504595E-01   5   1 3  0 1  0 0  0
    82  -.1277129468937123E-01   5   0 4  0 1  0 0  0
    83  -.8295620160594650       5   3 0  1 1  0 0  0
    84  0.3256558811319307       5   2 1  1 1  0 0  0
    85  -.1617823040847130E-01   5   1 2  1 1  0 0  0
    86  0.7020887200212342E-02   5   0 3  1 1  0 0  0
    87   1.702505561157944       5   2 0  2 1  0 0  0
    88  0.1920754443842953       5   1 1  2 1  0 0  0
    89  0.4889343739541857E-01   5   0 2  2 1  0 0  0
    90  -.8295620160594648       5   1 0  3 1  0 0  0
    91  0.3706952218206329       5   0 1  3 1  0 0  0
    92  0.8705266840759232       5   0 0  4 1  0 0  0
    93  0.1208774355469377E-01   5   3 0  0 2  0 0  0
    94  0.1283036313719644       5   2 1  0 2  0 0  0
    95  0.1102503209101508E-01   5   1 2  0 2  0 0  0
    96  -.1180355327339915       5   0 3  0 2  0 0  0
    97  0.3934353664841137E-02   5   2 0  1 2  0 0  0
    98  0.7910385822458458E-02   5   1 1  1 2  0 0  0
    99  -.1479706108622031E-01   5   0 2  1 2  0 0  0
   100  -.1043192678965739E-01   5   1 0  2 2  0 0  0
   101  0.1724791905611134       5   0 1  2 2  0 0  0
   102  0.4538572764753042E-02   5   0 0  3 2  0 0  0
   103  0.5167345408320267E-01   5   2 0  0 3  0 0  0
   104  0.1423650999504596E-01   5   1 1  0 3  0 0  0
   105  -.2554258937874225E-01   5   0 2  0 3  0 0  0
   106  -.3484311626225637E-01   5   1 0  1 3  0 0  0
   107  0.7020887200212278E-02   5   0 1  1 3  0 0  0
   108  0.5423863865053979E-01   5   0 0  2 3  0 0  0
   109  0.2002072445401504E-02   5   1 0  0 4  0 0  0
   110  -.5901776636699576E-01   5   0 1  0 4  0 0  0
   111  -.2802755455871998E-03   5   0 0  1 4  0 0  0
   112  -.1277129468937117E-01   5   0 0  0 5  0 0  0
   113  0.7509840449968940E-02   5   3 0  0 0  0 2  0
   114  0.1218933077356672       5   2 1  0 0  0 2  0
   115  0.1336568368796596E-01   5   1 2  0 0  0 2  0
   116  -.2292817124645997       5   0 3  0 0  0 2  0
   117  -.5807402242466076E-01   5   2 0  1 0  0 2  0
   118  0.1468439175211873E-02   5   1 1  1 0  0 2  0
   119  -.3349739860422513E-01   5   0 2  1 0  0 2  0
   120  0.7509840449968931E-02   5   1 0  2 0  0 2  0
   121  0.1568207374885863       5   0 1  2 0  0 2  0
   122  -.5807402242466082E-01   5   0 0  3 0  0 2  0
   123  0.7571164162273905E-01   5   2 0  0 1  0 2  0
   124  0.2729111455089453E-01   5   1 1  0 1  0 2  0
   125  -.6187020955632584E-01   5   0 2  0 1  0 2  0
   126  -.3492742975291901E-01   5   1 0  1 1  0 2  0
   127  0.6725963820514567E-02   5   0 1  1 1  0 2  0
   128  0.7718008079795088E-01   5   0 0  2 1  0 2  0
   129  0.6639719867451389E-02   5   1 0  0 2  0 2  0
   130  -.2292817124645997       5   0 1  0 2  0 2  0
   131  -.6206284053330601E-02   5   0 0  1 2  0 2  0
   132  -.6187020955632584E-01   5   0 0  0 3  0 2  0
   133  0.6039199286324816E-03   5   1 0  0 0  0 4  0
   134  -.5526020729951250E-01   5   0 1  0 0  0 4  0
   135  -.2637634467484915E-02   5   0 0  1 0  0 4  0
   136  -.1985774713643640E-01   5   0 0  0 1  0 4  0
   --------------------------------------------------
     I  COEFFICIENT            ORDER EXPONENTS
     1  1.0000000000000000       1   0 0  0 0  1 0  0
     2  0.3845463487677048E-02   1   0 0  0 0  0 1  0
     3  -.3788724812629127E-04   2   2 0  0 0  0 0  0
     4  -.6691168372531321E-04   2   1 1  0 0  0 0  0
     5  -.1292881464469674E-01   2   0 2  0 0  0 0  0
     6  -.1193481480312075E-02   2   0 1  1 0  0 0  0
     7  -.3788724812629127E-04   2   0 0  2 0  0 0  0
     8  0.1193481480312075E-02   2   1 0  0 1  0 0  0
     9  -.6691168372531321E-04   2   0 0  1 1  0 0  0
    10  -.1292881464469674E-01   2   0 0  0 2  0 0  0
    11  -.3931661018608455E-02   2   0 0  0 0  0 2  0
    12  0.5721737662842812E-04   3   2 0  0 0  0 1  0
    13  0.1466550850031745E-03   3   1 1  0 0  0 1  0
    14  0.1954854831023002E-01   3   0 2  0 0  0 1  0
    15  0.1800807758053288E-02   3   0 1  1 0  0 1  0
    16  0.5721737662842812E-04   3   0 0  2 0  0 1  0
    17  -.1800807758053288E-02   3   1 0  0 1  0 1  0
    18  0.1466550850031745E-03   3   0 0  1 1  0 1  0
    19  0.1954854831023002E-01   3   0 0  0 2  0 1  0
    20  0.3768058509294893E-02   3   0 0  0 0  0 3  0
    21  -.1303831819576681E-02   4   4 0  0 0  0 0  0
    22  -.1060911880727907E-02   4   3 1  0 0  0 0  0
    23  -.1128651790739048E-03   4   2 2  0 0  0 0  0
    24  -.1348065975078039E-03   4   1 3  0 0  0 0  0
    25  -.9697765627625329E-02   4   0 4  0 0  0 0  0
    26  -.2030473978307382E-01   4   2 1  1 0  0 0  0
    27  -.5763663178210202E-03   4   1 2  1 0  0 0  0
    28  -.1793300087452956E-02   4   0 3  1 0  0 0  0
    29  -.2607663639153361E-02   4   2 0  2 0  0 0  0
    30  -.1060911880727909E-02   4   1 1  2 0  0 0  0
    31  -.1576104268827744E-03   4   0 2  2 0  0 0  0
    32  -.2030473978307383E-01   4   0 1  3 0  0 0  0
    33  -.1303831819576682E-02   4   0 0  4 0  0 0  0
    34  0.2030473978307383E-01   4   3 0  0 1  0 0  0
    35  0.5763663178210117E-03   4   2 1  0 1  0 0  0
    36  0.1793300087452956E-02   4   1 2  0 1  0 0  0
    37  -.1060911880727907E-02   4   2 0  1 1  0 0  0
    38  0.8949049561773836E-04   4   1 1  1 1  0 0  0
    39  -.1348065975078039E-03   4   0 2  1 1  0 0  0
    40  0.2030473978307383E-01   4   1 0  2 1  0 0  0
    41  -.5763663178210124E-03   4   0 1  2 1  0 0  0
    42  -.1060911880727908E-02   4   0 0  3 1  0 0  0
    43  -.1576104268827743E-03   4   2 0  0 2  0 0  0
    44  -.1348065975078039E-03   4   1 1  0 2  0 0  0
    45  -.1939553125525066E-01   4   0 2  0 2  0 0  0
    46  0.5763663178210197E-03   4   1 0  1 2  0 0  0
    47  -.1793300087452957E-02   4   0 1  1 2  0 0  0
    48  -.1128651790739048E-03   4   0 0  2 2  0 0  0
    49  0.1793300087452956E-02   4   1 0  0 3  0 0  0
    50  -.1348065975078039E-03   4   0 0  1 3  0 0  0
    51  -.9697765627625329E-02   4   0 0  0 4  0 0  0
    52  -.6991732226310065E-04   4   2 0  0 0  0 2  0
    53  -.2268251538688607E-03   4   1 1  0 0  0 2  0
    54  -.2392001368029275E-01   4   0 2  0 0  0 2  0
    55  -.2198312402900545E-02   4   0 1  1 0  0 2  0
    56  -.6991732226310065E-04   4   0 0  2 0  0 2  0
    57  0.2198312402900545E-02   4   1 0  0 1  0 2  0
    58  -.2268251538688607E-03   4   0 0  1 1  0 2  0
    59  -.2392001368029275E-01   4   0 0  0 2  0 2  0
    60  -.3542567864577317E-02   4   0 0  0 0  0 4  0
    61  0.1969527056428423E-02   5   4 0  0 0  0 1  0
    62  0.2326461298867758E-02   5   3 1  0 0  0 1  0
    63  0.3248644736914320E-03   5   2 2  0 0  0 1  0
    64  0.4791311779963458E-03   5   1 3  0 0  0 1  0
    65  0.2788492196451208E-01   5   0 4  0 0  0 1  0
    66  0.3066053388325117E-01   5   2 1  1 0  0 1  0
    67  0.1279034222665484E-02   5   1 2  1 0  0 1  0
    68  0.5147034591223580E-02   5   0 3  1 0  0 1  0
    69  0.3939054112856846E-02   5   2 0  2 0  0 1  0
    70  0.2326461298867760E-02   5   1 1  2 0  0 1  0
    71  0.4521300448216576E-03   5   0 2  2 0  0 1  0
    72  0.3066053388325120E-01   5   0 1  3 0  0 1  0
    73  0.1969527056428424E-02   5   0 0  4 0  0 1  0
    74  -.3066053388325120E-01   5   3 0  0 1  0 1  0
    75  -.1279034222665479E-02   5   2 1  0 1  0 1  0
    76  -.5147034591223580E-02   5   1 2  0 1  0 1  0
    77  0.2326461298867756E-02   5   2 0  1 1  0 1  0
    78  -.2545311422604515E-03   5   1 1  1 1  0 1  0
    79  0.4791311779963456E-03   5   0 2  1 1  0 1  0
    80  -.3066053388325119E-01   5   1 0  2 1  0 1  0
    81  0.1279034222665482E-02   5   0 1  2 1  0 1  0
    82  0.2326461298867760E-02   5   0 0  3 1  0 1  0
    83  0.4521300448216569E-03   5   2 0  0 2  0 1  0
    84  0.4791311779963456E-03   5   1 1  0 2  0 1  0
    85  0.5576984392902417E-01   5   0 2  0 2  0 1  0
    86  -.1279034222665483E-02   5   1 0  1 2  0 1  0
    87  0.5147034591223580E-02   5   0 1  1 2  0 1  0
    88  0.3248644736914318E-03   5   0 0  2 2  0 1  0
    89  -.5147034591223580E-02   5   1 0  0 3  0 1  0
    90  0.4791311779963458E-03   5   0 0  1 3  0 1  0
    91  0.2788492196451208E-01   5   0 0  0 4  0 1  0
    92  0.7995607945021453E-04   5   2 0  0 0  0 3  0
    93  0.3055471024939136E-03   5   1 1  0 0  0 3  0
    94  0.2739323525156032E-01   5   0 2  0 0  0 3  0
    95  0.2511319766604865E-02   5   0 1  1 0  0 3  0
    96  0.7995607945021453E-04   5   0 0  2 0  0 3  0
    97  -.2511319766604865E-02   5   1 0  0 1  0 3  0
    98  0.3055471024939136E-03   5   0 0  1 1  0 3  0
    99  0.2739323525156032E-01   5   0 0  0 2  0 3  0
   100  0.3319893953354093E-02   5   0 0  0 0  0 5  0
   --------------------------------------------------
     I  COEFFICIENT            ORDER EXPONENTS
     1  1.0000000000000000       1   0 0  0 0  0 1  0
     ------------------------------------------------
     ALL COMPONENTS ZERO 
     ------------------- 
     ALL COMPONENTS ZERO 
     ------------------- 
