 L    0.3793416666666660E-01
 P (  0.0000000000000000E+00,  0.0000000000000000E+00,  0.0000000000000000E+00)
 A (  0.0000000000000000E+00,  0.0000000000000000E+00,  0.0000000000000000E+00)
     I  COEFFICIENT            ORDER EXPONENTS
     1  0.9999618968931009       1   1 0  0 0  0 0  0
     2  0.7547337459461780E-01   1   0 1  0 0  0 0  0
     3  0.7804816231756813E-02   1   0 0  1 0  0 0  0
     4  0.6796354345216535E-02   1   0 0  0 1  0 0  0
     5  0.5183582247184570E-04   2   1 0  0 0  0 1  0
     6  -.5090584621505002E-01   2   0 1  0 0  0 1  0
     7  -.5292483863213034E-02   2   0 0  1 0  0 1  0
     8  -.9241025399104884E-02   2   0 0  0 1  0 1  0
     9  -.8604322972175623E-03   3   3 0  0 0  0 0  0
    10  -.6341858798270582E-03   3   2 1  0 0  0 0  0
    11  0.5966287251429881E-03   3   1 2  0 0  0 0  0
    12  0.3734823541376649E-01   3   0 3  0 0  0 0  0
    13  0.1877886825538672       3   2 0  1 0  0 0  0
    14  0.9435673769555104E-02   3   1 1  1 0  0 0  0
    15  0.1178489624364757E-01   3   0 2  1 0  0 0  0
    16  -.8604322972175398E-03   3   1 0  2 0  0 0  0
    17  -.5963114071990764E-03   3   0 1  2 0  0 0  0
    18  0.1877886825538672       3   0 0  3 0  0 0  0
    19  0.1477079806765124E-01   3   2 0  0 1  0 0  0
    20  -.7327721388566390E-02   3   1 1  0 1  0 0  0
    21  0.6778643713956053E-02   3   0 2  0 1  0 0  0
    22  -.3787447262797906E-04   3   1 0  1 1  0 0  0
    23  0.1367337576521748E-02   3   0 1  1 1  0 0  0
    24  0.2420647183720634E-01   3   0 0  2 1  0 0  0
    25  -.7707088513787591E-03   3   1 0  0 2  0 0  0
    26  0.3734823541376647E-01   3   0 1  0 2  0 0  0
    27  0.4457174855081182E-02   3   0 0  1 2  0 0  0
    28  0.6778643713956048E-02   3   0 0  0 3  0 0  0
    29  -.5670646694950923E-04   3   1 0  0 0  0 2  0
    30  0.3793492472840593E-01   3   0 1  0 0  0 2  0
    31  0.3973038043950888E-02   3   0 0  1 0  0 2  0
    32  0.1010279606615051E-01   3   0 0  0 1  0 2  0
    33  0.1164830345323270E-02   4   3 0  0 0  0 1  0
    34  0.1291639240463538E-02   4   2 1  0 0  0 1  0
    35  -.1619929253415192E-02   4   1 2  0 0  0 1  0
    36  -.7557409779916684E-01   4   0 3  0 0  0 1  0
    37  -.1273157586968729       4   2 0  1 0  0 1  0
    38  -.1291457402674630E-01   4   1 1  1 0  0 1  0
    39  -.2392052196742349E-01   4   0 2  1 0  0 1  0
    40  0.1164830345323248E-02   4   1 0  2 0  0 1  0
    41  0.1229728407696458E-02   4   0 1  2 0  0 1  0
    42  -.1273157586968729       4   0 0  3 0  0 1  0
    43  -.2002528939864117E-01   4   2 0  0 1  0 1  0
    44  0.1479299005923969E-01   4   1 1  0 1  0 1  0
    45  -.1843431315675801E-01   4   0 2  0 1  0 1  0
    46  0.6191083276707539E-04   4   1 0  1 1  0 1  0
    47  -.3713429439241522E-02   4   0 1  1 1  0 1  0
    48  -.3293986342538745E-01   4   0 0  2 1  0 1  0
    49  0.2093500185826335E-02   4   1 0  0 2  0 1  0
    50  -.7557409779916681E-01   4   0 1  0 2  0 1  0
    51  -.9127531908183797E-02   4   0 0  1 2  0 1  0
    52  -.1843431315675801E-01   4   0 0  0 3  0 1  0
    53  0.5835460468327897E-04   4   1 0  0 0  0 3  0
    54  -.3043850511983897E-01   4   0 1  0 0  0 3  0
    55  -.3215075829669341E-02   4   0 0  1 0  0 3  0
    56  -.1038882468486357E-01   4   0 0  0 1  0 3  0
    57  -.1213450416380147E-01   5   5 0  0 0  0 0  0
    58  0.2286288496461064E-01   5   4 1  0 0  0 0  0
    59  0.1838612521852540E-01   5   3 2  0 0  0 0  0
    60  0.3622807459092337E-03   5   2 3  0 0  0 0  0
    61  0.1255513284079203E-02   5   1 4  0 0  0 0  0
    62  0.2772637843043725E-01   5   0 5  0 0  0 0  0
    63   1.610859341706906       5   4 0  1 0  0 0  0
    64  0.1674082245394561       5   3 1  1 0  0 0  0
    65  0.2886620469139698       5   2 2  1 0  0 0  0
    66  0.1922963097835885E-01   5   1 3  1 0  0 0  0
    67  0.1483192984018602E-01   5   0 4  1 0  0 0  0
    68  -.2426900832760320E-01   5   3 0  2 0  0 0  0
    69  0.7727504638130632E-01   5   2 1  2 0  0 0  0
    70  0.2029993943900368E-01   5   1 2  2 0  0 0  0
    71  0.2214595230279037E-03   5   0 3  2 0  0 0  0
    72   3.221718683413811       5   2 0  3 0  0 0  0
    73  0.1674082245394564       5   1 1  3 0  0 0  0
    74  0.2820716513080097       5   0 2  3 0  0 0  0
    75  -.1213450416380117E-01   5   1 0  4 0  0 0  0
    76  0.5441216141669573E-01   5   0 1  4 0  0 0  0
    77   1.610859341706905       5   0 0  5 0  0 0  0
    78  0.8103417316036980E-01   5   4 0  0 1  0 0  0
    79  -.1783859062543081       5   3 1  0 1  0 0  0
    80  0.5409011971773784E-02   5   2 2  0 1  0 0  0
    81  -.1102896747206769E-01   5   1 3  0 1  0 0  0
    82  0.6761296436911241E-02   5   0 4  0 1  0 0  0
    83  -.3154927645208510E-01   5   3 0  1 1  0 0  0
    84  0.3653444501788020E-01   5   2 1  1 1  0 0  0
    85  0.8434000626485939E-03   5   1 2  1 1  0 0  0
    86  0.2755994609084964E-02   5   0 3  1 1  0 0  0
    87  0.3294765708601960       5   2 0  2 1  0 0  0
    88  -.1652051150423874       5   1 1  2 1  0 0  0
    89  0.3402571462352525E-01   5   0 2  2 1  0 0  0
    90  -.3154927645208505E-01   5   1 0  3 1  0 0  0
    91  0.4036207345883670E-01   5   0 1  3 1  0 0  0
    92  0.2484423976998261       5   0 0  4 1  0 0  0
    93  -.2006213401983301E-01   5   3 0  0 2  0 0  0
    94  -.3402980938580122E-03   5   2 1  0 2  0 0  0
    95  -.2449680409265426E-03   5   1 2  0 2  0 0  0
    96  0.5545275686087447E-01   5   0 3  0 2  0 0  0
    97  0.1036857450537016       5   2 0  1 2  0 0  0
    98  0.4554876315737697E-03   5   1 1  1 2  0 0  0
    99  0.1863489220830437E-01   5   0 2  1 2  0 0  0
   100  -.2197594824031123E-01   5   1 0  2 2  0 0  0
   101  0.9240383627951695E-03   5   0 1  2 2  0 0  0
   102  0.1102761406596620       5   0 0  3 2  0 0  0
   103  0.1479608364516636E-01   5   2 0  0 3  0 0  0
   104  -.1102896747206769E-01   5   1 1  0 3  0 0  0
   105  0.1352259287382247E-01   5   0 2  0 3  0 0  0
   106  -.5617576168859195E-03   5   1 0  1 3  0 0  0
   107  0.2755994609084963E-02   5   0 1  1 3  0 0  0
   108  0.2463864295013266E-01   5   0 0  2 3  0 0  0
   109  -.1500481325005755E-02   5   1 0  0 4  0 0  0
   110  0.2772637843043722E-01   5   0 1  0 4  0 0  0
   111  0.3802962368118334E-02   5   0 0  1 4  0 0  0
   112  0.6761296436911238E-02   5   0 0  0 5  0 0  0
   113  -.1266526261945131E-02   5   3 0  0 0  0 2  0
   114  -.1848075968541613E-02   5   2 1  0 0  0 2  0
   115  0.2867101545840064E-02   5   1 2  0 0  0 2  0
   116  0.1072891428216773       5   0 3  0 0  0 2  0
   117  0.9554913158092705E-01   5   2 0  1 0  0 2  0
   118  0.1423308259075419E-01   5   1 1  1 0  0 2  0
   119  0.3408587106384824E-01   5   0 2  1 0  0 2  0
   120  -.1266526261945105E-02   5   1 0  2 0  0 2  0
   121  -.1785418731702929E-02   5   0 1  2 0  0 2  0
   122  0.9554913158092711E-01   5   0 0  3 0  0 2  0
   123  0.2181313871979424E-01   5   2 0  0 1  0 2  0
   124  -.2094194024293541E-01   5   1 1  0 1  0 2  0
   125  0.3268681724723033E-01   5   0 2  0 1  0 2  0
   126  -.6265723683868140E-04   5   1 0  1 1  0 2  0
   127  0.6574255173152571E-02   5   0 1  1 1  0 2  0
   128  0.3604622131054840E-01   5   0 0  2 1  0 2  0
   129  -.3707153627312511E-02   5   1 0  0 2  0 2  0
   130  0.1072891428216774       5   0 1  0 2  0 2  0
   131  0.1314393082091284E-01   5   0 0  1 2  0 2  0
   132  0.3268681724723035E-01   5   0 0  0 3  0 2  0
   133  -.5883104828752846E-04   5   1 0  0 0  0 4  0
   134  0.2569146766581774E-01   5   0 1  0 0  0 4  0
   135  0.2738282789522570E-02   5   0 0  1 0  0 4  0
   136  0.1046546953308001E-01   5   0 0  0 1  0 4  0
   --------------------------------------------------
     I  COEFFICIENT            ORDER EXPONENTS
     1  0.1667165348366818E-01   1   1 0  0 0  0 0  0
     2  0.9999618968931009       1   0 1  0 0  0 0  0
     3  0.2053138779954406       1   0 0  1 0  0 0  0
     4  0.7804816231756800E-02   1   0 0  0 1  0 0  0
     5  -.1130788800134775E-01   2   1 0  0 0  0 1  0
     6  0.5183582247184765E-04   2   0 1  0 0  0 1  0
     7  0.1309561398189931E-02   2   0 0  1 0  0 1  0
     8  -.5292483863213029E-02   2   0 0  0 1  0 1  0
     9  0.4235133340231411       3   3 0  0 0  0 0  0
    10  0.3352371329566572E-01   3   2 1  0 0  0 0  0
    11  0.8814919165096420E-02   3   1 2  0 0  0 0  0
    12  -.5185215878117947E-04   3   0 3  0 0  0 0  0
    13   4.936107428191538       3   2 0  1 0  0 0  0
    14  0.3730015377305841       3   1 1  1 0  0 0  0
    15  0.8656401367456625E-02   3   0 2  1 0  0 0  0
    16  0.4235133340231416       3   1 0  2 0  0 0  0
    17  -.3276945503436524E-01   3   0 1  2 0  0 0  0
    18   4.936107428191540       3   0 0  3 0  0 0  0
    19  0.1855332563702695       3   2 0  0 1  0 0  0
    20  -.3228096624822208E-02   3   1 1  0 1  0 0  0
    21  0.3641896412968868E-02   3   0 2  0 1  0 0  0
    22  0.6629316833003107E-01   3   1 0  1 1  0 0  0
    23  -.1615900288776945E-01   3   0 1  1 1  0 0  0
    24  0.5585347941008537       3   0 0  2 1  0 0  0
    25  0.2497392205286590E-01   3   1 0  0 2  0 0  0
    26  -.5185215878116683E-04   3   0 1  0 2  0 0  0
    27  0.5428304742634425E-02   3   0 0  1 2  0 0  0
    28  0.3641896412968859E-02   3   0 0  0 3  0 0  0
    29  0.8491597813185425E-02   3   1 0  0 0  0 2  0
    30  -.5670646694949828E-04   3   0 1  0 0  0 2  0
    31  -.1433636828182764E-02   3   0 0  1 0  0 2  0
    32  0.3973038043950883E-02   3   0 0  0 1  0 2  0
    33  -.2873345423536803       4   3 0  0 0  0 1  0
    34  -.4581994917788572E-01   4   2 1  0 0  0 1  0
    35  -.1795499346882449E-01   4   1 2  0 0  0 1  0
    36  0.1409969161449542E-03   4   0 3  0 0  0 1  0
    37  0.3743590647454500E-01   4   2 0  1 0  0 1  0
    38  -.2493063441674800       4   1 1  1 0  0 1  0
    39  -.1053485894011731E-01   4   0 2  1 0  0 1  0
    40  -.2873345423536805       4   1 0  2 0  0 1  0
    41  0.4474973857334642E-01   4   0 1  2 0  0 1  0
    42  0.3743590647454494E-01   4   0 0  3 0  0 1  0
    43  -.1227468240370479       4   2 0  0 1  0 1  0
    44  0.7245810892949663E-02   4   1 1  0 1  0 1  0
    45  -.7379968594627979E-02   4   0 2  0 1  0 1  0
    46  -.9056968775123218E-01   4   1 0  1 1  0 1  0
    47  0.3285391042402855E-01   4   0 1  1 1  0 1  0
    48  -.3720531682045279       4   0 0  2 1  0 1  0
    49  -.5080890389285302E-01   4   1 0  0 2  0 1  0
    50  0.1409969161449819E-03   4   0 1  0 2  0 1  0
    51  -.3289048047167646E-02   4   0 0  1 2  0 1  0
    52  -.7379968594627878E-02   4   0 0  0 3  0 1  0
    53  -.6874225604201039E-02   4   1 0  0 0  0 3  0
    54  0.5835460468327398E-04   4   0 1  0 0  0 3  0
    55  0.1476496907914282E-02   4   0 0  1 0  0 3  0
    56  -.3215075829669317E-02   4   0 0  0 1  0 3  0
    57   3.886882770509609       5   5 0  0 0  0 0  0
    58  0.6583922582719468       5   4 1  0 0  0 0  0
    59  0.2529316105251777       5   3 2  0 0  0 0  0
    60  0.3430906925087264E-01   5   2 3  0 0  0 0  0
    61  0.6950610546654609E-02   5   1 4  0 0  0 0  0
    62  -.6642791306112048E-04   5   0 5  0 0  0 0  0
    63   42.18225398355718       5   4 0  1 0  0 0  0
    64   6.473765174782558       5   3 1  1 0  0 0  0
    65  0.4704741514744012       5   2 2  1 0  0 0  0
    66  0.2016778618847434       5   1 3  1 0  0 0  0
    67  0.8964518174533977E-02   5   0 4  1 0  0 0  0
    68   7.773765541019211       5   3 0  2 0  0 0  0
    69  0.6345227449735190E-01   5   2 1  2 0  0 0  0
    70  0.1881913393171610       5   1 2  2 0  0 0  0
    71  -.3337263486256337E-01   5   0 3  2 0  0 0  0
    72   84.36450796711432       5   2 0  3 0  0 0  0
    73   6.473765174782550       5   1 1  3 0  0 0  0
    74  0.1378155623465569       5   0 2  3 0  0 0  0
    75   3.886882770509616       5   1 0  4 0  0 0  0
    76  -.5949399837745947       5   0 1  4 0  0 0  0
    77   42.18225398355718       5   0 0  5 0  0 0  0
    78   1.408619397508542       5   4 0  0 1  0 0  0
    79  0.8553119155659179E-01   5   3 1  0 1  0 0  0
    80  0.9381458383605475E-01   5   2 2  0 1  0 0  0
    81  -.5066868460761219E-02   5   1 3  0 1  0 0  0
    82  0.2523651492062534E-02   5   0 4  0 1  0 0  0
    83   1.253332242046541       5   3 0  1 1  0 0  0
    84  -.3360094179146332       5   2 1  1 1  0 0  0
    85  0.3141836539419213E-01   5   1 2  1 1  0 0  0
    86  -.2501185815224755E-01   5   0 3  1 1  0 0  0
    87   9.291003969799634       5   2 0  2 1  0 0  0
    88  0.7508483698122814       5   1 1  2 1  0 0  0
    89  0.2917528732815240       5   0 2  2 1  0 0  0
    90   1.253332242046543       5   1 0  3 1  0 0  0
    91  -.4654899603306674       5   0 1  3 1  0 0  0
    92   7.882384572291097       5   0 0  4 1  0 0  0
    93  0.6536812996478288       5   3 0  0 2  0 0  0
    94  0.7057240797011655E-01   5   2 1  0 2  0 0  0
    95  0.3891307924555711E-01   5   1 2  0 2  0 0  0
    96  -.1328558261222213E-03   5   0 3  0 2  0 0  0
    97  0.2233467539031490       5   2 0  1 2  0 0  0
    98  0.2091570067632922       5   1 1  1 2  0 0  0
    99  0.1286216788830745E-01   5   0 2  1 2  0 0  0
   100  0.7184215708558461       5   1 0  2 2  0 0  0
   101  -.6963597358180708E-01   5   0 1  2 2  0 0  0
   102  0.5560053430309932       5   0 0  3 2  0 0  0
   103  0.9007501139678062E-01   5   2 0  0 3  0 0  0
   104  -.5066868460761386E-02   5   1 1  0 3  0 0  0
   105  0.5047302984125077E-02   5   0 2  0 3  0 0  0
   106  0.1039450428326799       5   1 0  1 3  0 0  0
   107  -.2501185815224753E-01   5   0 1  1 3  0 0  0
   108  0.2954924457207984       5   0 0  2 3  0 0  0
   109  0.3196246869890233E-01   5   1 0  0 4  0 0  0
   110  -.6642791306112061E-04   5   0 1  0 4  0 0  0
   111  0.3897649713772958E-02   5   0 0  1 4  0 0  0
   112  0.2523651492062517E-02   5   0 0  0 5  0 0  0
   113  0.2158491534661788       5   3 0  0 0  0 2  0
   114  0.5041337037623778E-01   5   2 1  0 0  0 2  0
   115  0.2569252883596765E-01   5   1 2  0 0  0 2  0
   116  -.2499816276546329E-03   5   0 3  0 0  0 2  0
   117  -.4101474518017979E-01   5   2 0  1 0  0 2  0
   118  0.1833445422261714       5   1 1  1 0  0 2  0
   119  0.9832538931923875E-02   5   0 2  1 0  0 2  0
   120  0.2158491534661789       5   1 0  2 0  0 2  0
   121  -.4918265376390765E-01   5   0 1  2 0  0 2  0
   122  -.4101474518017971E-01   5   0 0  3 0  0 2  0
   123  0.8905393024962061E-01   5   2 0  0 1  0 2  0
   124  -.1181268159890804E-01   5   1 1  0 1  0 2  0
   125  0.1049516007172485E-01   5   0 2  0 1  0 2  0
   126  0.9959602414014540E-01   5   1 0  1 1  0 2  0
   127  -.4690948628933565E-01   5   0 1  1 1  0 2  0
   128  0.2723984724757921       5   0 0  2 1  0 2  0
   129  0.7260201512530333E-01   5   1 0  0 2  0 2  0
   130  -.2499816276547127E-03   5   0 1  0 2  0 2  0
   131  -.1980142666984141E-02   5   0 0  1 2  0 2  0
   132  0.1049516007172473E-01   5   0 0  0 3  0 2  0
   133  0.5857145099621809E-02   5   1 0  0 0  0 4  0
   134  -.5883104828754461E-04   5   0 1  0 0  0 4  0
   135  -.1489835413554062E-02   5   0 0  1 0  0 4  0
   136  0.2738282789522553E-02   5   0 0  0 1  0 4  0
   --------------------------------------------------
     I  COEFFICIENT            ORDER EXPONENTS
     1  -.7804816231756814E-02   1   1 0  0 0  0 0  0
     2  -.6796354345216535E-02   1   0 1  0 0  0 0  0
     3  0.9999618968931009       1   0 0  1 0  0 0  0
     4  0.7547337459461778E-01   1   0 0  0 1  0 0  0
     5  0.5292483863213035E-02   2   1 0  0 0  0 1  0
     6  0.9241025399104881E-02   2   0 1  0 0  0 1  0
     7  0.5183582247184586E-04   2   0 0  1 0  0 1  0
     8  -.5090584621505002E-01   2   0 0  0 1  0 1  0
     9  -.1877886825538672       3   3 0  0 0  0 0  0
    10  -.2420647183720634E-01   3   2 1  0 0  0 0  0
    11  -.4457174855081182E-02   3   1 2  0 0  0 0  0
    12  -.6778643713956048E-02   3   0 3  0 0  0 0  0
    13  -.8604322972175539E-03   3   2 0  1 0  0 0  0
    14  -.3787447262797893E-04   3   1 1  1 0  0 0  0
    15  -.7707088513787595E-03   3   0 2  1 0  0 0  0
    16  -.1877886825538672       3   1 0  2 0  0 0  0
    17  -.1477079806765125E-01   3   0 1  2 0  0 0  0
    18  -.8604322972175608E-03   3   0 0  3 0  0 0  0
    19  -.5963114071990752E-03   3   2 0  0 1  0 0  0
    20  0.1367337576521748E-02   3   1 1  0 1  0 0  0
    21  0.3734823541376648E-01   3   0 2  0 1  0 0  0
    22  -.9435673769555113E-02   3   1 0  1 1  0 0  0
    23  0.7327721388566387E-02   3   0 1  1 1  0 0  0
    24  -.6341858798270586E-03   3   0 0  2 1  0 0  0
    25  -.1178489624364757E-01   3   1 0  0 2  0 0  0
    26  -.6778643713956050E-02   3   0 1  0 2  0 0  0
    27  0.5966287251429878E-03   3   0 0  1 2  0 0  0
    28  0.3734823541376649E-01   3   0 0  0 3  0 0  0
    29  -.3973038043950889E-02   3   1 0  0 0  0 2  0
    30  -.1010279606615051E-01   3   0 1  0 0  0 2  0
    31  -.5670646694950929E-04   3   0 0  1 0  0 2  0
    32  0.3793492472840593E-01   3   0 0  0 1  0 2  0
    33  0.1273157586968729       4   3 0  0 0  0 1  0
    34  0.3293986342538746E-01   4   2 1  0 0  0 1  0
    35  0.9127531908183800E-02   4   1 2  0 0  0 1  0
    36  0.1843431315675801E-01   4   0 3  0 0  0 1  0
    37  0.1164830345323250E-02   4   2 0  1 0  0 1  0
    38  0.6191083276707445E-04   4   1 1  1 0  0 1  0
    39  0.2093500185826336E-02   4   0 2  1 0  0 1  0
    40  0.1273157586968729       4   1 0  2 0  0 1  0
    41  0.2002528939864116E-01   4   0 1  2 0  0 1  0
    42  0.1164830345323264E-02   4   0 0  3 0  0 1  0
    43  0.1229728407696455E-02   4   2 0  0 1  0 1  0
    44  -.3713429439241525E-02   4   1 1  0 1  0 1  0
    45  -.7557409779916682E-01   4   0 2  0 1  0 1  0
    46  0.1291457402674631E-01   4   1 0  1 1  0 1  0
    47  -.1479299005923968E-01   4   0 1  1 1  0 1  0
    48  0.1291639240463535E-02   4   0 0  2 1  0 1  0
    49  0.2392052196742349E-01   4   1 0  0 2  0 1  0
    50  0.1843431315675802E-01   4   0 1  0 2  0 1  0
    51  -.1619929253415191E-02   4   0 0  1 2  0 1  0
    52  -.7557409779916682E-01   4   0 0  0 3  0 1  0
    53  0.3215075829669342E-02   4   1 0  0 0  0 3  0
    54  0.1038882468486357E-01   4   0 1  0 0  0 3  0
    55  0.5835460468327919E-04   4   0 0  1 0  0 3  0
    56  -.3043850511983898E-01   4   0 0  0 1  0 3  0
    57  -1.610859341706906       5   5 0  0 0  0 0  0
    58  -.2484423976998262       5   4 1  0 0  0 0  0
    59  -.1102761406596620       5   3 2  0 0  0 0  0
    60  -.2463864295013266E-01   5   2 3  0 0  0 0  0
    61  -.3802962368118333E-02   5   1 4  0 0  0 0  0
    62  -.6761296436911242E-02   5   0 5  0 0  0 0  0
    63  -.1213450416380154E-01   5   4 0  1 0  0 0  0
    64  -.3154927645208511E-01   5   3 1  1 0  0 0  0
    65  -.2197594824031124E-01   5   2 2  1 0  0 0  0
    66  -.5617576168859204E-03   5   1 3  1 0  0 0  0
    67  -.1500481325005754E-02   5   0 4  1 0  0 0  0
    68  -3.221718683413811       5   3 0  2 0  0 0  0
    69  -.3294765708601959       5   2 1  2 0  0 0  0
    70  -.1036857450537017       5   1 2  2 0  0 0  0
    71  -.1479608364516637E-01   5   0 3  2 0  0 0  0
    72  -.2426900832760277E-01   5   2 0  3 0  0 0  0
    73  -.3154927645208506E-01   5   1 1  3 0  0 0  0
    74  -.2006213401983301E-01   5   0 2  3 0  0 0  0
    75  -1.610859341706906       5   1 0  4 0  0 0  0
    76  -.8103417316036990E-01   5   0 1  4 0  0 0  0
    77  -.1213450416380161E-01   5   0 0  5 0  0 0  0
    78  0.5441216141669571E-01   5   4 0  0 1  0 0  0
    79  0.4036207345883668E-01   5   3 1  0 1  0 0  0
    80  0.9240383627951633E-03   5   2 2  0 1  0 0  0
    81  0.2755994609084962E-02   5   1 3  0 1  0 0  0
    82  0.2772637843043722E-01   5   0 4  0 1  0 0  0
    83  -.1674082245394561       5   3 0  1 1  0 0  0
    84  0.1652051150423875       5   2 1  1 1  0 0  0
    85  -.4554876315737812E-03   5   1 2  1 1  0 0  0
    86  0.1102896747206768E-01   5   0 3  1 1  0 0  0
    87  0.7727504638130643E-01   5   2 0  2 1  0 0  0
    88  0.3653444501788021E-01   5   1 1  2 1  0 0  0
    89  -.3402980938580142E-03   5   0 2  2 1  0 0  0
    90  -.1674082245394565       5   1 0  3 1  0 0  0
    91  0.1783859062543079       5   0 1  3 1  0 0  0
    92  0.2286288496461060E-01   5   0 0  4 1  0 0  0
    93  -.2820716513080098       5   3 0  0 2  0 0  0
    94  -.3402571462352526E-01   5   2 1  0 2  0 0  0
    95  -.1863489220830438E-01   5   1 2  0 2  0 0  0
    96  -.1352259287382248E-01   5   0 3  0 2  0 0  0
    97  0.2029993943900367E-01   5   2 0  1 2  0 0  0
    98  0.8434000626485978E-03   5   1 1  1 2  0 0  0
    99  -.2449680409265446E-03   5   0 2  1 2  0 0  0
   100  -.2886620469139701       5   1 0  2 2  0 0  0
   101  -.5409011971773806E-02   5   0 1  2 2  0 0  0
   102  0.1838612521852540E-01   5   0 0  3 2  0 0  0
   103  0.2214595230279092E-03   5   2 0  0 3  0 0  0
   104  0.2755994609084962E-02   5   1 1  0 3  0 0  0
   105  0.5545275686087447E-01   5   0 2  0 3  0 0  0
   106  -.1922963097835888E-01   5   1 0  1 3  0 0  0
   107  0.1102896747206769E-01   5   0 1  1 3  0 0  0
   108  0.3622807459092333E-03   5   0 0  2 3  0 0  0
   109  -.1483192984018602E-01   5   1 0  0 4  0 0  0
   110  -.6761296436911232E-02   5   0 1  0 4  0 0  0
   111  0.1255513284079203E-02   5   0 0  1 4  0 0  0
   112  0.2772637843043724E-01   5   0 0  0 5  0 0  0
   113  -.9554913158092715E-01   5   3 0  0 0  0 2  0
   114  -.3604622131054841E-01   5   2 1  0 0  0 2  0
   115  -.1314393082091283E-01   5   1 2  0 0  0 2  0
   116  -.3268681724723033E-01   5   0 3  0 0  0 2  0
   117  -.1266526261945110E-02   5   2 0  1 0  0 2  0
   118  -.6265723683867975E-04   5   1 1  1 0  0 2  0
   119  -.3707153627312510E-02   5   0 2  1 0  0 2  0
   120  -.9554913158092712E-01   5   1 0  2 0  0 2  0
   121  -.2181313871979424E-01   5   0 1  2 0  0 2  0
   122  -.1266526261945119E-02   5   0 0  3 0  0 2  0
   123  -.1785418731702926E-02   5   2 0  0 1  0 2  0
   124  0.6574255173152576E-02   5   1 1  0 1  0 2  0
   125  0.1072891428216774       5   0 2  0 1  0 2  0
   126  -.1423308259075420E-01   5   1 0  1 1  0 2  0
   127  0.2094194024293540E-01   5   0 1  1 1  0 2  0
   128  -.1848075968541611E-02   5   0 0  2 1  0 2  0
   129  -.3408587106384826E-01   5   1 0  0 2  0 2  0
   130  -.3268681724723034E-01   5   0 1  0 2  0 2  0
   131  0.2867101545840063E-02   5   0 0  1 2  0 2  0
   132  0.1072891428216774       5   0 0  0 3  0 2  0
   133  -.2738282789522571E-02   5   1 0  0 0  0 4  0
   134  -.1046546953308001E-01   5   0 1  0 0  0 4  0
   135  -.5883104828752860E-04   5   0 0  1 0  0 4  0
   136  0.2569146766581774E-01   5   0 0  0 1  0 4  0
   --------------------------------------------------
     I  COEFFICIENT            ORDER EXPONENTS
     1  -.2053138779954406       1   1 0  0 0  0 0  0
     2  -.7804816231756828E-02   1   0 1  0 0  0 0  0
     3  0.1667165348366818E-01   1   0 0  1 0  0 0  0
     4  0.9999618968931010       1   0 0  0 1  0 0  0
     5  -.1309561398189932E-02   2   1 0  0 0  0 1  0
     6  0.5292483863213021E-02   2   0 1  0 0  0 1  0
     7  -.1130788800134774E-01   2   0 0  1 0  0 1  0
     8  0.5183582247184765E-04   2   0 0  0 1  0 1  0
     9  -4.936107428191539       3   3 0  0 0  0 0  0
    10  -.5585347941008538       3   2 1  0 0  0 0  0
    11  -.5428304742634414E-02   3   1 2  0 0  0 0  0
    12  -.3641896412968847E-02   3   0 3  0 0  0 0  0
    13  0.4235133340231410       3   2 0  1 0  0 0  0
    14  0.6629316833003104E-01   3   1 1  1 0  0 0  0
    15  0.2497392205286590E-01   3   0 2  1 0  0 0  0
    16  -4.936107428191540       3   1 0  2 0  0 0  0
    17  -.1855332563702697       3   0 1  2 0  0 0  0
    18  0.4235133340231410       3   0 0  3 0  0 0  0
    19  -.3276945503436524E-01   3   2 0  0 1  0 0  0
    20  -.1615900288776947E-01   3   1 1  0 1  0 0  0
    21  -.5185215878116575E-04   3   0 2  0 1  0 0  0
    22  -.3730015377305845       3   1 0  1 1  0 0  0
    23  0.3228096624822195E-02   3   0 1  1 1  0 0  0
    24  0.3352371329566572E-01   3   0 0  2 1  0 0  0
    25  -.8656401367456636E-02   3   1 0  0 2  0 0  0
    26  -.3641896412968844E-02   3   0 1  0 2  0 0  0
    27  0.8814919165096422E-02   3   0 0  1 2  0 0  0
    28  -.5185215878116857E-04   3   0 0  0 3  0 0  0
    29  0.1433636828182765E-02   3   1 0  0 0  0 2  0
    30  -.3973038043950873E-02   3   0 1  0 0  0 2  0
    31  0.8491597813185418E-02   3   0 0  1 0  0 2  0
    32  -.5670646694950349E-04   3   0 0  0 1  0 2  0
    33  -.3743590647454496E-01   4   3 0  0 0  0 1  0
    34  0.3720531682045282       4   2 1  0 0  0 1  0
    35  0.3289048047167641E-02   4   1 2  0 0  0 1  0
    36  0.7379968594627983E-02   4   0 3  0 0  0 1  0
    37  -.2873345423536804       4   2 0  1 0  0 1  0
    38  -.9056968775123217E-01   4   1 1  1 0  0 1  0
    39  -.5080890389285301E-01   4   0 2  1 0  0 1  0
    40  -.3743590647454500E-01   4   1 0  2 0  0 1  0
    41  0.1227468240370481       4   0 1  2 0  0 1  0
    42  -.2873345423536804       4   0 0  3 0  0 1  0
    43  0.4474973857334643E-01   4   2 0  0 1  0 1  0
    44  0.3285391042402855E-01   4   1 1  0 1  0 1  0
    45  0.1409969161450439E-03   4   0 2  0 1  0 1  0
    46  0.2493063441674800       4   1 0  1 1  0 1  0
    47  -.7245810892949628E-02   4   0 1  1 1  0 1  0
    48  -.4581994917788572E-01   4   0 0  2 1  0 1  0
    49  0.1053485894011731E-01   4   1 0  0 2  0 1  0
    50  0.7379968594627981E-02   4   0 1  0 2  0 1  0
    51  -.1795499346882448E-01   4   0 0  1 2  0 1  0
    52  0.1409969161449576E-03   4   0 0  0 3  0 1  0
    53  -.1476496907914281E-02   4   1 0  0 0  0 3  0
    54  0.3215075829669344E-02   4   0 1  0 0  0 3  0
    55  -.6874225604201037E-02   4   0 0  1 0  0 3  0
    56  0.5835460468327572E-04   4   0 0  0 1  0 3  0
    57  -42.18225398355719       5   5 0  0 0  0 0  0
    58  -7.882384572291095       5   4 1  0 0  0 0  0
    59  -.5560053430309931       5   3 2  0 0  0 0  0
    60  -.2954924457207986       5   2 3  0 0  0 0  0
    61  -.3897649713772955E-02   5   1 4  0 0  0 0  0
    62  -.2523651492062554E-02   5   0 5  0 0  0 0  0
    63   3.886882770509605       5   4 0  1 0  0 0  0
    64   1.253332242046541       5   3 1  1 0  0 0  0
    65  0.7184215708558449       5   2 2  1 0  0 0  0
    66  0.1039450428326798       5   1 3  1 0  0 0  0
    67  0.3196246869890230E-01   5   0 4  1 0  0 0  0
    68  -84.36450796711435       5   3 0  2 0  0 0  0
    69  -9.291003969799638       5   2 1  2 0  0 0  0
    70  -.2233467539031490       5   1 2  2 0  0 0  0
    71  -.9007501139678066E-01   5   0 3  2 0  0 0  0
    72   7.773765541019215       5   2 0  3 0  0 0  0
    73   1.253332242046542       5   1 1  3 0  0 0  0
    74  0.6536812996478287       5   0 2  3 0  0 0  0
    75  -42.18225398355720       5   1 0  4 0  0 0  0
    76  -1.408619397508543       5   0 1  4 0  0 0  0
    77   3.886882770509606       5   0 0  5 0  0 0  0
    78  -.5949399837745953       5   4 0  0 1  0 0  0
    79  -.4654899603306677       5   3 1  0 1  0 0  0
    80  -.6963597358180716E-01   5   2 2  0 1  0 0  0
    81  -.2501185815224755E-01   5   1 3  0 1  0 0  0
    82  -.6642791306110119E-04   5   0 4  0 1  0 0  0
    83  -6.473765174782550       5   3 0  1 1  0 0  0
    84  -.7508483698122810       5   2 1  1 1  0 0  0
    85  -.2091570067632923       5   1 2  1 1  0 0  0
    86  0.5066868460761372E-02   5   0 3  1 1  0 0  0
    87  0.6345227449735204E-01   5   2 0  2 1  0 0  0
    88  -.3360094179146333       5   1 1  2 1  0 0  0
    89  0.7057240797011663E-01   5   0 2  2 1  0 0  0
    90  -6.473765174782556       5   1 0  3 1  0 0  0
    91  -.8553119155659178E-01   5   0 1  3 1  0 0  0
    92  0.6583922582719461       5   0 0  4 1  0 0  0
    93  -.1378155623465568       5   3 0  0 2  0 0  0
    94  -.2917528732815240       5   2 1  0 2  0 0  0
    95  -.1286216788830743E-01   5   1 2  0 2  0 0  0
    96  -.5047302984125070E-02   5   0 3  0 2  0 0  0
    97  0.1881913393171609       5   2 0  1 2  0 0  0
    98  0.3141836539419209E-01   5   1 1  1 2  0 0  0
    99  0.3891307924555708E-01   5   0 2  1 2  0 0  0
   100  -.4704741514744011       5   1 0  2 2  0 0  0
   101  -.9381458383605494E-01   5   0 1  2 2  0 0  0
   102  0.2529316105251778       5   0 0  3 2  0 0  0
   103  -.3337263486256337E-01   5   2 0  0 3  0 0  0
   104  -.2501185815224757E-01   5   1 1  0 3  0 0  0
   105  -.1328558261222785E-03   5   0 2  0 3  0 0  0
   106  -.2016778618847434       5   1 0  1 3  0 0  0
   107  0.5066868460761194E-02   5   0 1  1 3  0 0  0
   108  0.3430906925087267E-01   5   0 0  2 3  0 0  0
   109  -.8964518174533982E-02   5   1 0  0 4  0 0  0
   110  -.2523651492062533E-02   5   0 1  0 4  0 0  0
   111  0.6950610546654612E-02   5   0 0  1 4  0 0  0
   112  -.6642791306111541E-04   5   0 0  0 5  0 0  0
   113  0.4101474518017974E-01   5   3 0  0 0  0 2  0
   114  -.2723984724757922       5   2 1  0 0  0 2  0
   115  0.1980142666984127E-02   5   1 2  0 0  0 2  0
   116  -.1049516007172471E-01   5   0 3  0 0  0 2  0
   117  0.2158491534661789       5   2 0  1 0  0 2  0
   118  0.9959602414014540E-01   5   1 1  1 0  0 2  0
   119  0.7260201512530332E-01   5   0 2  1 0  0 2  0
   120  0.4101474518017981E-01   5   1 0  2 0  0 2  0
   121  -.8905393024962069E-01   5   0 1  2 0  0 2  0
   122  0.2158491534661786       5   0 0  3 0  0 2  0
   123  -.4918265376390766E-01   5   2 0  0 1  0 2  0
   124  -.4690948628933569E-01   5   1 1  0 1  0 2  0
   125  -.2499816276546943E-03   5   0 2  0 1  0 2  0
   126  -.1833445422261715       5   1 0  1 1  0 2  0
   127  0.1181268159890798E-01   5   0 1  1 1  0 2  0
   128  0.5041337037623771E-01   5   0 0  2 1  0 2  0
   129  -.9832538931923901E-02   5   1 0  0 2  0 2  0
   130  -.1049516007172472E-01   5   0 1  0 2  0 2  0
   131  0.2569252883596763E-01   5   0 0  1 2  0 2  0
   132  -.2499816276546205E-03   5   0 0  0 3  0 2  0
   133  0.1489835413554062E-02   5   1 0  0 0  0 4  0
   134  -.2738282789522564E-02   5   0 1  0 0  0 4  0
   135  0.5857145099621807E-02   5   0 0  1 0  0 4  0
   136  -.5883104828753247E-04   5   0 0  0 1  0 4  0
   --------------------------------------------------
     I  COEFFICIENT            ORDER EXPONENTS
     1  1.0000000000000000       1   0 0  0 0  1 0  0
     2  0.7690926975354095E-02   1   0 0  0 0  0 1  0
     3  -.3606182679980416E-03   2   2 0  0 0  0 0  0
     4  -.4583723245428061E-03   2   1 1  0 0  0 0  0
     5  -.2586052918681372E-01   2   0 2  0 0  0 0  0
     6  -.5307276868564196E-02   2   0 1  1 0  0 0  0
     7  -.3606182679980413E-03   2   0 0  2 0  0 0  0
     8  0.5307276868564199E-02   2   1 0  0 1  0 0  0
     9  -.4583723245428056E-03   2   0 0  1 1  0 0  0
    10  -.2586052918681372E-01   2   0 0  0 2  0 0  0
    11  -.7863322037216909E-02   2   0 0  0 0  0 2  0
    12  0.5440503673300421E-03   3   2 0  0 0  0 1  0
    13  0.1003860975487561E-02   3   1 1  0 0  0 1  0
    14  0.3910542543562114E-01   3   0 2  0 0  0 1  0
    15  0.7988570050837316E-02   3   0 1  1 0  0 1  0
    16  0.5440503673300417E-03   3   0 0  2 0  0 1  0
    17  -.7988570050837317E-02   3   1 0  0 1  0 1  0
    18  0.1003860975487560E-02   3   0 0  1 1  0 1  0
    19  0.3910542543562114E-01   3   0 0  0 2  0 1  0
    20  0.7536117018589785E-02   3   0 0  0 0  0 3  0
    21  -.1742228310495254E-01   4   4 0  0 0  0 0  0
    22  -.1325174326778584E-01   4   3 1  0 0  0 0  0
    23  -.1435203312919645E-02   4   2 2  0 0  0 0  0
    24  -.9355548472749467E-03   4   1 3  0 0  0 0  0
    25  -.1940281465102499E-01   4   0 4  0 0  0 0  0
    26  -.1276569351125449       4   2 1  1 0  0 0  0
    27  -.6481602039712595E-02   4   1 2  1 0  0 0  0
    28  -.8056308323925846E-02   4   0 3  1 0  0 0  0
    29  -.3484456620990509E-01   4   2 0  2 0  0 0  0
    30  -.1325174326778587E-01   4   1 1  2 0  0 0  0
    31  -.1278096463268045E-02   4   0 2  2 0  0 0  0
    32  -.1276569351125449       4   0 1  3 0  0 0  0
    33  -.1742228310495254E-01   4   0 0  4 0  0 0  0
    34  0.1276569351125449       4   3 0  0 1  0 0  0
    35  0.6481602039712603E-02   4   2 1  0 1  0 0  0
    36  0.8056308323925848E-02   4   1 2  0 1  0 0  0
    37  -.1325174326778585E-01   4   2 0  1 1  0 0  0
    38  -.3142136993032054E-03   4   1 1  1 1  0 0  0
    39  -.9355548472749468E-03   4   0 2  1 1  0 0  0
    40  0.1276569351125449       4   1 0  2 1  0 0  0
    41  -.6481602039712587E-02   4   0 1  2 1  0 0  0
    42  -.1325174326778585E-01   4   0 0  3 1  0 0  0
    43  -.1278096463268046E-02   4   2 0  0 2  0 0  0
    44  -.9355548472749483E-03   4   1 1  0 2  0 0  0
    45  -.3880562930204996E-01   4   0 2  0 2  0 0  0
    46  0.6481602039712604E-02   4   1 0  1 2  0 0  0
    47  -.8056308323925846E-02   4   0 1  1 2  0 0  0
    48  -.1435203312919644E-02   4   0 0  2 2  0 0  0
    49  0.8056308323925848E-02   4   1 0  0 3  0 0  0
    50  -.9355548472749460E-03   4   0 0  1 3  0 0  0
    51  -.1940281465102498E-01   4   0 0  0 4  0 0  0
    52  -.6640379391384369E-03   4   2 0  0 0  0 2  0
    53  -.1551259816965581E-02   4   1 1  0 0  0 2  0
    54  -.4785566961442287E-01   4   0 2  0 0  0 2  0
    55  -.9725049282353383E-02   4   0 1  1 0  0 2  0
    56  -.6640379391384364E-03   4   0 0  2 0  0 2  0
    57  0.9725049282353385E-02   4   1 0  0 1  0 2  0
    58  -.1551259816965580E-02   4   0 0  1 1  0 2  0
    59  -.4785566961442287E-01   4   0 0  0 2  0 2  0
    60  -.7085135729154634E-02   4   0 0  0 0  0 4  0
    61  0.2628452357071019E-01   5   4 0  0 0  0 1  0
    62  0.2902700420074172E-01   5   3 1  0 0  0 1  0
    63  0.4128145998949641E-02   5   2 2  0 0  0 1  0
    64  0.3322775970168239E-02   5   1 3  0 0  0 1  0
    65  0.5580068270312338E-01   5   0 4  0 0  0 1  0
    66  0.1920794453576950       5   2 1  1 0  0 1  0
    67  0.1432066675157699E-01   5   1 2  1 0  0 1  0
    68  0.2307414924121886E-01   5   0 3  1 0  0 1  0
    69  0.5256904714142038E-01   5   2 0  2 0  0 1  0
    70  0.2902700420074174E-01   5   1 1  2 0  0 1  0
    71  0.3659761736033923E-02   5   0 2  2 0  0 1  0
    72  0.1920794453576952       5   0 1  3 0  0 1  0
    73  0.2628452357071019E-01   5   0 0  4 0  0 1  0
    74  -.1920794453576952       5   3 0  0 1  0 1  0
    75  -.1432066675157700E-01   5   2 1  0 1  0 1  0
    76  -.2307414924121887E-01   5   1 2  0 1  0 1  0
    77  0.2902700420074173E-01   5   2 0  1 1  0 1  0
    78  0.9367685258314540E-03   5   1 1  1 1  0 1  0
    79  0.3322775970168240E-02   5   0 2  1 1  0 1  0
    80  -.1920794453576952       5   1 0  2 1  0 1  0
    81  0.1432066675157697E-01   5   0 1  2 1  0 1  0
    82  0.2902700420074172E-01   5   0 0  3 1  0 1  0
    83  0.3659761736033921E-02   5   2 0  0 2  0 1  0
    84  0.3322775970168234E-02   5   1 1  0 2  0 1  0
    85  0.1116013654062467       5   0 2  0 2  0 1  0
    86  -.1432066675157701E-01   5   1 0  1 2  0 1  0
    87  0.2307414924121887E-01   5   0 1  1 2  0 1  0
    88  0.4128145998949632E-02   5   0 0  2 2  0 1  0
    89  -.2307414924121887E-01   5   1 0  0 3  0 1  0
    90  0.3322775970168235E-02   5   0 0  1 3  0 1  0
    91  0.5580068270312338E-01   5   0 0  0 4  0 1  0
    92  0.7584629112251977E-03   5   2 0  0 0  0 3  0
    93  0.2087679054030116E-02   5   1 1  0 0  0 3  0
    94  0.5481087133448197E-01   5   0 2  0 0  0 3  0
    95  0.1107767154613166E-01   5   0 1  1 0  0 3  0
    96  0.7584629112251974E-03   5   0 0  2 0  0 3  0
    97  -.1107767154613166E-01   5   1 0  0 1  0 3  0
    98  0.2087679054030116E-02   5   0 0  1 1  0 3  0
    99  0.5481087133448197E-01   5   0 0  0 2  0 3  0
   100  0.6639787906708185E-02   5   0 0  0 0  0 5  0
   --------------------------------------------------
     I  COEFFICIENT            ORDER EXPONENTS
     1  1.0000000000000000       1   0 0  0 0  0 1  0
     ------------------------------------------------
     ALL COMPONENTS ZERO 
     ------------------- 
     ALL COMPONENTS ZERO 
     ------------------- 
