 L    0.3793416666666660E-01
 P (  0.0000000000000000E+00,  0.0000000000000000E+00,  0.1213893333333333E+01)
 A (  0.0000000000000000E+00,  0.0000000000000000E+00,  0.0000000000000000E+00)
     I  COEFFICIENT            ORDER EXPONENTS
     1   1.000037426682384       1   1 0  0 0  0 0  0
     2  0.3776995327706392E-01   1   0 1  0 0  0 0  0
     3  -.7327300609480009E-03   1   0 0  1 0  0 0  0
     4  0.3052017794118176E-02   1   0 0  0 1  0 0  0
     5  -.5095812497599689E-04   2   1 0  0 0  0 1  0
     6  -.2552081953497438E-01   2   0 1  0 0  0 1  0
     7  0.4974476311447358E-03   2   0 0  1 0  0 1  0
     8  -.4151551466430318E-02   2   0 0  0 1  0 1  0
     9  0.9725956721441235E-03   3   3 0  0 0  0 0  0
    10  -.5489277544618878E-03   3   2 1  0 0  0 0  0
    11  -.1981016050463503E-04   3   1 2  0 0  0 0  0
    12  0.1872041471421835E-01   3   0 3  0 0  0 0  0
    13  -.1836507423407683E-01   3   2 0  1 0  0 0  0
    14  -.5348880302187951E-03   3   1 1  1 0  0 0  0
    15  -.1092613122582122E-02   3   0 2  1 0  0 0  0
    16  0.9725956721441237E-03   3   1 0  2 0  0 0  0
    17  -.5277395607590298E-03   3   0 1  2 0  0 0  0
    18  -.1836507423407683E-01   3   0 0  3 0  0 0  0
    19  0.5440295663207934E-02   3   2 0  0 1  0 0  0
    20  0.8359698282972986E-03   3   1 1  0 1  0 0  0
    21  0.3046371554890874E-02   3   0 2  0 1  0 0  0
    22  -.2118819370285798E-04   3   1 0  1 1  0 0  0
    23  -.1792135974467007E-03   3   0 1  1 1  0 0  0
    24  0.4905407632989143E-02   3   0 0  2 1  0 0  0
    25  0.1594034369420656E-03   3   1 0  0 2  0 0  0
    26  0.1872041471421835E-01   3   0 1  0 2  0 0  0
    27  -.2566432942848229E-03   3   0 0  1 2  0 0  0
    28  0.3046371554890874E-02   3   0 0  0 3  0 0  0
    29  0.5580431020416906E-04   3   1 0  0 0  0 2  0
    30  0.1906485307482265E-01   3   0 1  0 0  0 2  0
    31  -.3740256782723385E-03   3   0 0  1 0  0 2  0
    32  0.4541040422814160E-02   3   0 0  0 1  0 2  0
    33  -.1324117214541700E-02   4   3 0  0 0  0 1  0
    34  0.1120852111354237E-02   4   2 1  0 0  0 1  0
    35  0.5321348942361162E-04   4   1 2  0 0  0 1  0
    36  -.3794455248245737E-01   4   0 3  0 0  0 1  0
    37  0.1246440465468809E-01   4   2 0  1 0  0 1  0
    38  0.7288812717851664E-03   4   1 1  1 0  0 1  0
    39  0.2215020420042555E-02   4   0 2  1 0  0 1  0
    40  -.1324117214541700E-02   4   1 0  2 0  0 1  0
    41  0.1077588297368574E-02   4   0 1  2 0  0 1  0
    42  0.1246440465468810E-01   4   0 0  3 0  0 1  0
    43  -.7374611827525055E-02   4   2 0  0 1  0 1  0
    44  -.1682392038966843E-02   4   1 1  0 1  0 1  0
    45  -.8287617444159120E-02   4   0 2  0 1  0 1  0
    46  0.4326381398566322E-04   4   1 0  1 1  0 1  0
    47  0.4865353480772712E-03   4   0 1  1 1  0 1  0
    48  -.6645730555739900E-02   4   0 0  2 1  0 1  0
    49  -.4333218586536595E-03   4   1 0  0 2  0 1  0
    50  -.3794455248245737E-01   4   0 1  0 2  0 1  0
    51  0.5326283810757132E-03   4   0 0  1 2  0 1  0
    52  -.8287617444159120E-02   4   0 0  0 3  0 1  0
    53  -.5749368924025386E-04   4   1 0  0 0  0 3  0
    54  -.1534103507462718E-01   4   0 1  0 0  0 3  0
    55  0.3032217054832686E-03   4   0 0  1 0  0 3  0
    56  -.4672322169879619E-02   4   0 0  0 1  0 3  0
    57  0.1131454590425602E-01   5   5 0  0 0  0 0  0
    58  -.1102031319855295E-01   5   4 1  0 0  0 0  0
    59  -.8289519922791884E-03   5   3 2  0 0  0 0  0
    60  -.8987306882625747E-03   5   2 3  0 0  0 0  0
    61  -.7775002209094036E-04   5   1 4  0 0  0 0  0
    62  0.1391653846184245E-01   5   0 5  0 0  0 0  0
    63  -.1733719852368121       5   4 0  1 0  0 0  0
    64  -.1015872687693188E-01   5   3 1  1 0  0 0  0
    65  -.2750571034080446E-01   5   2 2  1 0  0 0  0
    66  -.1055576589710913E-02   5   1 3  1 0  0 0  0
    67  -.1357527493201979E-02   5   0 4  1 0  0 0  0
    68  0.2262909180851206E-01   5   3 0  2 0  0 0  0
    69  -.2109019266836508E-01   5   2 1  2 0  0 0  0
    70  -.7785819154467580E-03   5   1 2  2 0  0 0  0
    71  -.7558046945420052E-03   5   0 3  2 0  0 0  0
    72  -.3467439704736239       5   2 0  3 0  0 0  0
    73  -.1015872687693188E-01   5   1 1  3 0  0 0  0
    74  -.2730211885260671E-01   5   0 2  3 0  0 0  0
    75  0.1131454590425602E-01   5   1 0  4 0  0 0  0
    76  -.1006987946981213E-01   5   0 1  4 0  0 0  0
    77  -.1733719852368118       5   0 0  5 0  0 0  0
    78  0.1082821670161041       5   4 0  0 1  0 0  0
    79  0.2287466416821206E-01   5   3 1  0 1  0 0  0
    80  0.6050304131390670E-02   5   2 2  0 1  0 0  0
    81  0.1241135265803049E-02   5   1 3  0 1  0 0  0
    82  0.3040663306360022E-02   5   0 4  0 1  0 0  0
    83  -.9504337287408308E-03   5   3 0  1 1  0 0  0
    84  -.5196155856180191E-02   5   2 1  1 1  0 0  0
    85  -.3526108010893334E-03   5   1 2  1 1  0 0  0
    86  -.3593155762513085E-03   5   0 3  1 1  0 0  0
    87  0.2064056071552766       5   2 0  2 1  0 0  0
    88  0.2246748119181656E-01   5   1 1  2 1  0 0  0
    89  0.4407177190184968E-02   5   0 2  2 1  0 0  0
    90  -.9504337287408345E-03   5   1 0  3 1  0 0  0
    91  -.5095415702515350E-02   5   0 1  3 1  0 0  0
    92  0.9812344013917215E-01   5   0 0  4 1  0 0  0
    93  0.4316833787068587E-02   5   3 0  0 2  0 0  0
    94  -.6890458808937955E-03   5   2 1  0 2  0 0  0
    95  0.2038155320694317E-03   5   1 2  0 2  0 0  0
    96  0.2783307692368491E-01   5   0 3  0 2  0 0  0
    97  -.4427454684394639E-02   5   2 0  1 2  0 0  0
    98  0.1195241132786928E-03   5   1 1  1 2  0 0  0
    99  -.1473919720600922E-02   5   0 2  1 2  0 0  0
   100  0.4266463710236173E-02   5   1 0  2 2  0 0  0
   101  -.9654895019107769E-03   5   0 1  2 2  0 0  0
   102  -.4631046172592379E-02   5   0 0  3 2  0 0  0
   103  0.5462753779895870E-02   5   2 0  0 3  0 0  0
   104  0.1241135265803048E-02   5   1 1  0 3  0 0  0
   105  0.6081326612720045E-02   5   0 2  0 3  0 0  0
   106  0.6675881364821052E-04   5   1 0  1 3  0 0  0
   107  -.3593155762513086E-03   5   0 1  1 3  0 0  0
   108  0.4994727541679768E-02   5   0 0  2 3  0 0  0
   109  0.2815655541603679E-03   5   1 0  0 4  0 0  0
   110  0.1391653846184246E-01   5   0 1  0 4  0 0  0
   111  -.1163922273989351E-03   5   0 0  1 4  0 0  0
   112  0.3040663306360022E-02   5   0 0  0 5  0 0  0
   113  0.1449884425767673E-02   5   3 0  0 0  0 2  0
   114  -.1608571048677800E-02   5   2 1  0 0  0 2  0
   115  -.9300680139435926E-04   5   1 2  0 0  0 2  0
   116  0.5397768677816722E-01   5   0 3  0 0  0 2  0
   117  -.9368194115650874E-02   5   2 0  1 0  0 2  0
   118  -.7990257583879252E-03   5   1 1  1 0  0 2  0
   119  -.3151672747494686E-02   5   0 2  1 0  0 2  0
   120  0.1449884425767673E-02   5   1 0  2 0  0 2  0
   121  -.1546482092894189E-02   5   0 1  2 0  0 2  0
   122  -.9368194115650872E-02   5   0 0  3 0  0 2  0
   123  0.8031503199303658E-02   5   2 0  0 1  0 2  0
   124  0.2372695417732544E-02   5   1 1  0 1  0 2  0
   125  0.1470154763120883E-01   5   0 2  0 1  0 2  0
   126  -.6208895578361072E-04   5   1 0  1 1  0 2  0
   127  -.8610036625323551E-03   5   0 1  1 1  0 2  0
   128  0.7232477440915739E-02   5   0 0  2 1  0 2  0
   129  0.7679968611379964E-03   5   1 0  0 2  0 2  0
   130  0.5397768677816722E-01   5   0 1  0 2  0 2  0
   131  -.7789773297621420E-03   5   0 0  1 2  0 2  0
   132  0.1470154763120883E-01   5   0 0  0 3  0 2  0
   133  0.5803571636591947E-04   5   1 0  0 0  0 4  0
   134  0.1298801744922137E-01   5   0 1  0 0  0 4  0
   135  -.2587499401962344E-03   5   0 0  1 0  0 4  0
   136  0.4709716139499105E-02   5   0 0  0 1  0 4  0
   --------------------------------------------------
     I  COEFFICIENT            ORDER EXPONENTS
     1  0.3092446170601097E-02   1   1 0  0 0  0 0  0
     2  0.9871168428041456       1   0 1  0 0  0 0  0
     3  -.4204648827781939E-01   1   0 0  1 0  0 0  0
     4  0.1597011468312510       1   0 0  0 1  0 0  0
     5  -.2099460731760392E-02   2   1 0  0 0  0 1  0
     6  0.1752455555812868E-01   2   0 1  0 0  0 1  0
     7  -.2148961358247425E-03   2   0 0  1 0  0 1  0
     8  -.1079110439928453       2   0 0  0 1  0 1  0
     9  0.8189314353106061E-01   3   3 0  0 0  0 0  0
    10  -.3898079732623431E-01   3   2 1  0 0  0 0  0
    11  0.2279332109371182E-03   3   1 2  0 0  0 0  0
    12  -.1287091948578534E-01   3   0 3  0 0  0 0  0
    13  -1.105171184533811       3   2 0  1 0  0 0  0
    14  -.4734241015144429E-01   3   1 1  1 0  0 0  0
    15  0.9202414974821399E-04   3   0 2  1 0  0 0  0
    16  0.8189314353106066E-01   3   1 0  2 0  0 0  0
    17  -.3874495230319980E-01   3   0 1  2 0  0 0  0
    18  -1.105171184533811       3   0 0  3 0  0 0  0
    19  0.2474993070117432       3   2 0  0 1  0 0  0
    20  0.7203796230228023E-02   3   1 1  0 1  0 0  0
    21  0.7924799464235290E-01   3   0 2  0 1  0 0  0
    22  -.2358450230344889E-03   3   1 0  1 1  0 0  0
    23  -.4778633601609285E-02   3   0 1  1 1  0 0  0
    24  0.2001568968602989       3   0 0  2 1  0 0  0
    25  0.5006566812546404E-02   3   1 0  0 2  0 0  0
    26  -.1287091948578534E-01   3   0 1  0 2  0 0  0
    27  0.7295820379976239E-02   3   0 0  1 2  0 0  0
    28  0.7924799464235290E-01   3   0 0  0 3  0 0  0
    29  0.1578573740733936E-02   3   1 0  0 0  0 2  0
    30  -.1916874270557577E-01   3   0 1  0 0  0 2  0
    31  0.2353333521793417E-03   3   0 0  1 0  0 2  0
    32  0.8061541375634620E-01   3   0 0  0 1  0 2  0
    33  -.5558317263286668E-01   4   3 0  0 0  0 1  0
    34  0.5291654485465409E-01   4   2 1  0 0  0 1  0
    35  -.5048170832931064E-03   4   1 2  0 0  0 1  0
    36  0.3501529435070802E-01   4   0 3  0 0  0 1  0
    37  -.5841659354750138E-02   4   2 0  1 0  0 1  0
    38  0.3223890736033635E-01   4   1 1  1 0  0 1  0
    39  -.1105150090841001E-02   4   0 2  1 0  0 1  0
    40  -.5558317263286672E-01   4   1 0  2 0  0 1  0
    41  0.5259851350478582E-01   4   0 1  2 0  0 1  0
    42  -.5841659354750136E-02   4   0 0  3 0  0 1  0
    43  -.1644044494335086       4   2 0  0 1  0 1  0
    44  -.8642186567717263E-02   4   1 1  0 1  0 1  0
    45  -.1606324951218253       4   0 2  0 1  0 1  0
    46  0.3180313498682539E-03   4   1 0  1 1  0 1  0
    47  0.9646901239286155E-02   4   0 1  1 1  0 1  0
    48  -.1321655420731722       4   0 0  2 1  0 1  0
    49  -.1015171832257926E-01   4   1 0  0 2  0 1  0
    50  0.3501529435070802E-01   4   0 1  0 2  0 1  0
    51  -.9747336658558269E-02   4   0 0  1 2  0 1  0
    52  -.1606324951218253       4   0 0  0 3  0 1  0
    53  -.1279756209267188E-02   4   1 0  0 0  0 3  0
    54  0.1972299810524062E-01   4   0 1  0 0  0 3  0
    55  -.2424580217215988E-03   4   0 0  1 0  0 3  0
    56  -.6487161985970552E-01   4   0 0  0 1  0 3  0
    57  0.9353078760261323       5   5 0  0 0  0 0  0
    58  -.8252557288884684       5   4 1  0 0  0 0  0
    59  -.1760103025759058E-01   5   3 2  0 0  0 0  0
    60  -.4092670155460985E-01   5   2 3  0 0  0 0  0
    61  -.8188849353928382E-03   5   1 4  0 0  0 0  0
    62  -.1285861523911590E-01   5   0 5  0 0  0 0  0
    63  -10.48001382888933       5   4 0  1 0  0 0  0
    64  -.9049617867982958       5   3 1  1 0  0 0  0
    65  -.1471044351146451E-01   5   2 2  1 0  0 0  0
    66  -.2375183326700978E-01   5   1 3  1 0  0 0  0
    67  0.6551410774058964E-03   5   0 4  1 0  0 0  0
    68   1.870615752052263       5   3 0  2 0  0 0  0
    69  -1.653906795629900       5   2 1  2 0  0 0  0
    70  -.1516232020973425E-01   5   1 2  2 0  0 0  0
    71  -.3929631867233751E-01   5   0 3  2 0  0 0  0
    72  -20.96002765777866       5   2 0  3 0  0 0  0
    73  -.9049617867982962       5   1 1  3 0  0 0  0
    74  0.9302906434835737E-02   5   0 2  3 0  0 0  0
    75  0.9353078760261329       5   1 0  4 0  0 0  0
    76  -.8286510667414306       5   0 1  4 0  0 0  0
    77  -10.48001382888933       5   0 0  5 0  0 0  0
    78   5.179671683873081       5   4 0  0 1  0 0  0
    79  0.3324091134461468       5   3 1  0 1  0 0  0
    80  0.1324073942804769       5   2 2  0 1  0 0  0
    81  0.6558327431431287E-02   5   1 3  0 1  0 0  0
    82  0.5898344556145060E-01   5   0 4  0 1  0 0  0
    83  0.3395337852961734E-02   5   3 0  1 1  0 0  0
    84  -.1610937198109550       5   2 1  1 1  0 0  0
    85  -.6473793495486255E-02   5   1 2  1 1  0 0  0
    86  -.7157599304063567E-02   5   0 3  1 1  0 0  0
    87   9.454381580947862       5   2 0  2 1  0 0  0
    88  0.2843824135535459       5   1 1  2 1  0 0  0
    89  0.1013067758142213       5   0 2  2 1  0 0  0
    90  0.3395337852961651E-02   5   1 0  3 1  0 0  0
    91  -.1562162997152438       5   0 1  3 1  0 0  0
    92   4.274709897074784       5   0 0  4 1  0 0  0
    93  0.1410539795055095       5   3 0  0 2  0 0  0
    94  -.3608329094139507E-01   5   2 1  0 2  0 0  0
    95  0.5519829433278024E-02   5   1 2  0 2  0 0  0
    96  -.2571723047823194E-01   5   0 3  0 2  0 0  0
    97  0.3417120198809823       5   2 0  1 2  0 0  0
    98  -.9054262868517864E-02   5   1 1  1 2  0 0  0
    99  0.7868609586242709E-02   5   0 2  1 2  0 0  0
   100  0.1386152694576540       5   1 0  2 2  0 0  0
   101  -.4413972928555186E-01   5   0 1  2 2  0 0  0
   102  0.3176986699346820       5   0 0  3 2  0 0  0
   103  0.1250586090812310       5   2 0  0 3  0 0  0
   104  0.6558327431431266E-02   5   1 1  0 3  0 0  0
   105  0.1179668911229012       5   0 2  0 3  0 0  0
   106  0.3213027730942490E-02   5   1 0  1 3  0 0  0
   107  -.7157599304063568E-02   5   0 1  1 3  0 0  0
   108  0.1086555610134672       5   0 0  2 3  0 0  0
   109  0.6338714368670720E-02   5   1 0  0 4  0 0  0
   110  -.1285861523911581E-01   5   0 1  0 4  0 0  0
   111  0.7213468508837038E-02   5   0 0  1 4  0 0  0
   112  0.5898344556145059E-01   5   0 0  0 5  0 0  0
   113  0.4177830025491684E-01   5   3 0  0 0  0 2  0
   114  -.5773413380572372E-01   5   2 1  0 0  0 2  0
   115  0.7913897706270125E-03   5   1 2  0 0  0 2  0
   116  -.6211446340206775E-01   5   0 3  0 0  0 2  0
   117  0.6396572262713797E-02   5   2 0  1 0  0 2  0
   118  -.2434071051637925E-01   5   1 1  1 0  0 2  0
   119  0.2539916277970589E-02   5   0 2  1 0  0 2  0
   120  0.4177830025491687E-01   5   1 0  2 0  0 2  0
   121  -.5739005718764095E-01   5   0 1  2 0  0 2  0
   122  0.6396572262713799E-02   5   0 0  3 0  0 2  0
   123  0.1199062752062287       5   2 0  0 1  0 2  0
   124  0.7885154026961896E-02   5   1 1  0 1  0 2  0
   125  0.2285134088404618       5   0 2  0 1  0 2  0
   126  -.3440766180827749E-03   5   1 0  1 1  0 2  0
   127  -.1365665148790504E-01   5   0 1  1 1  0 2  0
   128  0.9556556468984947E-01   5   0 0  2 1  0 2  0
   129  0.1444804125853206E-01   5   1 0  0 2  0 2  0
   130  -.6211446340206775E-01   5   0 1  0 2  0 2  0
   131  0.1042507030493249E-01   5   0 0  1 2  0 2  0
   132  0.2285134088404618       5   0 0  0 3  0 2  0
   133  0.1092071080554832E-02   5   1 0  0 0  0 4  0
   134  -.1988093954183345E-01   5   0 1  0 0  0 4  0
   135  0.2447442035239401E-03   5   0 0  1 0  0 4  0
   136  0.5492365723431061E-01   5   0 0  0 1  0 4  0
   --------------------------------------------------
     I  COEFFICIENT            ORDER EXPONENTS
     1  0.7327300609480009E-03   1   1 0  0 0  0 0  0
     2  -.3052017794118176E-02   1   0 1  0 0  0 0  0
     3   1.000037426682384       1   0 0  1 0  0 0  0
     4  0.3776995327706392E-01   1   0 0  0 1  0 0  0
     5  -.4974476311447358E-03   2   1 0  0 0  0 1  0
     6  0.4151551466430318E-02   2   0 1  0 0  0 1  0
     7  -.5095812497599689E-04   2   0 0  1 0  0 1  0
     8  -.2552081953497438E-01   2   0 0  0 1  0 1  0
     9  0.1836507423407681E-01   3   3 0  0 0  0 0  0
    10  -.4905407632989143E-02   3   2 1  0 0  0 0  0
    11  0.2566432942848229E-03   3   1 2  0 0  0 0  0
    12  -.3046371554890874E-02   3   0 3  0 0  0 0  0
    13  0.9725956721441239E-03   3   2 0  1 0  0 0  0
    14  -.2118819370285800E-04   3   1 1  1 0  0 0  0
    15  0.1594034369420656E-03   3   0 2  1 0  0 0  0
    16  0.1836507423407682E-01   3   1 0  2 0  0 0  0
    17  -.5440295663207934E-02   3   0 1  2 0  0 0  0
    18  0.9725956721441235E-03   3   0 0  3 0  0 0  0
    19  -.5277395607590298E-03   3   2 0  0 1  0 0  0
    20  -.1792135974467007E-03   3   1 1  0 1  0 0  0
    21  0.1872041471421835E-01   3   0 2  0 1  0 0  0
    22  0.5348880302187948E-03   3   1 0  1 1  0 0  0
    23  -.8359698282972989E-03   3   0 1  1 1  0 0  0
    24  -.5489277544618878E-03   3   0 0  2 1  0 0  0
    25  0.1092613122582122E-02   3   1 0  0 2  0 0  0
    26  -.3046371554890874E-02   3   0 1  0 2  0 0  0
    27  -.1981016050463503E-04   3   0 0  1 2  0 0  0
    28  0.1872041471421835E-01   3   0 0  0 3  0 0  0
    29  0.3740256782723385E-03   3   1 0  0 0  0 2  0
    30  -.4541040422814160E-02   3   0 1  0 0  0 2  0
    31  0.5580431020416906E-04   3   0 0  1 0  0 2  0
    32  0.1906485307482265E-01   3   0 0  0 1  0 2  0
    33  -.1246440465468808E-01   4   3 0  0 0  0 1  0
    34  0.6645730555739900E-02   4   2 1  0 0  0 1  0
    35  -.5326283810757132E-03   4   1 2  0 0  0 1  0
    36  0.8287617444159120E-02   4   0 3  0 0  0 1  0
    37  -.1324117214541700E-02   4   2 0  1 0  0 1  0
    38  0.4326381398566324E-04   4   1 1  1 0  0 1  0
    39  -.4333218586536595E-03   4   0 2  1 0  0 1  0
    40  -.1246440465468809E-01   4   1 0  2 0  0 1  0
    41  0.7374611827525056E-02   4   0 1  2 0  0 1  0
    42  -.1324117214541700E-02   4   0 0  3 0  0 1  0
    43  0.1077588297368575E-02   4   2 0  0 1  0 1  0
    44  0.4865353480772711E-03   4   1 1  0 1  0 1  0
    45  -.3794455248245737E-01   4   0 2  0 1  0 1  0
    46  -.7288812717851663E-03   4   1 0  1 1  0 1  0
    47  0.1682392038966842E-02   4   0 1  1 1  0 1  0
    48  0.1120852111354237E-02   4   0 0  2 1  0 1  0
    49  -.2215020420042556E-02   4   1 0  0 2  0 1  0
    50  0.8287617444159120E-02   4   0 1  0 2  0 1  0
    51  0.5321348942361163E-04   4   0 0  1 2  0 1  0
    52  -.3794455248245737E-01   4   0 0  0 3  0 1  0
    53  -.3032217054832686E-03   4   1 0  0 0  0 3  0
    54  0.4672322169879619E-02   4   0 1  0 0  0 3  0
    55  -.5749368924025386E-04   4   0 0  1 0  0 3  0
    56  -.1534103507462718E-01   4   0 0  0 1  0 3  0
    57  0.1733719852368118       5   5 0  0 0  0 0  0
    58  -.9812344013917215E-01   5   4 1  0 0  0 0  0
    59  0.4631046172592366E-02   5   3 2  0 0  0 0  0
    60  -.4994727541679768E-02   5   2 3  0 0  0 0  0
    61  0.1163922273989351E-03   5   1 4  0 0  0 0  0
    62  -.3040663306360022E-02   5   0 5  0 0  0 0  0
    63  0.1131454590425604E-01   5   4 0  1 0  0 0  0
    64  -.9504337287408337E-03   5   3 1  1 0  0 0  0
    65  0.4266463710236174E-02   5   2 2  1 0  0 0  0
    66  0.6675881364821064E-04   5   1 3  1 0  0 0  0
    67  0.2815655541603679E-03   5   0 4  1 0  0 0  0
    68  0.3467439704736231       5   3 0  2 0  0 0  0
    69  -.2064056071552766       5   2 1  2 0  0 0  0
    70  0.4427454684394624E-02   5   1 2  2 0  0 0  0
    71  -.5462753779895870E-02   5   0 3  2 0  0 0  0
    72  0.2262909180851208E-01   5   2 0  3 0  0 0  0
    73  -.9504337287408313E-03   5   1 1  3 0  0 0  0
    74  0.4316833787068590E-02   5   0 2  3 0  0 0  0
    75  0.1733719852368118       5   1 0  4 0  0 0  0
    76  -.1082821670161041       5   0 1  4 0  0 0  0
    77  0.1131454590425603E-01   5   0 0  5 0  0 0  0
    78  -.1006987946981215E-01   5   4 0  0 1  0 0  0
    79  -.5095415702515346E-02   5   3 1  0 1  0 0  0
    80  -.9654895019107770E-03   5   2 2  0 1  0 0  0
    81  -.3593155762513085E-03   5   1 3  0 1  0 0  0
    82  0.1391653846184246E-01   5   0 4  0 1  0 0  0
    83  0.1015872687693189E-01   5   3 0  1 1  0 0  0
    84  -.2246748119181658E-01   5   2 1  1 1  0 0  0
    85  -.1195241132786934E-03   5   1 2  1 1  0 0  0
    86  -.1241135265803048E-02   5   0 3  1 1  0 0  0
    87  -.2109019266836508E-01   5   2 0  2 1  0 0  0
    88  -.5196155856180190E-02   5   1 1  2 1  0 0  0
    89  -.6890458808937958E-03   5   0 2  2 1  0 0  0
    90  0.1015872687693189E-01   5   1 0  3 1  0 0  0
    91  -.2287466416821209E-01   5   0 1  3 1  0 0  0
    92  -.1102031319855296E-01   5   0 0  4 1  0 0  0
    93  0.2730211885260668E-01   5   3 0  0 2  0 0  0
    94  -.4407177190184969E-02   5   2 1  0 2  0 0  0
    95  0.1473919720600922E-02   5   1 2  0 2  0 0  0
    96  -.6081326612720045E-02   5   0 3  0 2  0 0  0
    97  -.7785819154467594E-03   5   2 0  1 2  0 0  0
    98  -.3526108010893332E-03   5   1 1  1 2  0 0  0
    99  0.2038155320694316E-03   5   0 2  1 2  0 0  0
   100  0.2750571034080445E-01   5   1 0  2 2  0 0  0
   101  -.6050304131390670E-02   5   0 1  2 2  0 0  0
   102  -.8289519922791914E-03   5   0 0  3 2  0 0  0
   103  -.7558046945420046E-03   5   2 0  0 3  0 0  0
   104  -.3593155762513085E-03   5   1 1  0 3  0 0  0
   105  0.2783307692368491E-01   5   0 2  0 3  0 0  0
   106  0.1055576589710913E-02   5   1 0  1 3  0 0  0
   107  -.1241135265803049E-02   5   0 1  1 3  0 0  0
   108  -.8987306882625749E-03   5   0 0  2 3  0 0  0
   109  0.1357527493201979E-02   5   1 0  0 4  0 0  0
   110  -.3040663306360022E-02   5   0 1  0 4  0 0  0
   111  -.7775002209094037E-04   5   0 0  1 4  0 0  0
   112  0.1391653846184245E-01   5   0 0  0 5  0 0  0
   113  0.9368194115650862E-02   5   3 0  0 0  0 2  0
   114  -.7232477440915739E-02   5   2 1  0 0  0 2  0
   115  0.7789773297621420E-03   5   1 2  0 0  0 2  0
   116  -.1470154763120883E-01   5   0 3  0 0  0 2  0
   117  0.1449884425767673E-02   5   2 0  1 0  0 2  0
   118  -.6208895578361070E-04   5   1 1  1 0  0 2  0
   119  0.7679968611379962E-03   5   0 2  1 0  0 2  0
   120  0.9368194115650871E-02   5   1 0  2 0  0 2  0
   121  -.8031503199303658E-02   5   0 1  2 0  0 2  0
   122  0.1449884425767673E-02   5   0 0  3 0  0 2  0
   123  -.1546482092894189E-02   5   2 0  0 1  0 2  0
   124  -.8610036625323555E-03   5   1 1  0 1  0 2  0
   125  0.5397768677816722E-01   5   0 2  0 1  0 2  0
   126  0.7990257583879245E-03   5   1 0  1 1  0 2  0
   127  -.2372695417732544E-02   5   0 1  1 1  0 2  0
   128  -.1608571048677800E-02   5   0 0  2 1  0 2  0
   129  0.3151672747494686E-02   5   1 0  0 2  0 2  0
   130  -.1470154763120883E-01   5   0 1  0 2  0 2  0
   131  -.9300680139435926E-04   5   0 0  1 2  0 2  0
   132  0.5397768677816722E-01   5   0 0  0 3  0 2  0
   133  0.2587499401962344E-03   5   1 0  0 0  0 4  0
   134  -.4709716139499105E-02   5   0 1  0 0  0 4  0
   135  0.5803571636591947E-04   5   0 0  1 0  0 4  0
   136  0.1298801744922137E-01   5   0 0  0 1  0 4  0
   --------------------------------------------------
     I  COEFFICIENT            ORDER EXPONENTS
     1  0.4204648827781939E-01   1   1 0  0 0  0 0  0
     2  -.1597011468312510       1   0 1  0 0  0 0  0
     3  0.3092446170601097E-02   1   0 0  1 0  0 0  0
     4  0.9871168428041456       1   0 0  0 1  0 0  0
     5  0.2148961358247425E-03   2   1 0  0 0  0 1  0
     6  0.1079110439928453       2   0 1  0 0  0 1  0
     7  -.2099460731760392E-02   2   0 0  1 0  0 1  0
     8  0.1752455555812868E-01   2   0 0  0 1  0 1  0
     9   1.105171184533811       3   3 0  0 0  0 0  0
    10  -.2001568968602989       3   2 1  0 0  0 0  0
    11  -.7295820379976239E-02   3   1 2  0 0  0 0  0
    12  -.7924799464235290E-01   3   0 3  0 0  0 0  0
    13  0.8189314353106068E-01   3   2 0  1 0  0 0  0
    14  -.2358450230344883E-03   3   1 1  1 0  0 0  0
    15  0.5006566812546404E-02   3   0 2  1 0  0 0  0
    16   1.105171184533811       3   1 0  2 0  0 0  0
    17  -.2474993070117432       3   0 1  2 0  0 0  0
    18  0.8189314353106066E-01   3   0 0  3 0  0 0  0
    19  -.3874495230319980E-01   3   2 0  0 1  0 0  0
    20  -.4778633601609285E-02   3   1 1  0 1  0 0  0
    21  -.1287091948578534E-01   3   0 2  0 1  0 0  0
    22  0.4734241015144427E-01   3   1 0  1 1  0 0  0
    23  -.7203796230228023E-02   3   0 1  1 1  0 0  0
    24  -.3898079732623431E-01   3   0 0  2 1  0 0  0
    25  -.9202414974821409E-04   3   1 0  0 2  0 0  0
    26  -.7924799464235290E-01   3   0 1  0 2  0 0  0
    27  0.2279332109371182E-03   3   0 0  1 2  0 0  0
    28  -.1287091948578534E-01   3   0 0  0 3  0 0  0
    29  -.2353333521793417E-03   3   1 0  0 0  0 2  0
    30  -.8061541375634620E-01   3   0 1  0 0  0 2  0
    31  0.1578573740733936E-02   3   0 0  1 0  0 2  0
    32  -.1916874270557577E-01   3   0 0  0 1  0 2  0
    33  0.5841659354750135E-02   4   3 0  0 0  0 1  0
    34  0.1321655420731722       4   2 1  0 0  0 1  0
    35  0.9747336658558273E-02   4   1 2  0 0  0 1  0
    36  0.1606324951218253       4   0 3  0 0  0 1  0
    37  -.5558317263286676E-01   4   2 0  1 0  0 1  0
    38  0.3180313498682539E-03   4   1 1  1 0  0 1  0
    39  -.1015171832257926E-01   4   0 2  1 0  0 1  0
    40  0.5841659354750137E-02   4   1 0  2 0  0 1  0
    41  0.1644044494335086       4   0 1  2 0  0 1  0
    42  -.5558317263286674E-01   4   0 0  3 0  0 1  0
    43  0.5259851350478578E-01   4   2 0  0 1  0 1  0
    44  0.9646901239286155E-02   4   1 1  0 1  0 1  0
    45  0.3501529435070802E-01   4   0 2  0 1  0 1  0
    46  -.3223890736033636E-01   4   1 0  1 1  0 1  0
    47  0.8642186567717269E-02   4   0 1  1 1  0 1  0
    48  0.5291654485465409E-01   4   0 0  2 1  0 1  0
    49  0.1105150090841001E-02   4   1 0  0 2  0 1  0
    50  0.1606324951218253       4   0 1  0 2  0 1  0
    51  -.5048170832931066E-03   4   0 0  1 2  0 1  0
    52  0.3501529435070802E-01   4   0 0  0 3  0 1  0
    53  0.2424580217215988E-03   4   1 0  0 0  0 3  0
    54  0.6487161985970552E-01   4   0 1  0 0  0 3  0
    55  -.1279756209267188E-02   4   0 0  1 0  0 3  0
    56  0.1972299810524062E-01   4   0 0  0 1  0 3  0
    57   10.48001382888933       5   5 0  0 0  0 0  0
    58  -4.274709897074784       5   4 1  0 0  0 0  0
    59  -.3176986699346820       5   3 2  0 0  0 0  0
    60  -.1086555610134672       5   2 3  0 0  0 0  0
    61  -.7213468508837039E-02   5   1 4  0 0  0 0  0
    62  -.5898344556145059E-01   5   0 5  0 0  0 0  0
    63  0.9353078760261341       5   4 0  1 0  0 0  0
    64  0.3395337852961618E-02   5   3 1  1 0  0 0  0
    65  0.1386152694576541       5   2 2  1 0  0 0  0
    66  0.3213027730942494E-02   5   1 3  1 0  0 0  0
    67  0.6338714368670720E-02   5   0 4  1 0  0 0  0
    68   20.96002765777865       5   3 0  2 0  0 0  0
    69  -9.454381580947862       5   2 1  2 0  0 0  0
    70  -.3417120198809823       5   1 2  2 0  0 0  0
    71  -.1250586090812310       5   0 3  2 0  0 0  0
    72   1.870615752052267       5   2 0  3 0  0 0  0
    73  0.3395337852961697E-02   5   1 1  3 0  0 0  0
    74  0.1410539795055096       5   0 2  3 0  0 0  0
    75   10.48001382888933       5   1 0  4 0  0 0  0
    76  -5.179671683873081       5   0 1  4 0  0 0  0
    77  0.9353078760261329       5   0 0  5 0  0 0  0
    78  -.8286510667414304       5   4 0  0 1  0 0  0
    79  -.1562162997152437       5   3 1  0 1  0 0  0
    80  -.4413972928555188E-01   5   2 2  0 1  0 0  0
    81  -.7157599304063571E-02   5   1 3  0 1  0 0  0
    82  -.1285861523911581E-01   5   0 4  0 1  0 0  0
    83  0.9049617867982960       5   3 0  1 1  0 0  0
    84  -.2843824135535459       5   2 1  1 1  0 0  0
    85  0.9054262868517850E-02   5   1 2  1 1  0 0  0
    86  -.6558327431431264E-02   5   0 3  1 1  0 0  0
    87  -1.653906795629900       5   2 0  2 1  0 0  0
    88  -.1610937198109550       5   1 1  2 1  0 0  0
    89  -.3608329094139506E-01   5   0 2  2 1  0 0  0
    90  0.9049617867982960       5   1 0  3 1  0 0  0
    91  -.3324091134461467       5   0 1  3 1  0 0  0
    92  -.8252557288884684       5   0 0  4 1  0 0  0
    93  -.9302906434835728E-02   5   3 0  0 2  0 0  0
    94  -.1013067758142214       5   2 1  0 2  0 0  0
    95  -.7868609586242708E-02   5   1 2  0 2  0 0  0
    96  -.1179668911229012       5   0 3  0 2  0 0  0
    97  -.1516232020973420E-01   5   2 0  1 2  0 0  0
    98  -.6473793495486251E-02   5   1 1  1 2  0 0  0
    99  0.5519829433278024E-02   5   0 2  1 2  0 0  0
   100  0.1471044351146452E-01   5   1 0  2 2  0 0  0
   101  -.1324073942804769       5   0 1  2 2  0 0  0
   102  -.1760103025759054E-01   5   0 0  3 2  0 0  0
   103  -.3929631867233751E-01   5   2 0  0 3  0 0  0
   104  -.7157599304063568E-02   5   1 1  0 3  0 0  0
   105  -.2571723047823194E-01   5   0 2  0 3  0 0  0
   106  0.2375183326700978E-01   5   1 0  1 3  0 0  0
   107  -.6558327431431285E-02   5   0 1  1 3  0 0  0
   108  -.4092670155460985E-01   5   0 0  2 3  0 0  0
   109  -.6551410774058964E-03   5   1 0  0 4  0 0  0
   110  -.5898344556145060E-01   5   0 1  0 4  0 0  0
   111  -.8188849353928385E-03   5   0 0  1 4  0 0  0
   112  -.1285861523911590E-01   5   0 0  0 5  0 0  0
   113  -.6396572262713796E-02   5   3 0  0 0  0 2  0
   114  -.9556556468984947E-01   5   2 1  0 0  0 2  0
   115  -.1042507030493249E-01   5   1 2  0 0  0 2  0
   116  -.2285134088404618       5   0 3  0 0  0 2  0
   117  0.4177830025491688E-01   5   2 0  1 0  0 2  0
   118  -.3440766180827698E-03   5   1 1  1 0  0 2  0
   119  0.1444804125853206E-01   5   0 2  1 0  0 2  0
   120  -.6396572262713797E-02   5   1 0  2 0  0 2  0
   121  -.1199062752062287       5   0 1  2 0  0 2  0
   122  0.4177830025491687E-01   5   0 0  3 0  0 2  0
   123  -.5739005718764092E-01   5   2 0  0 1  0 2  0
   124  -.1365665148790504E-01   5   1 1  0 1  0 2  0
   125  -.6211446340206775E-01   5   0 2  0 1  0 2  0
   126  0.2434071051637923E-01   5   1 0  1 1  0 2  0
   127  -.7885154026961896E-02   5   0 1  1 1  0 2  0
   128  -.5773413380572372E-01   5   0 0  2 1  0 2  0
   129  -.2539916277970589E-02   5   1 0  0 2  0 2  0
   130  -.2285134088404618       5   0 1  0 2  0 2  0
   131  0.7913897706270125E-03   5   0 0  1 2  0 2  0
   132  -.6211446340206775E-01   5   0 0  0 3  0 2  0
   133  -.2447442035239401E-03   5   1 0  0 0  0 4  0
   134  -.5492365723431061E-01   5   0 1  0 0  0 4  0
   135  0.1092071080554832E-02   5   0 0  1 0  0 4  0
   136  -.1988093954183345E-01   5   0 0  0 1  0 4  0
   --------------------------------------------------
     I  COEFFICIENT            ORDER EXPONENTS
     1  1.0000000000000000       1   0 0  0 0  1 0  0
     2  0.3845463487677048E-02   1   0 0  0 0  0 1  0
     3  -.6780253034385345E-05   2   2 0  0 0  0 0  0
     4  0.2942693301672869E-04   2   1 1  0 0  0 0  0
     5  -.1292786598230384E-01   2   0 2  0 0  0 0  0
     6  0.4991766906395060E-03   2   0 1  1 0  0 0  0
     7  -.6780253034385345E-05   2   0 0  2 0  0 0  0
     8  -.4991766906395060E-03   2   1 0  0 1  0 0  0
     9  0.2942693301672869E-04   2   0 0  1 1  0 0  0
    10  -.1292786598230384E-01   2   0 0  0 2  0 0  0
    11  -.3931661018608455E-02   2   0 0  0 0  0 2  0
    12  0.1023909406714571E-04   3   2 0  0 0  0 1  0
    13  -.6449282650384932E-04   3   1 1  0 0  0 1  0
    14  0.1954582188572702E-01   3   0 2  0 0  0 1  0
    15  -.7530186074207256E-03   3   0 1  1 0  0 1  0
    16  0.1023909406714571E-04   3   0 0  2 0  0 1  0
    17  0.7530186074207256E-03   3   1 0  0 1  0 1  0
    18  -.6449282650384932E-04   3   0 0  1 1  0 1  0
    19  0.1954582188572702E-01   3   0 0  0 2  0 1  0
    20  0.3768058509294893E-02   3   0 0  0 0  0 3  0
    21  -.3449055437519468E-03   4   4 0  0 0  0 0  0
    22  0.8157795058484383E-03   4   3 1  0 0  0 0  0
    23  0.3033258158543926E-04   4   2 2  0 0  0 0  0
    24  0.5957739374453393E-04   4   1 3  0 0  0 0  0
    25  -.9695382879798434E-02   4   0 4  0 0  0 0  0
    26  0.1250731856385724E-01   4   2 1  1 0  0 0  0
    27  0.3578885649963039E-03   4   1 2  1 0  0 0  0
    28  0.7511479802584187E-03   4   0 3  1 0  0 0  0
    29  -.6898110875038942E-03   4   2 0  2 0  0 0  0
    30  0.8157795058484389E-03   4   1 1  2 0  0 0  0
    31  -.3796859233035873E-04   4   0 2  2 0  0 0  0
    32  0.1250731856385724E-01   4   0 1  3 0  0 0  0
    33  -.3449055437519473E-03   4   0 0  4 0  0 0  0
    34  -.1250731856385722E-01   4   3 0  0 1  0 0  0
    35  -.3578885649963023E-03   4   2 1  0 1  0 0  0
    36  -.7511479802584187E-03   4   1 2  0 1  0 0  0
    37  0.8157795058484397E-03   4   2 0  1 1  0 0  0
    38  0.1366023478315965E-03   4   1 1  1 1  0 0  0
    39  0.5957739374453397E-04   4   0 2  1 1  0 0  0
    40  -.1250731856385724E-01   4   1 0  2 1  0 0  0
    41  0.3578885649963026E-03   4   0 1  2 1  0 0  0
    42  0.8157795058484402E-03   4   0 0  3 1  0 0  0
    43  -.3796859233035883E-04   4   2 0  0 2  0 0  0
    44  0.5957739374453399E-04   4   1 1  0 2  0 0  0
    45  -.1939076575959687E-01   4   0 2  0 2  0 0  0
    46  -.3578885649963037E-03   4   1 0  1 2  0 0  0
    47  0.7511479802584187E-03   4   0 1  1 2  0 0  0
    48  0.3033258158543926E-04   4   0 0  2 2  0 0  0
    49  -.7511479802584187E-03   4   1 0  0 3  0 0  0
    50  0.5957739374453393E-04   4   0 0  1 3  0 0  0
    51  -.9695382879798434E-02   4   0 0  0 4  0 0  0
    52  -.1251113055459214E-04   4   2 0  0 0  0 2  0
    53  0.9974085855931487E-04   4   1 1  0 0  0 2  0
    54  -.2391488952107793E-01   4   0 2  0 0  0 2  0
    55  0.9189965789821191E-03   4   0 1  1 0  0 2  0
    56  -.1251113055459214E-04   4   0 0  2 0  0 2  0
    57  -.9189965789821191E-03   4   1 0  0 1  0 2  0
    58  0.9974085855931487E-04   4   0 0  1 1  0 2  0
    59  -.2391488952107793E-01   4   0 0  0 2  0 2  0
    60  -.3542567864577317E-02   4   0 0  0 0  0 4  0
    61  0.5208219769301420E-03   5   4 0  0 0  0 1  0
    62  -.1787723338672257E-02   5   3 1  0 0  0 1  0
    63  -.8691913185719361E-04   5   2 2  0 0  0 1  0
    64  -.2117263935625024E-03   5   1 3  0 0  0 1  0
    65  0.2787482690143736E-01   5   0 4  0 0  0 1  0
    66  -.1885966040978613E-01   5   2 1  1 0  0 1  0
    67  -.7757603408822902E-03   5   1 2  1 0  0 1  0
    68  -.2155294099426199E-02   5   0 3  1 0  0 1  0
    69  0.1041643953860284E-02   5   2 0  2 0  0 1  0
    70  -.1787723338672258E-02   5   1 1  2 0  0 1  0
    71  0.1087932872164847E-03   5   0 2  2 0  0 1  0
    72  -.1885966040978614E-01   5   0 1  3 0  0 1  0
    73  0.5208219769301427E-03   5   0 0  4 0  0 1  0
    74  0.1885966040978611E-01   5   3 0  0 1  0 1  0
    75  0.7757603408822834E-03   5   2 1  0 1  0 1  0
    76  0.2155294099426199E-02   5   1 2  0 1  0 1  0
    77  -.1787723338672260E-02   5   2 0  1 1  0 1  0
    78  -.3914248381473589E-03   5   1 1  1 1  0 1  0
    79  -.2117263935625025E-03   5   0 2  1 1  0 1  0
    80  0.1885966040978612E-01   5   1 0  2 1  0 1  0
    81  -.7757603408822848E-03   5   0 1  2 1  0 1  0
    82  -.1787723338672261E-02   5   0 0  3 1  0 1  0
    83  0.1087932872164845E-03   5   2 0  0 2  0 1  0
    84  -.2117263935625026E-03   5   1 1  0 2  0 1  0
    85  0.5574965380287469E-01   5   0 2  0 2  0 1  0
    86  0.7757603408822895E-03   5   1 0  1 2  0 1  0
    87  -.2155294099426199E-02   5   0 1  1 2  0 1  0
    88  -.8691913185719361E-04   5   0 0  2 2  0 1  0
    89  0.2155294099426199E-02   5   1 0  0 3  0 1  0
    90  -.2117263935625024E-03   5   0 0  1 3  0 1  0
    91  0.2787482690143736E-01   5   0 0  0 4  0 1  0
    92  0.1430673351164606E-04   5   2 0  0 0  0 3  0
    93  -.1343462616724799E-03   5   1 1  0 0  0 3  0
    94  0.2738523576033851E-01   5   0 2  0 0  0 3  0
    95  -.1049560404163517E-02   5   0 1  1 0  0 3  0
    96  0.1430673351164606E-04   5   0 0  2 0  0 3  0
    97  0.1049560404163517E-02   5   1 0  0 1  0 3  0
    98  -.1343462616724799E-03   5   0 0  1 1  0 3  0
    99  0.2738523576033851E-01   5   0 0  0 2  0 3  0
   100  0.3319893953354093E-02   5   0 0  0 0  0 5  0
   --------------------------------------------------
     I  COEFFICIENT            ORDER EXPONENTS
     1  1.0000000000000000       1   0 0  0 0  0 1  0
     ------------------------------------------------
     ALL COMPONENTS ZERO 
     ------------------- 
     ALL COMPONENTS ZERO 
     ------------------- 
