 L    0.3793416666666660E-01
 P (  0.0000000000000000E+00,  0.0000000000000000E+00,  0.1631169166666666E+01)
 A (  0.0000000000000000E+00,  0.0000000000000000E+00,  0.0000000000000000E+00)
     I  COEFFICIENT            ORDER EXPONENTS
     1   1.000051692548833       1   1 0  0 0  0 0  0
     2  0.3772267730858959E-01   1   0 1  0 0  0 0  0
     3  -.9549226711465386E-03   1   0 0  1 0  0 0  0
     4  0.3461819939206959E-02   1   0 0  0 1  0 0  0
     5  -.7036534087251276E-04   2   1 0  0 0  0 1  0
     6  -.2542434019477316E-01   2   0 1  0 0  0 1  0
     7  0.6479089361941631E-03   2   0 0  1 0  0 1  0
     8  -.4706036157690647E-02   2   0 0  0 1  0 1  0
     9  0.6291069013348127E-03   3   3 0  0 0  0 0  0
    10  -.1972533059815376E-02   3   2 1  0 0  0 0  0
    11  -.7393754000516578E-04   3   1 2  0 0  0 0  0
    12  0.1864891393214020E-01   3   0 3  0 0  0 0  0
    13  -.8442075341118637E-02   3   2 0  1 0  0 0  0
    14  -.3201209475183350E-03   3   1 1  1 0  0 0  0
    15  -.1413748635466976E-02   3   0 2  1 0  0 0  0
    16  0.6291069013348127E-03   3   1 0  2 0  0 0  0
    17  -.1940046363599190E-02   3   0 1  2 0  0 0  0
    18  -.8442075341118635E-02   3   0 0  3 0  0 0  0
    19  0.1643210993490317E-01   3   2 0  0 1  0 0  0
    20  0.1326350424781931E-02   3   1 1  0 1  0 0  0
    21  0.3455775121365449E-02   3   0 2  0 1  0 0  0
    22  -.3248669621618606E-04   3   1 0  1 1  0 0  0
    23  -.3172114968954249E-03   3   0 1  1 1  0 0  0
    24  0.1611198898738484E-01   3   0 0  2 1  0 0  0
    25  0.2432739568902589E-03   3   1 0  0 2  0 0  0
    26  0.1864891393214020E-01   3   0 1  0 2  0 0  0
    27  -.8739821068504537E-04   3   0 0  1 2  0 0  0
    28  0.3455775121365449E-02   3   0 0  0 3  0 0  0
    29  0.7703481570567710E-04   3   1 0  0 0  0 2  0
    30  0.1892648296457644E-01   3   0 1  0 0  0 2  0
    31  -.4867625315636453E-03   3   0 0  1 0  0 2  0
    32  0.5143517034645844E-02   3   0 0  0 1  0 2  0
    33  -.8556823982453262E-03   4   3 0  0 0  0 1  0
    34  0.4025311795045512E-02   4   2 1  0 0  0 1  0
    35  0.1995792103210618E-03   4   1 2  0 0  0 1  0
    36  -.3770136694968148E-01   4   0 3  0 0  0 1  0
    37  0.5708267679601040E-02   4   2 0  1 0  0 1  0
    38  0.4360002942793682E-03   4   1 1  1 0  0 1  0
    39  0.2856226902288783E-02   4   0 2  1 0  0 1  0
    40  -.8556823982453263E-03   4   1 0  2 0  0 1  0
    41  0.3958995231026190E-02   4   0 1  2 0  0 1  0
    42  0.5708267679601040E-02   4   0 0  3 0  0 1  0
    43  -.2222355417299553E-01   4   2 0  0 1  0 1  0
    44  -.2658129580997487E-02   4   1 1  0 1  0 1  0
    45  -.9395374589918206E-02   4   0 2  0 1  0 1  0
    46  0.6631656401932511E-04   4   1 0  1 1  0 1  0
    47  0.8601151608713482E-03   4   0 1  1 1  0 1  0
    48  -.2178755387871619E-01   4   0 0  2 1  0 1  0
    49  -.6605359505502864E-03   4   1 0  0 2  0 1  0
    50  -.3770136694968148E-01   4   0 1  0 2  0 1  0
    51  0.1980973212912956E-03   4   0 0  1 2  0 1  0
    52  -.9395374589918206E-02   4   0 0  0 3  0 1  0
    53  -.7934094284708138E-04   4   1 0  0 0  0 3  0
    54  -.1516803759022484E-01   4   0 1  0 0  0 3  0
    55  0.3942532378968272E-03   4   0 0  1 0  0 3  0
    56  -.5287535482211743E-02   4   0 0  0 1  0 3  0
    57  0.8433044656880384E-02   5   5 0  0 0  0 0  0
    58  -.2390583121803029E-01   5   4 1  0 0  0 0  0
    59  -.1788518689622512E-02   5   3 2  0 0  0 0  0
    60  -.3043707446476729E-02   5   2 3  0 0  0 0  0
    61  -.1995377900296458E-03   5   1 4  0 0  0 0  0
    62  0.1382643690812290E-01   5   0 5  0 0  0 0  0
    63  -.8757091684031579E-01   5   4 0  1 0  0 0  0
    64  -.6276792387789379E-02   5   3 1  1 0  0 0  0
    65  -.1242876219949047E-01   5   2 2  1 0  0 0  0
    66  -.6140376465377580E-03   5   1 3  1 0  0 0  0
    67  -.1743676446529996E-02   5   0 4  1 0  0 0  0
    68  0.1686608931376077E-01   5   3 0  2 0  0 0  0
    69  -.4725443049342597E-01   5   2 1  2 0  0 0  0
    70  -.1749293915535460E-02   5   1 2  2 0  0 0  0
    71  -.2859376234753115E-02   5   0 3  2 0  0 0  0
    72  -.1751418336806316       5   2 0  3 0  0 0  0
    73  -.6276792387789373E-02   5   1 1  3 0  0 0  0
    74  -.1229413489387999E-01   5   0 2  3 0  0 0  0
    75  0.8433044656880377E-02   5   1 0  4 0  0 0  0
    76  -.2334859927539578E-01   5   0 1  4 0  0 0  0
    77  -.8757091684031573E-01   5   0 0  5 0  0 0  0
    78  0.1634920124694395       5   4 0  0 1  0 0  0
    79  0.1574449880757166E-01   5   3 1  0 1  0 0  0
    80  0.1680140077782807E-01   5   2 2  0 1  0 0  0
    81  0.1956212534717023E-02   5   1 3  0 1  0 0  0
    82  0.3449579368197430E-02   5   0 4  0 1  0 0  0
    83  -.5572319426345492E-03   5   3 0  1 1  0 0  0
    84  -.5244183935716474E-02   5   2 1  1 1  0 0  0
    85  -.4216262250006408E-03   5   1 2  1 1  0 0  0
    86  -.6337377367464483E-03   5   0 3  1 1  0 0  0
    87  0.3207072325510898       5   2 0  2 1  0 0  0
    88  0.1547524419635068E-01   5   1 1  2 1  0 0  0
    89  0.1577660997016617E-01   5   0 2  2 1  0 0  0
    90  -.5572319426345502E-03   5   1 0  3 1  0 0  0
    91  -.5165734387542364E-02   5   0 1  3 1  0 0  0
    92  0.1572152200816503       5   0 0  4 1  0 0  0
    93  0.3416440472006900E-02   5   3 0  0 2  0 0  0
    94  -.2806412433199705E-02   5   2 1  0 2  0 0  0
    95  0.2346621566871582E-03   5   1 2  0 2  0 0  0
    96  0.2765287381624579E-01   5   0 3  0 2  0 0  0
    97  0.3450363913691645E-02   5   2 0  1 2  0 0  0
    98  0.2074686757105860E-03   5   1 1  1 2  0 0  0
    99  -.1531140358342973E-02   5   0 2  1 2  0 0  0
   100  0.3377215697919851E-02   5   1 0  2 2  0 0  0
   101  -.3096671248030137E-02   5   0 1  2 2  0 0  0
   102  0.3315736608081158E-02   5   0 0  3 2  0 0  0
   103  0.1639064761670391E-01   5   2 0  0 3  0 0  0
   104  0.1956212534717022E-02   5   1 1  0 3  0 0  0
   105  0.6899158736394864E-02   5   0 2  0 3  0 0  0
   106  0.5296380155341431E-04   5   1 0  1 3  0 0  0
   107  -.6337377367464482E-03   5   0 1  1 3  0 0  0
   108  0.1618736313129031E-01   5   0 0  2 3  0 0  0
   109  0.4341999467168026E-03   5   1 0  0 4  0 0  0
   110  0.1382643690812290E-01   5   0 1  0 4  0 0  0
   111  0.2125360881870264E-03   5   0 0  1 4  0 0  0
   112  0.3449579368197430E-02   5   0 0  0 5  0 0  0
   113  0.9358658344516660E-03   5   3 0  0 0  0 2  0
   114  -.5772781323728106E-02   5   2 1  0 0  0 2  0
   115  -.3508367891571166E-03   5   1 2  0 0  0 2  0
   116  0.5346350430364714E-01   5   0 3  0 0  0 2  0
   117  -.4268412233109465E-02   5   2 0  1 0  0 2  0
   118  -.4776560808945526E-03   5   1 1  1 0  0 2  0
   119  -.4047257133926501E-02   5   0 2  1 0  0 2  0
   120  0.9358658344516663E-03   5   1 0  2 0  0 2  0
   121  -.5677638568002743E-02   5   0 1  2 0  0 2  0
   122  -.4268412233109465E-02   5   0 0  3 0  0 2  0
   123  0.2413333374398647E-01   5   2 0  0 1  0 2  0
   124  0.3729648282718604E-02   5   1 1  0 1  0 2  0
   125  0.1665430472559815E-01   5   0 2  0 1  0 2  0
   126  -.9514275572536661E-04   5   1 0  1 1  0 2  0
   127  -.1519943916958103E-02   5   0 1  1 1  0 2  0
   128  0.2365567766309192E-01   5   0 0  2 1  0 2  0
   129  0.1169107127800985E-02   5   1 0  0 2  0 2  0
   130  0.5346350430364714E-01   5   0 1  0 2  0 2  0
   131  -.3176088512078977E-03   5   0 0  1 2  0 2  0
   132  0.1665430472559815E-01   5   0 0  0 3  0 2  0
   133  0.8006102968266937E-04   5   1 0  0 0  0 4  0
   134  0.1278593208003165E-01   5   0 1  0 0  0 4  0
   135  -.3361040428771154E-03   5   0 0  1 0  0 4  0
   136  0.5324819520833704E-02   5   0 0  0 1  0 4  0
   --------------------------------------------------
     I  COEFFICIENT            ORDER EXPONENTS
     1  0.4560646617308750E-02   1   1 0  0 0  0 0  0
     2  0.9834576402481754       1   0 1  0 0  0 0  0
     3  -.6119131875612363E-01   1   0 0  1 0  0 0  0
     4  0.1806449687164313       1   0 0  0 1  0 0  0
     5  -.3094392087969100E-02   2   1 0  0 0  0 1  0
     6  0.2248798865376907E-01   2   0 1  0 0  0 1  0
     7  -.3357452312426766E-03   2   0 0  1 0  0 1  0
     8  -.1217557243659475       2   0 0  0 1  0 1  0
     9  0.6123910676386391E-01   3   3 0  0 0  0 0  0
    10  -.1521491883903168       3   2 1  0 0  0 0  0
    11  -.3342826697942709E-02   3   1 2  0 0  0 0  0
    12  -.1656671894328433E-01   3   0 3  0 0  0 0  0
    13  -.6600983861264389       3   2 0  1 0  0 0  0
    14  -.3349597637067064E-01   3   1 1  1 0  0 0  0
    15  0.9478213466473725E-03   3   0 2  1 0  0 0  0
    16  0.6123910676386388E-01   3   1 0  2 0  0 0  0
    17  -.1524731561491904       3   0 1  2 0  0 0  0
    18  -.6600983861264389       3   0 0  3 0  0 0  0
    19  0.8342608471434034       3   2 0  0 1  0 0  0
    20  0.2909841091911040E-01   3   1 1  0 1  0 0  0
    21  0.8969158158612074E-01   3   0 2  0 1  0 0  0
    22  0.3239677588736276E-03   3   1 0  1 1  0 0  0
    23  -.1197801967475350E-01   3   0 1  1 1  0 0  0
    24  0.8007648707727325       3   0 0  2 1  0 0  0
    25  0.8635192976810792E-02   3   1 0  0 2  0 0  0
    26  -.1656671894328433E-01   3   0 1  0 2  0 0  0
    27  0.3004623226575777E-01   3   0 0  1 2  0 0  0
    28  0.8969158158612074E-01   3   0 0  0 3  0 0  0
    29  0.2324785115510949E-02   3   1 0  0 0  0 2  0
    30  -.2457867645194952E-01   3   0 1  0 0  0 2  0
    31  0.3675690909738480E-03   3   0 0  1 0  0 2  0
    32  0.9064257513794845E-01   3   0 0  0 1  0 2  0
    33  -.4145891731035650E-01   4   3 0  0 0  0 1  0
    34  0.2062973904454962       4   2 1  0 0  0 1  0
    35  0.6708974734725703E-02   4   1 2  0 0  0 1  0
    36  0.4504095412953910E-01   4   0 3  0 0  0 1  0
    37  -.5579067181417599E-02   4   2 0  1 0  0 1  0
    38  0.2290705469709282E-01   4   1 1  1 0  0 1  0
    39  -.3215407590186714E-02   4   0 2  1 0  0 1  0
    40  -.4145891731035648E-01   4   1 0  2 0  0 1  0
    41  0.2067404066395916       4   0 1  2 0  0 1  0
    42  -.5579067181417598E-02   4   0 0  3 0  0 1  0
    43  -.5499050049041134       4   2 0  0 1  0 1  0
    44  -.3680881391058419E-01   4   1 1  0 1  0 1  0
    45  -.1813336574522459       4   0 2  0 1  0 1  0
    46  -.4430161940953330E-03   4   1 0  1 1  0 1  0
    47  0.2417111559656144E-01   4   0 1  1 1  0 1  0
    48  -.5269979502070208       4   0 0  2 1  0 1  0
    49  -.1746214086183573E-01   4   1 0  0 2  0 1  0
    50  0.4504095412953910E-01   4   0 1  0 2  0 1  0
    51  -.4002422150077090E-01   4   0 0  1 2  0 1  0
    52  -.1813336574522459       4   0 0  0 3  0 1  0
    53  -.1882980698939129E-02   4   1 0  0 0  0 3  0
    54  0.2526707388815598E-01   4   0 1  0 0  0 3  0
    55  -.3785735656477287E-03   4   0 0  1 0  0 3  0
    56  -.7264706599686657E-01   4   0 0  0 1  0 3  0
    57  0.8069843249151283       5   5 0  0 0  0 0  0
    58  -1.821895065147224       5   4 1  0 0  0 0  0
    59  -.1036966296006151       5   3 2  0 0  0 0  0
    60  -.1561603382990721       5   2 3  0 0  0 0  0
    61  -.6703569760200454E-02   5   1 4  0 0  0 0  0
    62  -.1659061942361323E-01   5   0 5  0 0  0 0  0
    63  -6.472968393925903       5   4 0  1 0  0 0  0
    64  -.6403515869230598       5   3 1  1 0  0 0  0
    65  0.2028822890294901E-02   5   2 2  1 0  0 0  0
    66  -.1619253274681472E-01   5   1 3  1 0  0 0  0
    67  0.2125210807837024E-02   5   0 4  1 0  0 0  0
    68   1.613968649830256       5   3 0  2 0  0 0  0
    69  -3.657712761938988       5   2 1  2 0  0 0  0
    70  -.1019629982958799       5   1 2  2 0  0 0  0
    71  -.1534177208216594       5   0 3  2 0  0 0  0
    72  -12.94593678785181       5   2 0  3 0  0 0  0
    73  -.6403515869230595       5   1 1  3 0  0 0  0
    74  0.1994713386024920E-01   5   0 2  3 0  0 0  0
    75  0.8069843249151284       5   1 0  4 0  0 0  0
    76  -1.835817696791761       5   0 1  4 0  0 0  0
    77  -6.472968393925903       5   0 0  5 0  0 0  0
    78   8.195073013640208       5   4 0  0 1  0 0  0
    79  0.5631521562369607       5   3 1  0 1  0 0  0
    80  0.4238569780528442       5   2 2  0 1  0 0  0
    81  0.2738743078007591E-01   5   1 3  0 1  0 0  0
    82  0.6678963774161822E-01   5   0 4  0 1  0 0  0
    83  0.1392263164453669E-01   5   3 0  1 1  0 0  0
    84  -.2408191417414525       5   2 1  1 1  0 0  0
    85  -.1087918438734835E-01   5   1 2  1 1  0 0  0
    86  -.1789434624501971E-01   5   0 3  1 1  0 0  0
    87   15.74979444035736       5   2 0  2 1  0 0  0
    88  0.5273155342970518       5   1 1  2 1  0 0  0
    89  0.3950259465730070       5   0 2  2 1  0 0  0
    90  0.1392263164453665E-01   5   1 0  3 1  0 0  0
    91  -.2373518791319817       5   0 1  3 1  0 0  0
    92   7.554721426717150       5   0 0  4 1  0 0  0
    93  0.1353888808361019       5   3 0  0 2  0 0  0
    94  -.1480237713891367       5   2 1  0 2  0 0  0
    95  0.4487206724618886E-02   5   1 2  0 2  0 0  0
    96  -.3318123884722649E-01   5   0 3  0 2  0 0  0
    97  0.5830992900972102       5   2 0  1 2  0 0  0
    98  0.9084464719230453E-02   5   1 1  1 2  0 0  0
    99  0.3163785239574988E-01   5   0 2  1 2  0 0  0
   100  0.1336552495313667       5   1 0  2 2  0 0  0
   101  -.1615542877315949       5   0 1  2 2  0 0  0
   102  0.5651809791272557       5   0 0  3 2  0 0  0
   103  0.4112184793198217       5   2 0  0 3  0 0  0
   104  0.2738743078007587E-01   5   1 1  0 3  0 0  0
   105  0.1335792754832366       5   0 2  0 3  0 0  0
   106  0.5393949432522850E-02   5   1 0  1 3  0 0  0
   107  -.1789434624501972E-01   5   0 1  1 3  0 0  0
   108  0.4076644453060296       5   0 0  2 3  0 0  0
   109  0.1119077648481927E-01   5   1 0  0 4  0 0  0
   110  -.1659061942361319E-01   5   0 1  0 4  0 0  0
   111  0.2951264158791294E-01   5   0 0  1 4  0 0  0
   112  0.6678963774161822E-01   5   0 0  0 5  0 0  0
   113  0.3105367801947443E-01   5   3 0  0 0  0 2  0
   114  -.2247438339459551       5   2 1  0 0  0 2  0
   115  -.9430184952720355E-02   5   1 2  0 0  0 2  0
   116  -.7984042166776815E-01   5   0 3  0 0  0 2  0
   117  0.6103603393621855E-02   5   2 0  1 0  0 2  0
   118  -.1739412986723833E-01   5   1 1  1 0  0 2  0
   119  0.6128096343354405E-02   5   0 2  1 0  0 2  0
   120  0.3105367801947441E-01   5   1 0  2 0  0 2  0
   121  -.2252315942388256       5   0 1  2 0  0 2  0
   122  0.6103603393621854E-02   5   0 0  3 0  0 2  0
   123  0.3966227916437595       5   2 0  0 1  0 2  0
   124  0.3651020477080689E-01   5   1 1  0 1  0 2  0
   125  0.2571620353641738       5   0 2  0 1  0 2  0
   126  0.4877602928707372E-03   5   1 0  1 1  0 2  0
   127  -.3420182849492399E-01   5   0 1  1 1  0 2  0
   128  0.3792286617765211       5   0 0  2 1  0 2  0
   129  0.2477164354220364E-01   5   1 0  0 2  0 2  0
   130  -.7984042166776815E-01   5   0 1  0 2  0 2  0
   131  0.4263830111416129E-01   5   0 0  1 2  0 2  0
   132  0.2571620353641738       5   0 0  0 3  0 2  0
   133  0.1605275313920968E-02   5   1 0  0 0  0 4  0
   134  -.2544544937737292E-01   5   0 1  0 0  0 4  0
   135  0.3820103742369701E-03   5   0 0  1 0  0 4  0
   136  0.6124201060569432E-01   5   0 0  0 1  0 4  0
   --------------------------------------------------
     I  COEFFICIENT            ORDER EXPONENTS
     1  0.9549226711465386E-03   1   1 0  0 0  0 0  0
     2  -.3461819939206959E-02   1   0 1  0 0  0 0  0
     3   1.000051692548833       1   0 0  1 0  0 0  0
     4  0.3772267730858959E-01   1   0 0  0 1  0 0  0
     5  -.6479089361941631E-03   2   1 0  0 0  0 1  0
     6  0.4706036157690647E-02   2   0 1  0 0  0 1  0
     7  -.7036534087251276E-04   2   0 0  1 0  0 1  0
     8  -.2542434019477316E-01   2   0 0  0 1  0 1  0
     9  0.8442075341118642E-02   3   3 0  0 0  0 0  0
    10  -.1611198898738484E-01   3   2 1  0 0  0 0  0
    11  0.8739821068504537E-04   3   1 2  0 0  0 0  0
    12  -.3455775121365449E-02   3   0 3  0 0  0 0  0
    13  0.6291069013348122E-03   3   2 0  1 0  0 0  0
    14  -.3248669621618606E-04   3   1 1  1 0  0 0  0
    15  0.2432739568902589E-03   3   0 2  1 0  0 0  0
    16  0.8442075341118635E-02   3   1 0  2 0  0 0  0
    17  -.1643210993490317E-01   3   0 1  2 0  0 0  0
    18  0.6291069013348126E-03   3   0 0  3 0  0 0  0
    19  -.1940046363599190E-02   3   2 0  0 1  0 0  0
    20  -.3172114968954249E-03   3   1 1  0 1  0 0  0
    21  0.1864891393214020E-01   3   0 2  0 1  0 0  0
    22  0.3201209475183346E-03   3   1 0  1 1  0 0  0
    23  -.1326350424781931E-02   3   0 1  1 1  0 0  0
    24  -.1972533059815376E-02   3   0 0  2 1  0 0  0
    25  0.1413748635466976E-02   3   1 0  0 2  0 0  0
    26  -.3455775121365449E-02   3   0 1  0 2  0 0  0
    27  -.7393754000516575E-04   3   0 0  1 2  0 0  0
    28  0.1864891393214020E-01   3   0 0  0 3  0 0  0
    29  0.4867625315636453E-03   3   1 0  0 0  0 2  0
    30  -.5143517034645844E-02   3   0 1  0 0  0 2  0
    31  0.7703481570567710E-04   3   0 0  1 0  0 2  0
    32  0.1892648296457644E-01   3   0 0  0 1  0 2  0
    33  -.5708267679601044E-02   4   3 0  0 0  0 1  0
    34  0.2178755387871619E-01   4   2 1  0 0  0 1  0
    35  -.1980973212912956E-03   4   1 2  0 0  0 1  0
    36  0.9395374589918206E-02   4   0 3  0 0  0 1  0
    37  -.8556823982453258E-03   4   2 0  1 0  0 1  0
    38  0.6631656401932511E-04   4   1 1  1 0  0 1  0
    39  -.6605359505502867E-03   4   0 2  1 0  0 1  0
    40  -.5708267679601040E-02   4   1 0  2 0  0 1  0
    41  0.2222355417299553E-01   4   0 1  2 0  0 1  0
    42  -.8556823982453260E-03   4   0 0  3 0  0 1  0
    43  0.3958995231026190E-02   4   2 0  0 1  0 1  0
    44  0.8601151608713482E-03   4   1 1  0 1  0 1  0
    45  -.3770136694968148E-01   4   0 2  0 1  0 1  0
    46  -.4360002942793682E-03   4   1 0  1 1  0 1  0
    47  0.2658129580997487E-02   4   0 1  1 1  0 1  0
    48  0.4025311795045512E-02   4   0 0  2 1  0 1  0
    49  -.2856226902288783E-02   4   1 0  0 2  0 1  0
    50  0.9395374589918206E-02   4   0 1  0 2  0 1  0
    51  0.1995792103210617E-03   4   0 0  1 2  0 1  0
    52  -.3770136694968148E-01   4   0 0  0 3  0 1  0
    53  -.3942532378968272E-03   4   1 0  0 0  0 3  0
    54  0.5287535482211743E-02   4   0 1  0 0  0 3  0
    55  -.7934094284708138E-04   4   0 0  1 0  0 3  0
    56  -.1516803759022484E-01   4   0 0  0 1  0 3  0
    57  0.8757091684031569E-01   5   5 0  0 0  0 0  0
    58  -.1572152200816503       5   4 1  0 0  0 0  0
    59  -.3315736608081164E-02   5   3 2  0 0  0 0  0
    60  -.1618736313129031E-01   5   2 3  0 0  0 0  0
    61  -.2125360881870265E-03   5   1 4  0 0  0 0  0
    62  -.3449579368197430E-02   5   0 5  0 0  0 0  0
    63  0.8433044656880386E-02   5   4 0  1 0  0 0  0
    64  -.5572319426345501E-03   5   3 1  1 0  0 0  0
    65  0.3377215697919849E-02   5   2 2  1 0  0 0  0
    66  0.5296380155341438E-04   5   1 3  1 0  0 0  0
    67  0.4341999467168026E-03   5   0 4  1 0  0 0  0
    68  0.1751418336806313       5   3 0  2 0  0 0  0
    69  -.3207072325510899       5   2 1  2 0  0 0  0
    70  -.3450363913691649E-02   5   1 2  2 0  0 0  0
    71  -.1639064761670390E-01   5   0 3  2 0  0 0  0
    72  0.1686608931376078E-01   5   2 0  3 0  0 0  0
    73  -.5572319426345491E-03   5   1 1  3 0  0 0  0
    74  0.3416440472006898E-02   5   0 2  3 0  0 0  0
    75  0.8757091684031569E-01   5   1 0  4 0  0 0  0
    76  -.1634920124694397       5   0 1  4 0  0 0  0
    77  0.8433044656880384E-02   5   0 0  5 0  0 0  0
    78  -.2334859927539574E-01   5   4 0  0 1  0 0  0
    79  -.5165734387542362E-02   5   3 1  0 1  0 0  0
    80  -.3096671248030139E-02   5   2 2  0 1  0 0  0
    81  -.6337377367464482E-03   5   1 3  0 1  0 0  0
    82  0.1382643690812290E-01   5   0 4  0 1  0 0  0
    83  0.6276792387789377E-02   5   3 0  1 1  0 0  0
    84  -.1547524419635069E-01   5   2 1  1 1  0 0  0
    85  -.2074686757105867E-03   5   1 2  1 1  0 0  0
    86  -.1956212534717020E-02   5   0 3  1 1  0 0  0
    87  -.4725443049342597E-01   5   2 0  2 1  0 0  0
    88  -.5244183935716470E-02   5   1 1  2 1  0 0  0
    89  -.2806412433199704E-02   5   0 2  2 1  0 0  0
    90  0.6276792387789379E-02   5   1 0  3 1  0 0  0
    91  -.1574449880757164E-01   5   0 1  3 1  0 0  0
    92  -.2390583121803026E-01   5   0 0  4 1  0 0  0
    93  0.1229413489388001E-01   5   3 0  0 2  0 0  0
    94  -.1577660997016617E-01   5   2 1  0 2  0 0  0
    95  0.1531140358342973E-02   5   1 2  0 2  0 0  0
    96  -.6899158736394864E-02   5   0 3  0 2  0 0  0
    97  -.1749293915535462E-02   5   2 0  1 2  0 0  0
    98  -.4216262250006408E-03   5   1 1  1 2  0 0  0
    99  0.2346621566871582E-03   5   0 2  1 2  0 0  0
   100  0.1242876219949047E-01   5   1 0  2 2  0 0  0
   101  -.1680140077782807E-01   5   0 1  2 2  0 0  0
   102  -.1788518689622511E-02   5   0 0  3 2  0 0  0
   103  -.2859376234753113E-02   5   2 0  0 3  0 0  0
   104  -.6337377367464483E-03   5   1 1  0 3  0 0  0
   105  0.2765287381624579E-01   5   0 2  0 3  0 0  0
   106  0.6140376465377571E-03   5   1 0  1 3  0 0  0
   107  -.1956212534717023E-02   5   0 1  1 3  0 0  0
   108  -.3043707446476729E-02   5   0 0  2 3  0 0  0
   109  0.1743676446529996E-02   5   1 0  0 4  0 0  0
   110  -.3449579368197430E-02   5   0 1  0 4  0 0  0
   111  -.1995377900296457E-03   5   0 0  1 4  0 0  0
   112  0.1382643690812290E-01   5   0 0  0 5  0 0  0
   113  0.4268412233109468E-02   5   3 0  0 0  0 2  0
   114  -.2365567766309192E-01   5   2 1  0 0  0 2  0
   115  0.3176088512078980E-03   5   1 2  0 0  0 2  0
   116  -.1665430472559815E-01   5   0 3  0 0  0 2  0
   117  0.9358658344516655E-03   5   2 0  1 0  0 2  0
   118  -.9514275572536660E-04   5   1 1  1 0  0 2  0
   119  0.1169107127800985E-02   5   0 2  1 0  0 2  0
   120  0.4268412233109465E-02   5   1 0  2 0  0 2  0
   121  -.2413333374398647E-01   5   0 1  2 0  0 2  0
   122  0.9358658344516657E-03   5   0 0  3 0  0 2  0
   123  -.5677638568002743E-02   5   2 0  0 1  0 2  0
   124  -.1519943916958102E-02   5   1 1  0 1  0 2  0
   125  0.5346350430364714E-01   5   0 2  0 1  0 2  0
   126  0.4776560808945524E-03   5   1 0  1 1  0 2  0
   127  -.3729648282718604E-02   5   0 1  1 1  0 2  0
   128  -.5772781323728106E-02   5   0 0  2 1  0 2  0
   129  0.4047257133926500E-02   5   1 0  0 2  0 2  0
   130  -.1665430472559815E-01   5   0 1  0 2  0 2  0
   131  -.3508367891571166E-03   5   0 0  1 2  0 2  0
   132  0.5346350430364714E-01   5   0 0  0 3  0 2  0
   133  0.3361040428771154E-03   5   1 0  0 0  0 4  0
   134  -.5324819520833704E-02   5   0 1  0 0  0 4  0
   135  0.8006102968266937E-04   5   0 0  1 0  0 4  0
   136  0.1278593208003165E-01   5   0 0  0 1  0 4  0
   --------------------------------------------------
     I  COEFFICIENT            ORDER EXPONENTS
     1  0.6119131875612363E-01   1   1 0  0 0  0 0  0
     2  -.1806449687164313       1   0 1  0 0  0 0  0
     3  0.4560646617308750E-02   1   0 0  1 0  0 0  0
     4  0.9834576402481754       1   0 0  0 1  0 0  0
     5  0.3357452312426766E-03   2   1 0  0 0  0 1  0
     6  0.1217557243659475       2   0 1  0 0  0 1  0
     7  -.3094392087969100E-02   2   0 0  1 0  0 1  0
     8  0.2248798865376907E-01   2   0 0  0 1  0 1  0
     9  0.6600983861264389       3   3 0  0 0  0 0  0
    10  -.8007648707727325       3   2 1  0 0  0 0  0
    11  -.3004623226575777E-01   3   1 2  0 0  0 0  0
    12  -.8969158158612074E-01   3   0 3  0 0  0 0  0
    13  0.6123910676386388E-01   3   2 0  1 0  0 0  0
    14  0.3239677588736284E-03   3   1 1  1 0  0 0  0
    15  0.8635192976810792E-02   3   0 2  1 0  0 0  0
    16  0.6600983861264386       3   1 0  2 0  0 0  0
    17  -.8342608471434034       3   0 1  2 0  0 0  0
    18  0.6123910676386390E-01   3   0 0  3 0  0 0  0
    19  -.1524731561491904       3   2 0  0 1  0 0  0
    20  -.1197801967475350E-01   3   1 1  0 1  0 0  0
    21  -.1656671894328433E-01   3   0 2  0 1  0 0  0
    22  0.3349597637067062E-01   3   1 0  1 1  0 0  0
    23  -.2909841091911040E-01   3   0 1  1 1  0 0  0
    24  -.1521491883903168       3   0 0  2 1  0 0  0
    25  -.9478213466473724E-03   3   1 0  0 2  0 0  0
    26  -.8969158158612074E-01   3   0 1  0 2  0 0  0
    27  -.3342826697942709E-02   3   0 0  1 2  0 0  0
    28  -.1656671894328433E-01   3   0 0  0 3  0 0  0
    29  -.3675690909738480E-03   3   1 0  0 0  0 2  0
    30  -.9064257513794845E-01   3   0 1  0 0  0 2  0
    31  0.2324785115510949E-02   3   0 0  1 0  0 2  0
    32  -.2457867645194952E-01   3   0 0  0 1  0 2  0
    33  0.5579067181417598E-02   4   3 0  0 0  0 1  0
    34  0.5269979502070208       4   2 1  0 0  0 1  0
    35  0.4002422150077090E-01   4   1 2  0 0  0 1  0
    36  0.1813336574522459       4   0 3  0 0  0 1  0
    37  -.4145891731035648E-01   4   2 0  1 0  0 1  0
    38  -.4430161940953342E-03   4   1 1  1 0  0 1  0
    39  -.1746214086183573E-01   4   0 2  1 0  0 1  0
    40  0.5579067181417602E-02   4   1 0  2 0  0 1  0
    41  0.5499050049041133       4   0 1  2 0  0 1  0
    42  -.4145891731035648E-01   4   0 0  3 0  0 1  0
    43  0.2067404066395916       4   2 0  0 1  0 1  0
    44  0.2417111559656143E-01   4   1 1  0 1  0 1  0
    45  0.4504095412953910E-01   4   0 2  0 1  0 1  0
    46  -.2290705469709282E-01   4   1 0  1 1  0 1  0
    47  0.3680881391058419E-01   4   0 1  1 1  0 1  0
    48  0.2062973904454962       4   0 0  2 1  0 1  0
    49  0.3215407590186714E-02   4   1 0  0 2  0 1  0
    50  0.1813336574522459       4   0 1  0 2  0 1  0
    51  0.6708974734725703E-02   4   0 0  1 2  0 1  0
    52  0.4504095412953910E-01   4   0 0  0 3  0 1  0
    53  0.3785735656477287E-03   4   1 0  0 0  0 3  0
    54  0.7264706599686657E-01   4   0 1  0 0  0 3  0
    55  -.1882980698939129E-02   4   0 0  1 0  0 3  0
    56  0.2526707388815598E-01   4   0 0  0 1  0 3  0
    57   6.472968393925903       5   5 0  0 0  0 0  0
    58  -7.554721426717147       5   4 1  0 0  0 0  0
    59  -.5651809791272556       5   3 2  0 0  0 0  0
    60  -.4076644453060296       5   2 3  0 0  0 0  0
    61  -.2951264158791294E-01   5   1 4  0 0  0 0  0
    62  -.6678963774161822E-01   5   0 5  0 0  0 0  0
    63  0.8069843249151291       5   4 0  1 0  0 0  0
    64  0.1392263164453666E-01   5   3 1  1 0  0 0  0
    65  0.1336552495313667       5   2 2  1 0  0 0  0
    66  0.5393949432522855E-02   5   1 3  1 0  0 0  0
    67  0.1119077648481927E-01   5   0 4  1 0  0 0  0
    68   12.94593678785180       5   3 0  2 0  0 0  0
    69  -15.74979444035736       5   2 1  2 0  0 0  0
    70  -.5830992900972100       5   1 2  2 0  0 0  0
    71  -.4112184793198217       5   0 3  2 0  0 0  0
    72   1.613968649830258       5   2 0  3 0  0 0  0
    73  0.1392263164453668E-01   5   1 1  3 0  0 0  0
    74  0.1353888808361019       5   0 2  3 0  0 0  0
    75   6.472968393925903       5   1 0  4 0  0 0  0
    76  -8.195073013640211       5   0 1  4 0  0 0  0
    77  0.8069843249151284       5   0 0  5 0  0 0  0
    78  -1.835817696791760       5   4 0  0 1  0 0  0
    79  -.2373518791319819       5   3 1  0 1  0 0  0
    80  -.1615542877315950       5   2 2  0 1  0 0  0
    81  -.1789434624501972E-01   5   1 3  0 1  0 0  0
    82  -.1659061942361319E-01   5   0 4  0 1  0 0  0
    83  0.6403515869230595       5   3 0  1 1  0 0  0
    84  -.5273155342970521       5   2 1  1 1  0 0  0
    85  -.9084464719230457E-02   5   1 2  1 1  0 0  0
    86  -.2738743078007586E-01   5   0 3  1 1  0 0  0
    87  -3.657712761938987       5   2 0  2 1  0 0  0
    88  -.2408191417414524       5   1 1  2 1  0 0  0
    89  -.1480237713891367       5   0 2  2 1  0 0  0
    90  0.6403515869230594       5   1 0  3 1  0 0  0
    91  -.5631521562369608       5   0 1  3 1  0 0  0
    92  -1.821895065147225       5   0 0  4 1  0 0  0
    93  -.1994713386024920E-01   5   3 0  0 2  0 0  0
    94  -.3950259465730070       5   2 1  0 2  0 0  0
    95  -.3163785239574986E-01   5   1 2  0 2  0 0  0
    96  -.1335792754832366       5   0 3  0 2  0 0  0
    97  -.1019629982958799       5   2 0  1 2  0 0  0
    98  -.1087918438734835E-01   5   1 1  1 2  0 0  0
    99  0.4487206724618886E-02   5   0 2  1 2  0 0  0
   100  -.2028822890294913E-02   5   1 0  2 2  0 0  0
   101  -.4238569780528442       5   0 1  2 2  0 0  0
   102  -.1036966296006151       5   0 0  3 2  0 0  0
   103  -.1534177208216594       5   2 0  0 3  0 0  0
   104  -.1789434624501971E-01   5   1 1  0 3  0 0  0
   105  -.3318123884722649E-01   5   0 2  0 3  0 0  0
   106  0.1619253274681473E-01   5   1 0  1 3  0 0  0
   107  -.2738743078007591E-01   5   0 1  1 3  0 0  0
   108  -.1561603382990721       5   0 0  2 3  0 0  0
   109  -.2125210807837024E-02   5   1 0  0 4  0 0  0
   110  -.6678963774161822E-01   5   0 1  0 4  0 0  0
   111  -.6703569760200455E-02   5   0 0  1 4  0 0  0
   112  -.1659061942361323E-01   5   0 0  0 5  0 0  0
   113  -.6103603393621856E-02   5   3 0  0 0  0 2  0
   114  -.3792286617765211       5   2 1  0 0  0 2  0
   115  -.4263830111416129E-01   5   1 2  0 0  0 2  0
   116  -.2571620353641738       5   0 3  0 0  0 2  0
   117  0.3105367801947441E-01   5   2 0  1 0  0 2  0
   118  0.4877602928707387E-03   5   1 1  1 0  0 2  0
   119  0.2477164354220364E-01   5   0 2  1 0  0 2  0
   120  -.6103603393621857E-02   5   1 0  2 0  0 2  0
   121  -.3966227916437595       5   0 1  2 0  0 2  0
   122  0.3105367801947442E-01   5   0 0  3 0  0 2  0
   123  -.2252315942388256       5   2 0  0 1  0 2  0
   124  -.3420182849492398E-01   5   1 1  0 1  0 2  0
   125  -.7984042166776815E-01   5   0 2  0 1  0 2  0
   126  0.1739412986723834E-01   5   1 0  1 1  0 2  0
   127  -.3651020477080688E-01   5   0 1  1 1  0 2  0
   128  -.2247438339459551       5   0 0  2 1  0 2  0
   129  -.6128096343354406E-02   5   1 0  0 2  0 2  0
   130  -.2571620353641738       5   0 1  0 2  0 2  0
   131  -.9430184952720355E-02   5   0 0  1 2  0 2  0
   132  -.7984042166776815E-01   5   0 0  0 3  0 2  0
   133  -.3820103742369701E-03   5   1 0  0 0  0 4  0
   134  -.6124201060569432E-01   5   0 1  0 0  0 4  0
   135  0.1605275313920968E-02   5   0 0  1 0  0 4  0
   136  -.2544544937737292E-01   5   0 0  0 1  0 4  0
   --------------------------------------------------
     I  COEFFICIENT            ORDER EXPONENTS
     1  1.0000000000000000       1   0 0  0 0  1 0  0
     2  0.3845463487677048E-02   1   0 0  0 0  0 1  0
     3  -.1237084900047989E-04   2   2 0  0 0  0 0  0
     4  0.4841915275481649E-04   2   1 1  0 0  0 0  0
     5  -.1292765087131264E-01   2   0 2  0 0  0 0  0
     6  0.6498998352011116E-03   2   0 1  1 0  0 0  0
     7  -.1237084900047989E-04   2   0 0  2 0  0 0  0
     8  -.6498998352011116E-03   2   1 0  0 1  0 0  0
     9  0.4841915275481649E-04   2   0 0  1 1  0 0  0
    10  -.1292765087131264E-01   2   0 0  0 2  0 0  0
    11  -.3931661018608455E-02   2   0 0  0 0  0 2  0
    12  0.1867563645320623E-04   3   2 0  0 0  0 1  0
    13  -.1060787464136235E-03   3   1 1  0 0  0 1  0
    14  0.1954520390212514E-01   3   0 2  0 0  0 1  0
    15  -.9792431635916019E-03   3   0 1  1 0  0 1  0
    16  0.1867563645320623E-04   3   0 0  2 0  0 1  0
    17  0.9792431635916019E-03   3   1 0  0 1  0 1  0
    18  -.1060787464136235E-03   3   0 0  1 1  0 1  0
    19  0.1954520390212514E-01   3   0 0  0 2  0 1  0
    20  0.3768058509294893E-02   3   0 0  0 0  0 3  0
    21  -.2369207514837701E-03   4   4 0  0 0  0 0  0
    22  0.7457367153638433E-03   4   3 1  0 0  0 0  0
    23  0.1778080420855156E-04   4   2 2  0 0  0 0  0
    24  0.9744469890908559E-04   4   1 3  0 0  0 0  0
    25  -.9694845713193536E-02   4   0 4  0 0  0 0  0
    26  0.5726865591667675E-02   4   2 1  1 0  0 0  0
    27  0.2074700643587947E-03   4   1 2  1 0  0 0  0
    28  0.9747191912336853E-03   4   0 3  1 0  0 0  0
    29  -.4738415029675397E-03   4   2 0  2 0  0 0  0
    30  0.7457367153638423E-03   4   1 1  2 0  0 0  0
    31  -.5900856445836471E-04   4   0 2  2 0  0 0  0
    32  0.5726865591667676E-02   4   0 1  3 0  0 0  0
    33  -.2369207514837699E-03   4   0 0  4 0  0 0  0
    34  -.5726865591667680E-02   4   3 0  0 1  0 0  0
    35  -.2074700643587871E-03   4   2 1  0 1  0 0  0
    36  -.9747191912336859E-03   4   1 2  0 1  0 0  0
    37  0.7457367153638430E-03   4   2 0  1 1  0 0  0
    38  0.1535787373338349E-03   4   1 1  1 1  0 0  0
    39  0.9744469890908582E-04   4   0 2  1 1  0 0  0
    40  -.5726865591667676E-02   4   1 0  2 1  0 0  0
    41  0.2074700643587867E-03   4   0 1  2 1  0 0  0
    42  0.7457367153638424E-03   4   0 0  3 1  0 0  0
    43  -.5900856445836534E-04   4   2 0  0 2  0 0  0
    44  0.9744469890908580E-04   4   1 1  0 2  0 0  0
    45  -.1938969142638707E-01   4   0 2  0 2  0 0  0
    46  -.2074700643587945E-03   4   1 0  1 2  0 0  0
    47  0.9747191912336859E-03   4   0 1  1 2  0 0  0
    48  0.1778080420855156E-04   4   0 0  2 2  0 0  0
    49  -.9747191912336854E-03   4   1 0  0 3  0 0  0
    50  0.9744469890908559E-04   4   0 0  1 3  0 0  0
    51  -.9694845713193536E-02   4   0 0  0 4  0 0  0
    52  -.2281140401819610E-04   4   2 0  0 0  0 2  0
    53  0.1639891749417062E-03   4   1 1  0 0  0 2  0
    54  -.2391372855435048E-01   4   0 2  0 0  0 2  0
    55  0.1193498867056765E-02   4   0 1  1 0  0 2  0
    56  -.2281140401819610E-04   4   0 0  2 0  0 2  0
    57  -.1193498867056765E-02   4   1 0  0 1  0 2  0
    58  0.1639891749417062E-03   4   0 0  1 1  0 2  0
    59  -.2391372855435048E-01   4   0 0  0 2  0 2  0
    60  -.3542567864577317E-02   4   0 0  0 0  0 4  0
    61  0.3574599530559675E-03   5   4 0  0 0  0 1  0
    62  -.1632624007688978E-02   5   3 1  0 0  0 1  0
    63  -.5053503426608896E-04   5   2 2  0 0  0 1  0
    64  -.3461804818028278E-03   5   1 3  0 0  0 1  0
    65  0.2787255196505839E-01   5   0 4  0 0  0 1  0
    66  -.8590190548572107E-02   5   2 1  1 0  0 1  0
    67  -.4403015728952828E-03   5   1 2  1 0  0 1  0
    68  -.2793880149711369E-02   5   0 3  1 0  0 1  0
    69  0.7149199061119348E-03   5   2 0  2 0  0 1  0
    70  -.1632624007688977E-02   5   1 1  2 0  0 1  0
    71  0.1688658058350901E-03   5   0 2  2 0  0 1  0
    72  -.8590190548572111E-02   5   0 1  3 0  0 1  0
    73  0.3574599530559674E-03   5   0 0  4 0  0 1  0
    74  0.8590190548572121E-02   5   3 0  0 1  0 1  0
    75  0.4403015728952703E-03   5   2 1  0 1  0 1  0
    76  0.2793880149711369E-02   5   1 2  0 1  0 1  0
    77  -.1632624007688978E-02   5   2 0  1 1  0 1  0
    78  -.4388016802023658E-03   5   1 1  1 1  0 1  0
    79  -.3461804818028281E-03   5   0 2  1 1  0 1  0
    80  0.8590190548572111E-02   5   1 0  2 1  0 1  0
    81  -.4403015728952674E-03   5   0 1  2 1  0 1  0
    82  -.1632624007688977E-02   5   0 0  3 1  0 1  0
    83  0.1688658058350912E-03   5   2 0  0 2  0 1  0
    84  -.3461804818028279E-03   5   1 1  0 2  0 1  0
    85  0.5574510393011679E-01   5   0 2  0 2  0 1  0
    86  0.4403015728952826E-03   5   1 0  1 2  0 1  0
    87  -.2793880149711369E-02   5   0 1  1 2  0 1  0
    88  -.5053503426608896E-04   5   0 0  2 2  0 1  0
    89  0.2793880149711369E-02   5   1 0  0 3  0 1  0
    90  -.3461804818028277E-03   5   0 0  1 3  0 1  0
    91  0.2787255196505839E-01   5   0 0  0 4  0 1  0
    92  0.2607537876710002E-04   5   2 0  0 0  0 3  0
    93  -.2207910916547904E-03   5   1 1  0 0  0 3  0
    94  0.2738342416769510E-01   5   0 2  0 0  0 3  0
    95  -.1361168593812830E-02   5   0 1  1 0  0 3  0
    96  0.2607537876710002E-04   5   0 0  2 0  0 3  0
    97  0.1361168593812830E-02   5   1 0  0 1  0 3  0
    98  -.2207910916547904E-03   5   0 0  1 1  0 3  0
    99  0.2738342416769510E-01   5   0 0  0 2  0 3  0
   100  0.3319893953354093E-02   5   0 0  0 0  0 5  0
   --------------------------------------------------
     I  COEFFICIENT            ORDER EXPONENTS
     1  1.0000000000000000       1   0 0  0 0  0 1  0
     ------------------------------------------------
     ALL COMPONENTS ZERO 
     ------------------- 
     ALL COMPONENTS ZERO 
     ------------------- 
