 L    0.3793416666666666E-01
 P (  0.0000000000000000E+00,  0.0000000000000000E+00,  0.1896708333333333E+00)
 A (  0.0000000000000000E+00,  0.0000000000000000E+00,  0.0000000000000000E+00)
     I  COEFFICIENT            ORDER EXPONENTS
     1  0.9999970821734641       1   1 0  0 0  0 0  0
     2  0.3760047260701736E-01   1   0 1  0 0  0 0  0
     3  0.3818164267900635E-04   1   0 0  1 0  0 0  0
     4  0.4344039319552653E-02   1   0 0  0 1  0 0  0
     5  0.3967167452273240E-05   2   1 0  0 0  0 1  0
     6  -.2517517291844622E-01   2   0 1  0 0  0 1  0
     7  -.2579713404409132E-04   2   0 0  1 0  0 1  0
     8  -.5895745017920403E-02   2   0 0  0 1  0 1  0
     9  0.6427977100463579E-05   3   3 0  0 0  0 0  0
    10  0.5062030275333381E-05   3   2 1  0 0  0 0  0
    11  0.1254767052969959E-06   3   1 2  0 0  0 0  0
    12  0.1846745444261698E-01   3   0 3  0 0  0 0  0
    13  -.8383017201052227E-04   3   2 0  1 0  0 0  0
    14  -.2149465064514261E-05   3   1 1  1 0  0 0  0
    15  0.5606539377484199E-04   3   0 2  1 0  0 0  0
    16  0.6427977100463612E-05   3   1 0  2 0  0 0  0
    17  0.5114134456161989E-05   3   0 1  2 0  0 0  0
    18  -.8383017201052228E-04   3   0 0  3 0  0 0  0
    19  -.3150019443935666E-04   3   2 0  0 1  0 0  0
    20  -.3734593617286349E-04   3   1 1  0 1  0 0  0
    21  0.4324863186437716E-02   3   0 2  0 1  0 0  0
    22  -.5210418082859541E-07   3   1 0  1 1  0 0  0
    23  0.1179207680504059E-04   3   0 1  1 1  0 0  0
    24  -.3364965950387098E-04   3   0 0  2 1  0 0  0
    25  -.1166660009974359E-04   3   1 0  0 2  0 0  0
    26  0.1846745444261698E-01   3   0 1  0 2  0 0  0
    27  0.1871945760197852E-04   3   0 0  1 2  0 0  0
    28  0.4324863186437716E-02   3   0 0  0 3  0 0  0
    29  -.4336840421453179E-05   3   1 0  0 0  0 2  0
    30  0.1856951087999127E-01   3   0 1  0 0  0 2  0
    31  0.1926949553095560E-04   3   0 0  1 0  0 2  0
    32  0.6430751160026242E-02   3   0 0  0 1  0 2  0
    33  -.8739528777908289E-05   4   3 0  0 0  0 1  0
    34  -.1031273292271836E-04   4   2 1  0 0  0 1  0
    35  -.2446902711665507E-06   4   1 2  0 0  0 1  0
    36  -.3708471999639033E-01   4   0 3  0 0  0 1  0
    37  0.5663588612268984E-04   4   2 0  1 0  0 1  0
    38  0.2926315622910102E-05   4   1 1  1 0  0 1  0
    39  -.1126980490521786E-03   4   0 2  1 0  0 1  0
    40  -.8739528777908372E-05   4   1 0  2 0  0 1  0
    41  -.1041890909362395E-04   4   0 1  2 0  0 1  0
    42  0.5663588612268985E-04   4   0 0  3 0  0 1  0
    43  0.4233557937066294E-04   4   2 0  0 1  0 1  0
    44  0.7382807602737697E-04   4   1 1  0 1  0 1  0
    45  -.1173930865409597E-01   4   0 2  0 1  0 1  0
    46  0.1061761709055617E-06   4   1 0  1 1  0 1  0
    47  -.3187239700965927E-04   4   0 1  1 1  0 1  0
    48  0.4526189499357308E-04   4   0 0  2 1  0 1  0
    49  0.3162770673849271E-04   4   1 0  0 2  0 1  0
    50  -.3708471999639033E-01   4   0 1  0 2  0 1  0
    51  -.3886997302480169E-04   4   0 0  1 2  0 1  0
    52  -.1173930865409597E-01   4   0 0  0 3  0 1  0
    53  0.4459297300730974E-05   4   1 0  0 0  0 3  0
    54  -.1472226545767731E-01   4   0 1  0 0  0 3  0
    55  -.1550421402101037E-04   4   0 0  1 0  0 3  0
    56  -.6595627355780312E-02   4   0 0  0 1  0 3  0
    57  0.1403589412132393E-04   5   5 0  0 0  0 0  0
    58  -.4793591001681436E-05   5   4 1  0 0  0 0  0
    59  -.1600095661392052E-06   5   3 2  0 0  0 0  0
    60  0.7258632639625291E-05   5   2 3  0 0  0 0  0
    61  0.3076401152396908E-05   5   1 4  0 0  0 0  0
    62  0.1360191468205180E-01   5   0 5  0 0  0 0  0
    63  -.1973294474758235E-03   5   4 0  1 0  0 0  0
    64  -.1136575293388457E-04   5   3 1  1 0  0 0  0
    65  -.1234804940215294E-03   5   2 2  1 0  0 0  0
    66  -.4193330282394357E-05   5   1 3  1 0  0 0  0
    67  0.6858338277940934E-04   5   0 4  1 0  0 0  0
    68  0.2807178824264784E-04   5   3 0  2 0  0 0  0
    69  -.9709827838444958E-05   5   2 1  2 0  0 0  0
    70  -.1438456475088859E-06   5   1 2  2 0  0 0  0
    71  0.7774128049173001E-05   5   0 3  2 0  0 0  0
    72  -.3946588949516473E-03   5   2 0  3 0  0 0  0
    73  -.1136575293388458E-04   5   1 1  3 0  0 0  0
    74  -.1232490410505918E-03   5   0 2  3 0  0 0  0
    75  0.1403589412132393E-04   5   1 0  4 0  0 0  0
    76  -.4916236836763492E-05   5   0 1  4 0  0 0  0
    77  -.1973294474758238E-03   5   0 0  5 0  0 0  0
    78  0.3530084667217322E-04   5   4 0  0 1  0 0  0
    79  0.8139051855595044E-04   5   3 1  0 1  0 0  0
    80  -.2905727103912085E-04   5   2 2  0 1  0 0  0
    81  -.5413872352072443E-04   5   1 3  0 1  0 0  0
    82  0.4305727446670015E-02   5   0 4  0 1  0 0  0
    83  0.1226458350820489E-06   5   3 0  1 1  0 0  0
    84  -.2582742284415141E-04   5   2 1  1 1  0 0  0
    85  -.1435136170442584E-05   5   1 2  1 1  0 0  0
    86  0.2337007539302982E-04   5   0 3  1 1  0 0  0
    87  0.5923594041046217E-04   5   2 0  2 1  0 0  0
    88  0.8092761261407543E-04   5   1 1  2 1  0 0  0
    89  -.3520371262698723E-04   5   0 2  2 1  0 0  0
    90  0.1226458350820788E-06   5   1 0  3 1  0 0  0
    91  -.2579509500689090E-04   5   0 1  3 1  0 0  0
    92  0.2393509373828863E-04   5   0 0  4 1  0 0  0
    93  0.2565124935938199E-04   5   3 0  0 2  0 0  0
    94  0.8178273400520227E-05   5   2 1  0 2  0 0  0
    95  -.1721727308823606E-04   5   1 2  0 2  0 0  0
    96  0.2720382936410360E-01   5   0 3  0 2  0 0  0
    97  -.4185852249464133E-04   5   2 0  1 2  0 0  0
    98  -.2871076714505670E-06   5   1 1  1 2  0 0  0
    99  0.8302804203809419E-04   5   0 2  1 2  0 0  0
   100  0.2563508544075170E-04   5   1 0  2 2  0 0  0
   101  0.6854487288278088E-05   5   0 1  2 2  0 0  0
   102  -.4208997546557889E-04   5   0 0  3 2  0 0  0
   103  -.3101038234459282E-04   5   2 0  0 3  0 0  0
   104  -.5413872352072441E-04   5   1 1  0 3  0 0  0
   105  0.8611454893340031E-02   5   0 2  0 3  0 0  0
   106  0.4041453513472323E-06   5   1 0  1 3  0 0  0
   107  0.2337007539302982E-04   5   0 1  1 3  0 0  0
   108  -.3325060132151527E-04   5   0 0  2 3  0 0  0
   109  -.2029367424063295E-04   5   1 0  0 4  0 0  0
   110  0.1360191468205180E-01   5   0 1  0 4  0 0  0
   111  0.1444465925868490E-04   5   0 0  1 4  0 0  0
   112  0.4305727446670015E-02   5   0 0  0 5  0 0  0
   113  0.9553703115062056E-05   5   3 0  0 0  0 2  0
   114  0.1476031796381560E-04   5   2 1  0 0  0 2  0
   115  0.2369581941057796E-06   5   1 2  0 0  0 2  0
   116  0.5216094274174873E-01   5   0 3  0 0  0 2  0
   117  -.4230147637958980E-04   5   2 0  1 0  0 2  0
   118  -.3204223704472368E-05   5   1 1  1 0  0 2  0
   119  0.1587150484103291E-03   5   0 2  1 0  0 2  0
   120  0.9553703115062119E-05   5   1 0  2 0  0 2  0
   121  0.1491232874119512E-04   5   0 1  2 0  0 2  0
   122  -.4230147637958982E-04   5   0 0  3 0  0 2  0
   123  -.4560905543826858E-04   5   2 0  0 1  0 2  0
   124  -.1018409409865119E-03   5   1 1  0 1  0 2  0
   125  0.2077054116478754E-01   5   0 2  0 1  0 2  0
   126  -.1520107773794656E-06   5   1 0  1 1  0 2  0
   127  0.5611522380348389E-04   5   0 1  1 1  0 2  0
   128  -.4881327914274099E-04   5   0 0  2 1  0 2  0
   129  -.5587826560937808E-04   5   1 0  0 2  0 2  0
   130  0.5216094274174873E-01   5   0 1  0 2  0 2  0
   131  0.5687410742381721E-04   5   0 0  1 2  0 2  0
   132  0.2077054116478754E-01   5   0 0  0 3  0 2  0
   133  -.4491849318053586E-05   5   1 0  0 0  0 4  0
   134  0.1226587396764900E-01   5   0 1  0 0  0 4  0
   135  0.1312498323008091E-04   5   0 0  1 0  0 4  0
   136  0.6625810932926708E-02   5   0 0  0 1  0 4  0
   --------------------------------------------------
     I  COEFFICIENT            ORDER EXPONENTS
     1  -.2315964261325177E-03   1   1 0  0 0  0 0  0
     2  0.9736505995512910       1   0 1  0 0  0 0  0
     3  0.2026183912529666E-02   1   0 0  1 0  0 0  0
     4  0.2280581889537972       1   0 0  0 1  0 0  0
     5  0.1564762869625751E-03   2   1 0  0 0  0 1  0
     6  0.3576148918546022E-01   2   0 1  0 0  0 1  0
     7  0.2406411672543252E-04   2   0 0  1 0  0 1  0
     8  -.1526947708222328       2   0 0  0 1  0 1  0
     9  0.5104093392757442E-03   3   3 0  0 0  0 0  0
    10  0.4231163130921837E-03   3   2 1  0 0  0 0  0
    11  -.1021704052603089E-03   3   1 2  0 0  0 0  0
    12  -.2623291426317671E-01   3   0 3  0 0  0 0  0
    13  -.4441116791301830E-02   3   2 0  1 0  0 0  0
    14  -.1710667844629088E-03   3   1 1  1 0  0 0  0
    15  -.7394047371005483E-04   3   0 2  1 0  0 0  0
    16  0.5104093392757461E-03   3   1 0  2 0  0 0  0
    17  0.4231388324021069E-03   3   0 1  2 0  0 0  0
    18  -.4441116791301830E-02   3   0 0  3 0  0 0  0
    19  -.1778564962563010E-02   3   2 0  0 1  0 0  0
    20  -.8338368388384161E-06   3   1 1  0 1  0 0  0
    21  0.1120095396893803       3   0 2  0 1  0 0  0
    22  -.2251930992335114E-07   3   1 0  1 1  0 0  0
    23  0.2437267755764000E-03   3   0 1  1 1  0 0  0
    24  -.1949631747025918E-02   3   0 0  2 1  0 0  0
    25  -.3458971808367088E-03   3   1 0  0 2  0 0  0
    26  -.2623291426317671E-01   3   0 1  0 2  0 0  0
    27  -.7477431054889325E-04   3   0 0  1 2  0 0  0
    28  0.1120095396893803       3   0 0  0 3  0 0  0
    29  -.1168818776274735E-03   3   1 0  0 0  0 2  0
    30  -.3900663603903495E-01   3   0 1  0 0  0 2  0
    31  -.2630648331754226E-04   3   0 0  1 0  0 2  0
    32  0.1126292604642327       3   0 0  0 1  0 2  0
    33  -.3448334243163829E-03   4   3 0  0 0  0 1  0
    34  -.5717337772568982E-03   4   2 1  0 0  0 1  0
    35  0.2126793908363935E-03   4   1 2  0 0  0 1  0
    36  0.7120600163378804E-01   4   0 3  0 0  0 1  0
    37  -.5322584065759386E-04   4   2 0  1 0  0 1  0
    38  0.1159966812788638E-03   4   1 1  1 0  0 1  0
    39  0.1975191417735226E-03   4   0 2  1 0  0 1  0
    40  -.3448334243163865E-03   4   1 0  2 0  0 1  0
    41  -.5717407628095068E-03   4   0 1  2 0  0 1  0
    42  -.5322584065759329E-04   4   0 0  3 0  0 1  0
    43  0.1146841700699472E-02   4   2 0  0 1  0 1  0
    44  -.9785196021936085E-04   4   1 1  0 1  0 1  0
    45  -.2249273532506089       4   0 2  0 1  0 1  0
    46  0.6985552608309599E-08   4   1 0  1 1  0 1  0
    47  -.4826689398863816E-03   4   0 1  1 1  0 1  0
    48  0.1262838381978336E-02   4   0 0  2 1  0 1  0
    49  0.6953483307227751E-03   4   1 0  0 2  0 1  0
    50  0.7120600163378804E-01   4   0 1  0 2  0 1  0
    51  0.9966718155416170E-04   4   0 0  1 2  0 1  0
    52  -.2249273532506089       4   0 0  0 3  0 1  0
    53  0.9404296533788105E-04   4   1 0  0 0  0 3  0
    54  0.4000670461084779E-01   4   0 1  0 0  0 3  0
    55  0.2704928157235776E-04   4   0 0  1 0  0 3  0
    56  -.8929441639824624E-01   4   0 0  0 1  0 3  0
    57  0.1191756824903964E-02   5   5 0  0 0  0 0  0
    58  -.2564783966783830E-03   5   4 1  0 0  0 0  0
    59  0.2482920525859750E-03   5   3 2  0 0  0 0  0
    60  0.4194420398348291E-03   5   2 3  0 0  0 0  0
    61  -.7068069432835803E-04   5   1 4  0 0  0 0  0
    62  -.2611667460195404E-01   5   0 5  0 0  0 0  0
    63  -.1189777502176131E-01   5   4 0  1 0  0 0  0
    64  -.1020105154463907E-02   5   3 1  1 0  0 0  0
    65  0.1157082333334394E-03   5   2 2  1 0  0 0  0
    66  -.8291116811593901E-04   5   1 3  1 0  0 0  0
    67  -.1272631995299218E-03   5   0 4  1 0  0 0  0
    68  0.2383513649807927E-02   5   3 0  2 0  0 0  0
    69  -.4984471280378435E-03   5   2 1  2 0  0 0  0
    70  0.2516489261729175E-03   5   1 2  2 0  0 0  0
    71  0.4191131564965423E-03   5   0 3  2 0  0 0  0
    72  -.2379555004352261E-01   5   2 0  3 0  0 0  0
    73  -.1020105154463908E-02   5   1 1  3 0  0 0  0
    74  0.1427998689084941E-03   5   0 2  3 0  0 0  0
    75  0.1191756824903965E-02   5   1 0  4 0  0 0  0
    76  -.2419687313594569E-03   5   0 1  4 0  0 0  0
    77  -.1189777502176131E-01   5   0 0  5 0  0 0  0
    78  0.1292373819660488E-02   5   4 0  0 1  0 0  0
    79  -.9973041497072720E-04   5   3 1  0 1  0 0  0
    80  -.8448025075509130E-03   5   2 2  0 1  0 0  0
    81  0.7173189172186740E-04   5   1 3  0 1  0 0  0
    82  0.8249802811060580E-01   5   0 4  0 1  0 0  0
    83  -.1450966531892578E-04   5   3 0  1 1  0 0  0
    84  -.5081889051979715E-03   5   2 1  1 1  0 0  0
    85  -.1191526621423641E-04   5   1 2  1 1  0 0  0
    86  0.3539462845615773E-03   5   0 3  1 1  0 0  0
    87  0.1564642484857069E-02   5   2 0  2 1  0 0  0
    88  -.1539136861208355E-03   5   1 1  2 1  0 0  0
    89  -.9229284067213848E-03   5   0 2  2 1  0 0  0
    90  -.1450966531892432E-04   5   1 0  3 1  0 0  0
    91  -.5014751580240878E-03   5   0 1  3 1  0 0  0
    92  0.2722686651965809E-03   5   0 0  4 1  0 0  0
    93  0.7531240841970054E-03   5   3 0  0 2  0 0  0
    94  0.4316861893873533E-03   5   2 1  0 2  0 0  0
    95  -.4953076732182971E-03   5   1 2  0 2  0 0  0
    96  -.5223334920390808E-01   5   0 3  0 2  0 0  0
    97  0.4306945393776800E-04   5   2 0  1 2  0 0  0
    98  -.9248170600687362E-04   5   1 1  1 2  0 0  0
    99  -.1827945073379776E-03   5   0 2  1 2  0 0  0
   100  0.7497672106100628E-03   5   1 0  2 2  0 0  0
   101  0.4068690069440192E-03   5   0 1  2 2  0 0  0
   102  0.1597781836271499E-04   5   0 0  3 2  0 0  0
   103  -.8400172386054456E-03   5   2 0  0 3  0 0  0
   104  0.7173189172186826E-04   5   1 1  0 3  0 0  0
   105  0.1649960562212116       5   0 2  0 3  0 0  0
   106  0.1257303289081067E-04   5   1 0  1 3  0 0  0
   107  0.3539462845615771E-03   5   0 1  1 3  0 0  0
   108  -.9277136756668509E-03   5   0 0  2 3  0 0  0
   109  -.4246269788899375E-03   5   1 0  0 4  0 0  0
   110  -.2611667460195404E-01   5   0 1  0 4  0 0  0
   111  -.5553130780805465E-04   5   0 0  1 4  0 0  0
   112  0.8249802811060580E-01   5   0 0  0 5  0 0  0
   113  0.2575564047603558E-03   5   3 0  0 0  0 2  0
   114  0.6201765474552024E-03   5   2 1  0 0  0 2  0
   115  -.3120669205206159E-03   5   1 2  0 0  0 2  0
   116  -.1259858553112215       5   0 3  0 0  0 2  0
   117  0.5818435226704324E-04   5   2 0  1 0  0 2  0
   118  -.8707200706086445E-04   5   1 1  1 0  0 2  0
   119  -.3469854313552428E-03   5   0 2  1 0  0 2  0
   120  0.2575564047603558E-03   5   1 0  2 0  0 2  0
   121  0.6201519961869112E-03   5   0 1  2 0  0 2  0
   122  0.5818435226704280E-04   5   0 0  3 0  0 2  0
   123  -.8004725955765248E-03   5   2 0  0 1  0 2  0
   124  0.2399455610787957E-03   5   1 1  0 1  0 2  0
   125  0.3163674775830880       5   0 2  0 1  0 2  0
   126  0.2455126829214567E-07   5   1 0  1 1  0 2  0
   127  0.6673000538366836E-03   5   0 1  1 1  0 2  0
   128  -.8875446026373895E-03   5   0 0  2 1  0 2  0
   129  -.9793669743572992E-03   5   1 0  0 2  0 2  0
   130  -.1259858553112215       5   0 1  0 2  0 2  0
   131  -.1070398702764471E-03   5   0 0  1 2  0 2  0
   132  0.3163674775830880       5   0 0  0 3  0 2  0
   133  -.7961135656116165E-04   5   1 0  0 0  0 4  0
   134  -.4018977499664574E-01   5   0 1  0 0  0 4  0
   135  -.2724673308786442E-04   5   0 0  1 0  0 4  0
   136  0.7439554668258885E-01   5   0 0  0 1  0 4  0
   --------------------------------------------------
     I  COEFFICIENT            ORDER EXPONENTS
     1  -.3818164267900635E-04   1   1 0  0 0  0 0  0
     2  -.4344039319552653E-02   1   0 1  0 0  0 0  0
     3  0.9999970821734641       1   0 0  1 0  0 0  0
     4  0.3760047260701736E-01   1   0 0  0 1  0 0  0
     5  0.2579713404409132E-04   2   1 0  0 0  0 1  0
     6  0.5895745017920403E-02   2   0 1  0 0  0 1  0
     7  0.3967167452273240E-05   2   0 0  1 0  0 1  0
     8  -.2517517291844622E-01   2   0 0  0 1  0 1  0
     9  0.8383017201052228E-04   3   3 0  0 0  0 0  0
    10  0.3364965950387098E-04   3   2 1  0 0  0 0  0
    11  -.1871945760197852E-04   3   1 2  0 0  0 0  0
    12  -.4324863186437716E-02   3   0 3  0 0  0 0  0
    13  0.6427977100463612E-05   3   2 0  1 0  0 0  0
    14  -.5210418082859543E-07   3   1 1  1 0  0 0  0
    15  -.1166660009974359E-04   3   0 2  1 0  0 0  0
    16  0.8383017201052235E-04   3   1 0  2 0  0 0  0
    17  0.3150019443935666E-04   3   0 1  2 0  0 0  0
    18  0.6427977100463576E-05   3   0 0  3 0  0 0  0
    19  0.5114134456161989E-05   3   2 0  0 1  0 0  0
    20  0.1179207680504059E-04   3   1 1  0 1  0 0  0
    21  0.1846745444261698E-01   3   0 2  0 1  0 0  0
    22  0.2149465064514262E-05   3   1 0  1 1  0 0  0
    23  0.3734593617286349E-04   3   0 1  1 1  0 0  0
    24  0.5062030275333381E-05   3   0 0  2 1  0 0  0
    25  -.5606539377484201E-04   3   1 0  0 2  0 0  0
    26  -.4324863186437716E-02   3   0 1  0 2  0 0  0
    27  0.1254767052969959E-06   3   0 0  1 2  0 0  0
    28  0.1846745444261698E-01   3   0 0  0 3  0 0  0
    29  -.1926949553095560E-04   3   1 0  0 0  0 2  0
    30  -.6430751160026242E-02   3   0 1  0 0  0 2  0
    31  -.4336840421453179E-05   3   0 0  1 0  0 2  0
    32  0.1856951087999127E-01   3   0 0  0 1  0 2  0
    33  -.5663588612268987E-04   4   3 0  0 0  0 1  0
    34  -.4526189499357308E-04   4   2 1  0 0  0 1  0
    35  0.3886997302480169E-04   4   1 2  0 0  0 1  0
    36  0.1173930865409597E-01   4   0 3  0 0  0 1  0
    37  -.8739528777908377E-05   4   2 0  1 0  0 1  0
    38  0.1061761709055618E-06   4   1 1  1 0  0 1  0
    39  0.3162770673849271E-04   4   0 2  1 0  0 1  0
    40  -.5663588612268990E-04   4   1 0  2 0  0 1  0
    41  -.4233557937066294E-04   4   0 1  2 0  0 1  0
    42  -.8739528777908282E-05   4   0 0  3 0  0 1  0
    43  -.1041890909362396E-04   4   2 0  0 1  0 1  0
    44  -.3187239700965927E-04   4   1 1  0 1  0 1  0
    45  -.3708471999639033E-01   4   0 2  0 1  0 1  0
    46  -.2926315622910104E-05   4   1 0  1 1  0 1  0
    47  -.7382807602737697E-04   4   0 1  1 1  0 1  0
    48  -.1031273292271836E-04   4   0 0  2 1  0 1  0
    49  0.1126980490521786E-03   4   1 0  0 2  0 1  0
    50  0.1173930865409597E-01   4   0 1  0 2  0 1  0
    51  -.2446902711665507E-06   4   0 0  1 2  0 1  0
    52  -.3708471999639033E-01   4   0 0  0 3  0 1  0
    53  0.1550421402101037E-04   4   1 0  0 0  0 3  0
    54  0.6595627355780312E-02   4   0 1  0 0  0 3  0
    55  0.4459297300730974E-05   4   0 0  1 0  0 3  0
    56  -.1472226545767731E-01   4   0 0  0 1  0 3  0
    57  0.1973294474758236E-03   5   5 0  0 0  0 0  0
    58  -.2393509373828864E-04   5   4 1  0 0  0 0  0
    59  0.4208997546557889E-04   5   3 2  0 0  0 0  0
    60  0.3325060132151527E-04   5   2 3  0 0  0 0  0
    61  -.1444465925868489E-04   5   1 4  0 0  0 0  0
    62  -.4305727446670015E-02   5   0 5  0 0  0 0  0
    63  0.1403589412132391E-04   5   4 0  1 0  0 0  0
    64  0.1226458350820789E-06   5   3 1  1 0  0 0  0
    65  0.2563508544075169E-04   5   2 2  1 0  0 0  0
    66  0.4041453513472321E-06   5   1 3  1 0  0 0  0
    67  -.2029367424063295E-04   5   0 4  1 0  0 0  0
    68  0.3946588949516473E-03   5   3 0  2 0  0 0  0
    69  -.5923594041046217E-04   5   2 1  2 0  0 0  0
    70  0.4185852249464139E-04   5   1 2  2 0  0 0  0
    71  0.3101038234459282E-04   5   0 3  2 0  0 0  0
    72  0.2807178824264782E-04   5   2 0  3 0  0 0  0
    73  0.1226458350820489E-06   5   1 1  3 0  0 0  0
    74  0.2565124935938197E-04   5   0 2  3 0  0 0  0
    75  0.1973294474758238E-03   5   1 0  4 0  0 0  0
    76  -.3530084667217328E-04   5   0 1  4 0  0 0  0
    77  0.1403589412132392E-04   5   0 0  5 0  0 0  0
    78  -.4916236836763487E-05   5   4 0  0 1  0 0  0
    79  -.2579509500689090E-04   5   3 1  0 1  0 0  0
    80  0.6854487288278089E-05   5   2 2  0 1  0 0  0
    81  0.2337007539302982E-04   5   1 3  0 1  0 0  0
    82  0.1360191468205180E-01   5   0 4  0 1  0 0  0
    83  0.1136575293388458E-04   5   3 0  1 1  0 0  0
    84  -.8092761261407537E-04   5   2 1  1 1  0 0  0
    85  0.2871076714505691E-06   5   1 2  1 1  0 0  0
    86  0.5413872352072441E-04   5   0 3  1 1  0 0  0
    87  -.9709827838444958E-05   5   2 0  2 1  0 0  0
    88  -.2582742284415144E-04   5   1 1  2 1  0 0  0
    89  0.8178273400520226E-05   5   0 2  2 1  0 0  0
    90  0.1136575293388456E-04   5   1 0  3 1  0 0  0
    91  -.8139051855595044E-04   5   0 1  3 1  0 0  0
    92  -.4793591001681432E-05   5   0 0  4 1  0 0  0
    93  0.1232490410505919E-03   5   3 0  0 2  0 0  0
    94  0.3520371262698722E-04   5   2 1  0 2  0 0  0
    95  -.8302804203809419E-04   5   1 2  0 2  0 0  0
    96  -.8611454893340031E-02   5   0 3  0 2  0 0  0
    97  -.1438456475088614E-06   5   2 0  1 2  0 0  0
    98  -.1435136170442584E-05   5   1 1  1 2  0 0  0
    99  -.1721727308823607E-04   5   0 2  1 2  0 0  0
   100  0.1234804940215294E-03   5   1 0  2 2  0 0  0
   101  0.2905727103912086E-04   5   0 1  2 2  0 0  0
   102  -.1600095661392133E-06   5   0 0  3 2  0 0  0
   103  0.7774128049173002E-05   5   2 0  0 3  0 0  0
   104  0.2337007539302982E-04   5   1 1  0 3  0 0  0
   105  0.2720382936410360E-01   5   0 2  0 3  0 0  0
   106  0.4193330282394360E-05   5   1 0  1 3  0 0  0
   107  0.5413872352072443E-04   5   0 1  1 3  0 0  0
   108  0.7258632639625291E-05   5   0 0  2 3  0 0  0
   109  -.6858338277940934E-04   5   1 0  0 4  0 0  0
   110  -.4305727446670015E-02   5   0 1  0 4  0 0  0
   111  0.3076401152396908E-05   5   0 0  1 4  0 0  0
   112  0.1360191468205180E-01   5   0 0  0 5  0 0  0
   113  0.4230147637958982E-04   5   3 0  0 0  0 2  0
   114  0.4881327914274099E-04   5   2 1  0 0  0 2  0
   115  -.5687410742381721E-04   5   1 2  0 0  0 2  0
   116  -.2077054116478754E-01   5   0 3  0 0  0 2  0
   117  0.9553703115062119E-05   5   2 0  1 0  0 2  0
   118  -.1520107773794658E-06   5   1 1  1 0  0 2  0
   119  -.5587826560937808E-04   5   0 2  1 0  0 2  0
   120  0.4230147637958984E-04   5   1 0  2 0  0 2  0
   121  0.4560905543826858E-04   5   0 1  2 0  0 2  0
   122  0.9553703115062053E-05   5   0 0  3 0  0 2  0
   123  0.1491232874119512E-04   5   2 0  0 1  0 2  0
   124  0.5611522380348389E-04   5   1 1  0 1  0 2  0
   125  0.5216094274174873E-01   5   0 2  0 1  0 2  0
   126  0.3204223704472369E-05   5   1 0  1 1  0 2  0
   127  0.1018409409865119E-03   5   0 1  1 1  0 2  0
   128  0.1476031796381560E-04   5   0 0  2 1  0 2  0
   129  -.1587150484103291E-03   5   1 0  0 2  0 2  0
   130  -.2077054116478754E-01   5   0 1  0 2  0 2  0
   131  0.2369581941057796E-06   5   0 0  1 2  0 2  0
   132  0.5216094274174873E-01   5   0 0  0 3  0 2  0
   133  -.1312498323008091E-04   5   1 0  0 0  0 4  0
   134  -.6625810932926708E-02   5   0 1  0 0  0 4  0
   135  -.4491849318053586E-05   5   0 0  1 0  0 4  0
   136  0.1226587396764900E-01   5   0 0  0 1  0 4  0
   --------------------------------------------------
     I  COEFFICIENT            ORDER EXPONENTS
     1  -.2026183912529666E-02   1   1 0  0 0  0 0  0
     2  -.2280581889537972       1   0 1  0 0  0 0  0
     3  -.2315964261325177E-03   1   0 0  1 0  0 0  0
     4  0.9736505995512910       1   0 0  0 1  0 0  0
     5  -.2406411672543252E-04   2   1 0  0 0  0 1  0
     6  0.1526947708222328       2   0 1  0 0  0 1  0
     7  0.1564762869625751E-03   2   0 0  1 0  0 1  0
     8  0.3576148918546022E-01   2   0 0  0 1  0 1  0
     9  0.4441116791301830E-02   3   3 0  0 0  0 0  0
    10  0.1949631747025918E-02   3   2 1  0 0  0 0  0
    11  0.7477431054889325E-04   3   1 2  0 0  0 0  0
    12  -.1120095396893803       3   0 3  0 0  0 0  0
    13  0.5104093392757457E-03   3   2 0  1 0  0 0  0
    14  -.2251930992336086E-07   3   1 1  1 0  0 0  0
    15  -.3458971808367088E-03   3   0 2  1 0  0 0  0
    16  0.4441116791301831E-02   3   1 0  2 0  0 0  0
    17  0.1778564962563010E-02   3   0 1  2 0  0 0  0
    18  0.5104093392757442E-03   3   0 0  3 0  0 0  0
    19  0.4231388324021069E-03   3   2 0  0 1  0 0  0
    20  0.2437267755764000E-03   3   1 1  0 1  0 0  0
    21  -.2623291426317671E-01   3   0 2  0 1  0 0  0
    22  0.1710667844629087E-03   3   1 0  1 1  0 0  0
    23  0.8338368388384161E-06   3   0 1  1 1  0 0  0
    24  0.4231163130921837E-03   3   0 0  2 1  0 0  0
    25  0.7394047371005483E-04   3   1 0  0 2  0 0  0
    26  -.1120095396893803       3   0 1  0 2  0 0  0
    27  -.1021704052603089E-03   3   0 0  1 2  0 0  0
    28  -.2623291426317671E-01   3   0 0  0 3  0 0  0
    29  0.2630648331754226E-04   3   1 0  0 0  0 2  0
    30  -.1126292604642327       3   0 1  0 0  0 2  0
    31  -.1168818776274735E-03   3   0 0  1 0  0 2  0
    32  -.3900663603903495E-01   3   0 0  0 1  0 2  0
    33  0.5322584065759333E-04   4   3 0  0 0  0 1  0
    34  -.1262838381978336E-02   4   2 1  0 0  0 1  0
    35  -.9966718155416170E-04   4   1 2  0 0  0 1  0
    36  0.2249273532506089       4   0 3  0 0  0 1  0
    37  -.3448334243163862E-03   4   2 0  1 0  0 1  0
    38  0.6985552608321672E-08   4   1 1  1 0  0 1  0
    39  0.6953483307227751E-03   4   0 2  1 0  0 1  0
    40  0.5322584065759386E-04   4   1 0  2 0  0 1  0
    41  -.1146841700699472E-02   4   0 1  2 0  0 1  0
    42  -.3448334243163828E-03   4   0 0  3 0  0 1  0
    43  -.5717407628095069E-03   4   2 0  0 1  0 1  0
    44  -.4826689398863816E-03   4   1 1  0 1  0 1  0
    45  0.7120600163378804E-01   4   0 2  0 1  0 1  0
    46  -.1159966812788638E-03   4   1 0  1 1  0 1  0
    47  0.9785196021936086E-04   4   0 1  1 1  0 1  0
    48  -.5717337772568982E-03   4   0 0  2 1  0 1  0
    49  -.1975191417735225E-03   4   1 0  0 2  0 1  0
    50  0.2249273532506089       4   0 1  0 2  0 1  0
    51  0.2126793908363935E-03   4   0 0  1 2  0 1  0
    52  0.7120600163378804E-01   4   0 0  0 3  0 1  0
    53  -.2704928157235776E-04   4   1 0  0 0  0 3  0
    54  0.8929441639824624E-01   4   0 1  0 0  0 3  0
    55  0.9404296533788105E-04   4   0 0  1 0  0 3  0
    56  0.4000670461084779E-01   4   0 0  0 1  0 3  0
    57  0.1189777502176131E-01   5   5 0  0 0  0 0  0
    58  -.2722686651965809E-03   5   4 1  0 0  0 0  0
    59  -.1597781836271501E-04   5   3 2  0 0  0 0  0
    60  0.9277136756668512E-03   5   2 3  0 0  0 0  0
    61  0.5553130780805467E-04   5   1 4  0 0  0 0  0
    62  -.8249802811060580E-01   5   0 5  0 0  0 0  0
    63  0.1191756824903963E-02   5   4 0  1 0  0 0  0
    64  -.1450966531892428E-04   5   3 1  1 0  0 0  0
    65  0.7497672106100621E-03   5   2 2  1 0  0 0  0
    66  0.1257303289081064E-04   5   1 3  1 0  0 0  0
    67  -.4246269788899375E-03   5   0 4  1 0  0 0  0
    68  0.2379555004352261E-01   5   3 0  2 0  0 0  0
    69  -.1564642484857070E-02   5   2 1  2 0  0 0  0
    70  -.4306945393776782E-04   5   1 2  2 0  0 0  0
    71  0.8400172386054458E-03   5   0 3  2 0  0 0  0
    72  0.2383513649807928E-02   5   2 0  3 0  0 0  0
    73  -.1450966531892577E-04   5   1 1  3 0  0 0  0
    74  0.7531240841970053E-03   5   0 2  3 0  0 0  0
    75  0.1189777502176131E-01   5   1 0  4 0  0 0  0
    76  -.1292373819660488E-02   5   0 1  4 0  0 0  0
    77  0.1191756824903964E-02   5   0 0  5 0  0 0  0
    78  -.2419687313594565E-03   5   4 0  0 1  0 0  0
    79  -.5014751580240878E-03   5   3 1  0 1  0 0  0
    80  0.4068690069440192E-03   5   2 2  0 1  0 0  0
    81  0.3539462845615771E-03   5   1 3  0 1  0 0  0
    82  -.2611667460195404E-01   5   0 4  0 1  0 0  0
    83  0.1020105154463908E-02   5   3 0  1 1  0 0  0
    84  0.1539136861208351E-03   5   2 1  1 1  0 0  0
    85  0.9248170600687369E-04   5   1 2  1 1  0 0  0
    86  -.7173189172186824E-04   5   0 3  1 1  0 0  0
    87  -.4984471280378436E-03   5   2 0  2 1  0 0  0
    88  -.5081889051979718E-03   5   1 1  2 1  0 0  0
    89  0.4316861893873532E-03   5   0 2  2 1  0 0  0
    90  0.1020105154463907E-02   5   1 0  3 1  0 0  0
    91  0.9973041497072728E-04   5   0 1  3 1  0 0  0
    92  -.2564783966783830E-03   5   0 0  4 1  0 0  0
    93  -.1427998689084941E-03   5   3 0  0 2  0 0  0
    94  0.9229284067213848E-03   5   2 1  0 2  0 0  0
    95  0.1827945073379776E-03   5   1 2  0 2  0 0  0
    96  -.1649960562212116       5   0 3  0 2  0 0  0
    97  0.2516489261729172E-03   5   2 0  1 2  0 0  0
    98  -.1191526621423643E-04   5   1 1  1 2  0 0  0
    99  -.4953076732182971E-03   5   0 2  1 2  0 0  0
   100  -.1157082333334396E-03   5   1 0  2 2  0 0  0
   101  0.8448025075509130E-03   5   0 1  2 2  0 0  0
   102  0.2482920525859749E-03   5   0 0  3 2  0 0  0
   103  0.4191131564965423E-03   5   2 0  0 3  0 0  0
   104  0.3539462845615773E-03   5   1 1  0 3  0 0  0
   105  -.5223334920390808E-01   5   0 2  0 3  0 0  0
   106  0.8291116811593901E-04   5   1 0  1 3  0 0  0
   107  -.7173189172186744E-04   5   0 1  1 3  0 0  0
   108  0.4194420398348291E-03   5   0 0  2 3  0 0  0
   109  0.1272631995299218E-03   5   1 0  0 4  0 0  0
   110  -.8249802811060580E-01   5   0 1  0 4  0 0  0
   111  -.7068069432835805E-04   5   0 0  1 4  0 0  0
   112  -.2611667460195404E-01   5   0 0  0 5  0 0  0
   113  -.5818435226704284E-04   5   3 0  0 0  0 2  0
   114  0.8875446026373895E-03   5   2 1  0 0  0 2  0
   115  0.1070398702764471E-03   5   1 2  0 0  0 2  0
   116  -.3163674775830880       5   0 3  0 0  0 2  0
   117  0.2575564047603555E-03   5   2 0  1 0  0 2  0
   118  0.2455126829213747E-07   5   1 1  1 0  0 2  0
   119  -.9793669743572992E-03   5   0 2  1 0  0 2  0
   120  -.5818435226704320E-04   5   1 0  2 0  0 2  0
   121  0.8004725955765252E-03   5   0 1  2 0  0 2  0
   122  0.2575564047603558E-03   5   0 0  3 0  0 2  0
   123  0.6201519961869113E-03   5   2 0  0 1  0 2  0
   124  0.6673000538366836E-03   5   1 1  0 1  0 2  0
   125  -.1259858553112215       5   0 2  0 1  0 2  0
   126  0.8707200706086445E-04   5   1 0  1 1  0 2  0
   127  -.2399455610787958E-03   5   0 1  1 1  0 2  0
   128  0.6201765474552024E-03   5   0 0  2 1  0 2  0
   129  0.3469854313552430E-03   5   1 0  0 2  0 2  0
   130  -.3163674775830880       5   0 1  0 2  0 2  0
   131  -.3120669205206159E-03   5   0 0  1 2  0 2  0
   132  -.1259858553112215       5   0 0  0 3  0 2  0
   133  0.2724673308786442E-04   5   1 0  0 0  0 4  0
   134  -.7439554668258885E-01   5   0 1  0 0  0 4  0
   135  -.7961135656116165E-04   5   0 0  1 0  0 4  0
   136  -.4018977499664574E-01   5   0 0  0 1  0 4  0
   --------------------------------------------------
     I  COEFFICIENT            ORDER EXPONENTS
     1  1.0000000000000000       1   0 0  0 0  1 0  0
     2  0.3845463487677053E-02   1   0 0  0 0  0 1  0
     3  -.1766254840017049E-07   2   2 0  0 0  0 0  0
     4  -.2019932061691187E-05   2   1 1  0 0  0 0  0
     5  -.1292817779265534E-01   2   0 2  0 0  0 0  0
     6  -.2602214003137223E-04   2   0 1  1 0  0 0  0
     7  -.1766254840017049E-07   2   0 0  2 0  0 0  0
     8  0.2602214003137223E-04   2   1 0  0 1  0 0  0
     9  -.2019932061691187E-05   2   0 0  1 1  0 0  0
    10  -.1292817779265534E-01   2   0 0  0 2  0 0  0
    11  -.3931661018608461E-02   2   0 0  0 0  0 2  0
    12  0.2664072461129427E-07   3   2 0  0 0  0 1  0
    13  0.4423467492945841E-05   3   1 1  0 0  0 1  0
    14  0.1954671798105579E-01   3   0 2  0 0  0 1  0
    15  0.3918483743102720E-04   3   0 1  1 0  0 1  0
    16  0.2664072461129427E-07   3   0 0  2 0  0 1  0
    17  -.3918483743102720E-04   3   1 0  0 1  0 1  0
    18  0.4423467492945841E-05   3   0 0  1 1  0 1  0
    19  0.1954671798105579E-01   3   0 0  0 2  0 1  0
    20  0.3768058509294898E-02   3   0 0  0 0  0 3  0
    21  0.7756607823560149E-07   4   4 0  0 0  0 0  0
    22  0.4453087670772143E-05   4   3 1  0 0  0 0  0
    23  0.1843789616651329E-06   4   2 2  0 0  0 0  0
    24  -.4030614802861208E-05   4   1 3  0 0  0 0  0
    25  -.9696167058057014E-02   4   0 4  0 0  0 0  0
    26  0.5713316490450317E-04   4   2 1  1 0  0 0  0
    27  0.1429536337253071E-05   4   1 2  1 0  0 0  0
    28  -.3890287451089968E-04   4   0 3  1 0  0 0  0
    29  0.1551321564712030E-06   4   2 0  2 0  0 0  0
    30  0.4453087670772127E-05   4   1 1  2 0  0 0  0
    31  -.1201089251073668E-06   4   0 2  2 0  0 0  0
    32  0.5713316490450316E-04   4   0 1  3 0  0 0  0
    33  0.7756607823560146E-07   4   0 0  4 0  0 0  0
    34  -.5713316490450317E-04   4   3 0  0 1  0 0  0
    35  -.1429536337253104E-05   4   2 1  0 1  0 0  0
    36  0.3890287451089968E-04   4   1 2  0 1  0 0  0
    37  0.4453087670772115E-05   4   2 0  1 1  0 0  0
    38  0.6089757735449701E-06   4   1 1  1 1  0 0  0
    39  -.4030614802861208E-05   4   0 2  1 1  0 0  0
    40  -.5713316490450322E-04   4   1 0  2 1  0 0  0
    41  0.1429536337253101E-05   4   0 1  2 1  0 0  0
    42  0.4453087670772146E-05   4   0 0  3 1  0 0  0
    43  -.1201089251073669E-06   4   2 0  0 2  0 0  0
    44  -.4030614802861208E-05   4   1 1  0 2  0 0  0
    45  -.1939233411611403E-01   4   0 2  0 2  0 0  0
    46  -.1429536337253071E-05   4   1 0  1 2  0 0  0
    47  -.3890287451089968E-04   4   0 1  1 2  0 0  0
    48  0.1843789616651329E-06   4   0 0  2 2  0 0  0
    49  0.3890287451089968E-04   4   1 0  0 3  0 0  0
    50  -.4030614802861208E-05   4   0 0  1 3  0 0  0
    51  -.9696167058057014E-02   4   0 0  0 4  0 0  0
    52  -.3250782065797540E-07   4   2 0  0 0  0 2  0
    53  -.6835040039266326E-05   4   1 1  0 0  0 2  0
    54  -.2391657360290015E-01   4   0 2  0 0  0 2  0
    55  -.4772477323068485E-04   4   0 1  1 0  0 2  0
    56  -.3250782065797540E-07   4   0 0  2 0  0 2  0
    57  0.4772477323068485E-04   4   1 0  0 1  0 2  0
    58  -.6835040039266326E-05   4   0 0  1 1  0 2  0
    59  -.2391657360290015E-01   4   0 0  0 2  0 2  0
    60  -.3542567864577322E-02   4   0 0  0 0  0 4  0
    61  -.1169936131449815E-06   5   4 0  0 0  0 1  0
    62  -.9751757918626142E-05   5   3 1  0 0  0 1  0
    63  -.5278993288510752E-06   5   2 2  0 0  0 1  0
    64  0.1431396438404938E-04   5   1 3  0 0  0 1  0
    65  0.2787814907761150E-01   5   0 4  0 0  0 1  0
    66  -.8603030227132573E-04   5   2 1  1 0  0 1  0
    67  -.3084995645409486E-05   5   1 2  1 0  0 1  0
    68  0.1114553502605826E-03   5   0 3  1 0  0 1  0
    69  -.2339872262899627E-06   5   2 0  2 0  0 1  0
    70  -.9751757918626077E-05   5   1 1  2 0  0 1  0
    71  0.3428872289604041E-06   5   0 2  2 0  0 1  0
    72  -.8603030227132567E-04   5   0 1  3 0  0 1  0
    73  -.1169936131449813E-06   5   0 0  4 0  0 1  0
    74  0.8603030227132573E-04   5   3 0  0 1  0 1  0
    75  0.3084995645409533E-05   5   2 1  0 1  0 1  0
    76  -.1114553502605826E-03   5   1 2  0 1  0 1  0
    77  -.9751757918626053E-05   5   2 0  1 1  0 1  0
    78  -.1741573115622887E-05   5   1 1  1 1  0 1  0
    79  0.1431396438404938E-04   5   0 2  1 1  0 1  0
    80  0.8603030227132577E-04   5   1 0  2 1  0 1  0
    81  -.3084995645409525E-05   5   0 1  2 1  0 1  0
    82  -.9751757918626148E-05   5   0 0  3 1  0 1  0
    83  0.3428872289604118E-06   5   2 0  0 2  0 1  0
    84  0.1431396438404938E-04   5   1 1  0 2  0 1  0
    85  0.5575629815522296E-01   5   0 2  0 2  0 1  0
    86  0.3084995645409484E-05   5   1 0  1 2  0 1  0
    87  0.1114553502605827E-03   5   0 1  1 2  0 1  0
    88  -.5278993288510752E-06   5   0 0  2 2  0 1  0
    89  -.1114553502605826E-03   5   1 0  0 3  0 1  0
    90  0.1431396438404938E-04   5   0 0  1 3  0 1  0
    91  0.2787814907761150E-01   5   0 0  0 4  0 1  0
    92  0.3712038163249739E-07   5   2 0  0 0  0 3  0
    93  0.9197831722381397E-05   5   1 1  0 0  0 3  0
    94  0.2738786470460044E-01   5   0 2  0 0  0 3  0
    95  0.5438939730732311E-04   5   0 1  1 0  0 3  0
    96  0.3712038163249739E-07   5   0 0  2 0  0 3  0
    97  -.5438939730732311E-04   5   1 0  0 1  0 3  0
    98  0.9197831722381397E-05   5   0 0  1 1  0 3  0
    99  0.2738786470460044E-01   5   0 0  0 2  0 3  0
   100  0.3319893953354097E-02   5   0 0  0 0  0 5  0
   --------------------------------------------------
     I  COEFFICIENT            ORDER EXPONENTS
     1  1.0000000000000000       1   0 0  0 0  0 1  0
     ------------------------------------------------
     ALL COMPONENTS ZERO 
     ------------------- 
     ALL COMPONENTS ZERO 
     ------------------- 
