 L    0.3793416666666667E-01
 P (  0.0000000000000000E+00,  0.0000000000000000E+00,  0.0000000000000000E+00)
 A (  0.0000000000000000E+00,  0.0000000000000000E+00,  0.0000000000000000E+00)
     I  COEFFICIENT            ORDER EXPONENTS
     1   1.000000052712005       1   1 0  0 0  0 0  0
     2  0.7520254860399243E-01   1   0 1  0 0  0 0  0
     3  0.1417644825338142E-03   1   0 0  1 0  0 0  0
     4  0.8679730174673840E-02   1   0 0  0 1  0 0  0
     5  -.7160496028743605E-07   2   1 0  0 0  0 1  0
     6  -.5035361267995696E-01   2   0 1  0 0  0 1  0
     7  -.9577700064344118E-04   2   0 0  1 0  0 1  0
     8  -.1178029347654528E-01   2   0 0  0 1  0 1  0
     9  -.8965030561907999E-06   3   3 0  0 0  0 0  0
    10  0.2531174126013697E-05   3   2 1  0 0  0 0  0
    11  0.1632538875655275E-04   3   1 2  0 0  0 0  0
    12  0.3693740215720493E-01   3   0 3  0 0  0 0  0
    13  -.2639391053054120E-03   3   2 0  1 0  0 0  0
    14  -.1340699048975910E-04   3   1 1  1 0  0 0  0
    15  0.2092741383317284E-03   3   0 2  1 0  0 0  0
    16  -.8965030561867328E-06   3   1 0  2 0  0 0  0
    17  0.4858570797539830E-05   3   0 1  2 0  0 0  0
    18  -.2639391053054641E-03   3   0 0  3 0  0 0  0
    19  -.2276541911241854E-04   3   2 0  0 1  0 0  0
    20  -.1385474964097706E-03   3   1 1  0 1  0 0  0
    21  0.8641530755480541E-02   3   0 2  0 1  0 0  0
    22  -.2327396671495720E-05   3   1 0  1 1  0 0  0
    23  0.3238910448815889E-04   3   0 1  1 1  0 0  0
    24  -.3617240960217013E-04   3   0 0  2 1  0 0  0
    25  -.1606371573160360E-04   3   1 0  0 2  0 0  0
    26  0.3693740215720493E-01   3   0 1  0 2  0 0  0
    27  0.7072664192195213E-04   3   0 0  1 2  0 0  0
    28  0.8641530755480537E-02   3   0 0  0 3  0 0  0
    29  0.7819013502650096E-07   3   1 0  0 0  0 2  0
    30  0.3714369800947533E-01   3   0 1  0 0  0 2  0
    31  0.7153661183751583E-04   3   0 0  1 0  0 2  0
    32  0.1284947257815228E-01   3   0 0  0 1  0 2  0
    33  0.1217692169272028E-05   4   3 0  0 0  0 1  0
    34  -.5168494601076884E-05   4   2 1  0 0  0 1  0
    35  -.4421734213110943E-04   4   1 2  0 0  0 1  0
    36  -.7417790741256838E-01   4   0 3  0 0  0 1  0
    37  0.1783144511100637E-03   4   2 0  1 0  0 1  0
    38  0.1786590181849601E-04   4   1 1  1 0  0 1  0
    39  -.4224388279485755E-03   4   0 2  1 0  0 1  0
    40  0.1217692169265272E-05   4   1 0  2 0  0 1  0
    41  -.9885842744717287E-05   4   0 1  2 0  0 1  0
    42  0.1783144511103129E-03   4   0 0  3 0  0 1  0
    43  0.3080373475181105E-04   4   2 0  0 1  0 1  0
    44  0.2774054226489341E-03   4   1 1  0 1  0 1  0
    45  -.2345663790922135E-01   4   0 2  0 1  0 1  0
    46  0.4717348143612282E-05   4   1 0  1 1  0 1  0
    47  -.8772305111681563E-04   4   0 1  1 1  0 1  0
    48  0.4866963657031515E-04   4   0 0  2 1  0 1  0
    49  0.4350570898570249E-04   4   1 0  0 2  0 1  0
    50  -.7417790741256840E-01   4   0 1  0 2  0 1  0
    51  -.1450334052996378E-03   4   0 0  1 2  0 1  0
    52  -.2345663790922134E-01   4   0 0  0 3  0 1  0
    53  -.8029655627643566E-07   4   1 0  0 0  0 3  0
    54  -.2945036480633062E-01   4   0 1  0 0  0 3  0
    55  -.5755340462418095E-04   4   0 0  1 0  0 3  0
    56  -.1317912920919921E-01   4   0 0  0 1  0 3  0
    57  -.3570270751077876E-05   5   5 0  0 0  0 0  0
    58  -.2538173897185492E-04   5   4 1  0 0  0 0  0
    59  -.3287635603616097E-04   5   3 2  0 0  0 0  0
    60  0.1535660923604668E-05   5   2 3  0 0  0 0  0
    61  0.3233169572766229E-04   5   1 4  0 0  0 0  0
    62  0.2720705592640109E-01   5   0 5  0 0  0 0  0
    63  -.1077225125152837E-03   5   4 0  1 0  0 0  0
    64  -.1325215097815096E-04   5   3 1  1 0  0 0  0
    65  -.3908533414357631E-03   5   2 2  1 0  0 0  0
    66  -.2614587844896492E-04   5   1 3  1 0  0 0  0
    67  0.2574038008850058E-03   5   0 4  1 0  0 0  0
    68  -.7140541502634143E-05   5   3 0  2 0  0 0  0
    69  -.4993054951177072E-04   5   2 1  2 0  0 0  0
    70  -.3281485037893779E-04   5   1 2  2 0  0 0  0
    71  0.8825979502259242E-05   5   0 3  2 0  0 0  0
    72  -.2154450250305318E-03   5   2 0  3 0  0 0  0
    73  -.1325215097826161E-04   5   1 1  3 0  0 0  0
    74  -.3903443159747758E-03   5   0 2  3 0  0 0  0
    75  -.3570270751360962E-05   5   1 0  4 0  0 0  0
    76  -.2454881053974504E-04   5   0 1  4 0  0 0  0
    77  -.1077225125151304E-03   5   0 0  5 0  0 0  0
    78  0.1532442907427642E-03   5   4 0  0 1  0 0  0
    79  0.2564829229842582E-03   5   3 1  0 1  0 0  0
    80  -.1038648997358887E-04   5   2 2  0 1  0 0  0
    81  -.2032768176333016E-03   5   1 3  0 1  0 0  0
    82  0.8603409777268938E-02   5   0 4  0 1  0 0  0
    83  -.8329284319434223E-06   5   3 0  1 1  0 0  0
    84  -.6028695627301826E-04   5   2 1  1 1  0 0  0
    85  -.1171201408627886E-04   5   1 2  1 1  0 0  0
    86  0.6429577656803321E-04   5   0 3  1 1  0 0  0
    87  0.2932364305074225E-03   5   2 0  2 1  0 0  0
    88  0.2554648720620568E-03   5   1 1  2 1  0 0  0
    89  -.4894597627199043E-04   5   0 2  2 1  0 0  0
    90  -.8329284319767174E-06   5   1 0  3 1  0 0  0
    91  -.6016394495862264E-04   5   0 1  3 1  0 0  0
    92  0.1399921397644307E-03   5   0 0  4 1  0 0  0
    93  0.2734909457971918E-04   5   3 0  0 2  0 0  0
    94  0.5957356431348490E-05   5   2 1  0 2  0 0  0
    95  0.3676148873275121E-06   5   1 2  0 2  0 0  0
    96  0.5441411185280233E-01   5   0 3  0 2  0 0  0
    97  -.1338613929907004E-03   5   2 0  1 2  0 0  0
    98  -.1318662750058039E-05   5   1 1  1 2  0 0  0
    99  0.3115307841367263E-03   5   0 2  1 2  0 0  0
   100  0.2728758892265041E-04   5   1 0  2 2  0 0  0
   101  0.4404283994627723E-05   5   0 1  2 2  0 0  0
   102  -.1343704184517325E-03   5   0 0  3 2  0 0  0
   103  -.2280009782302020E-04   5   2 0  0 3  0 0  0
   104  -.2032768176333988E-03   5   1 1  0 3  0 0  0
   105  0.1720681955453800E-01   5   0 2  0 3  0 0  0
   106  -.2868623070937150E-05   5   1 0  1 3  0 0  0
   107  0.6429577656802983E-04   5   0 1  1 3  0 0  0
   108  -.3653236842255700E-04   5   0 0  2 3  0 0  0
   109  -.3196408084037396E-04   5   1 0  0 4  0 0  0
   110  0.2720705592640122E-01   5   0 1  0 4  0 0  0
   111  0.5412698325167671E-04   5   0 0  1 4  0 0  0
   112  0.8603409777269052E-02   5   0 0  0 5  0 0  0
   113  -.1329495506347505E-05   5   3 0  0 0  0 2  0
   114  0.7417580384950900E-05   5   2 1  0 0  0 2  0
   115  0.7803882417785036E-04   5   1 2  0 0  0 2  0
   116  0.1043397586447504       5   0 3  0 0  0 2  0
   117  -.1331798780685281E-03   5   2 0  1 0  0 2  0
   118  -.1903954078941383E-04   5   1 1  1 0  0 2  0
   119  0.5979749361053651E-03   5   0 2  1 0  0 2  0
   120  -.1329495506331177E-05   5   1 0  2 0  0 2  0
   121  0.1412828447513024E-04   5   0 1  2 0  0 2  0
   122  -.1331798780691033E-03   5   0 0  3 0  0 2  0
   123  -.3347021425883224E-04   5   2 0  0 1  0 2  0
   124  -.3888011216615143E-03   5   1 1  0 1  0 2  0
   125  0.4150273948929423E-01   5   0 2  0 1  0 2  0
   126  -.6710704090142672E-05   5   1 0  1 1  0 2  0
   127  0.1548157731034296E-03   5   0 1  1 1  0 2  0
   128  -.5250975504828198E-04   5   0 0  2 1  0 2  0
   129  -.7677694892557433E-04   5   1 0  0 2  0 2  0
   130  0.1043397586447504       5   0 1  0 2  0 2  0
   131  0.2091738144438470E-03   5   0 0  1 2  0 2  0
   132  0.4150273948929425E-01   5   0 0  0 3  0 2  0
   133  0.8077359167090997E-07   5   1 0  0 0  0 4  0
   134  0.2453854698893407E-01   5   0 1  0 0  0 4  0
   135  0.4871702724860717E-04   5   0 0  1 0  0 4  0
   136  0.1323966983146461E-01   5   0 0  0 1  0 4  0
   --------------------------------------------------
     I  COEFFICIENT            ORDER EXPONENTS
     1  0.4305487221285815E-03   1   1 0  0 0  0 0  0
     2   1.000000052712005       1   0 1  0 0  0 0  0
     3  0.3720511318721821E-02   1   0 0  1 0  0 0  0
     4  0.1417644825338904E-03   1   0 0  0 1  0 0  0
     5  -.2908748174577578E-03   2   1 0  0 0  0 1  0
     6  -.7160496026670238E-07   2   0 1  0 0  0 1  0
     7  0.4499660614884835E-04   2   0 0  1 0  0 1  0
     8  -.9577700064347661E-04   2   0 0  0 1  0 1  0
     9  -.8231893401380555E-03   3   3 0  0 0  0 0  0
    10  -.6264735058555969E-04   3   2 1  0 0  0 0  0
    11  0.2124789694256764E-03   3   1 2  0 0  0 0  0
    12  0.7848537354184990E-07   3   0 3  0 0  0 0  0
    13  -.6924432580649315E-02   3   2 0  1 0  0 0  0
    14  -.5120245953752796E-03   3   1 1  1 0  0 0  0
    15  -.4614087485390255E-04   3   0 2  1 0  0 0  0
    16  -.8231893401381189E-03   3   1 0  2 0  0 0  0
    17  0.5894110661326472E-04   3   0 1  2 0  0 0  0
    18  -.6924432580649325E-02   3   0 0  3 0  0 0  0
    19  -.2734874866798649E-03   3   2 0  0 1  0 0  0
    20  -.6046688867992111E-04   3   1 1  0 1  0 0  0
    21  0.7010150910903568E-04   3   0 2  0 1  0 0  0
    22  -.1215884571988284E-03   3   1 0  1 1  0 0  0
    23  -.4282125953912703E-03   3   0 1  1 1  0 0  0
    24  -.7855120820551479E-03   3   0 0  2 1  0 0  0
    25  0.6406915648169466E-03   3   1 0  0 2  0 0  0
    26  0.7848537356136553E-07   3   0 1  0 2  0 0  0
    27  -.1066077635338239E-03   3   0 0  1 2  0 0  0
    28  0.7010150910904955E-04   3   0 0  0 3  0 0  0
    29  0.2172498704892057E-03   3   1 0  0 0  0 2  0
    30  0.7819013503329586E-07   3   0 1  0 0  0 2  0
    31  -.4918882566547697E-04   3   0 0  1 0  0 2  0
    32  0.7153661183754989E-04   3   0 0  0 1  0 2  0
    33  0.5560211538536159E-03   4   3 0  0 0  0 1  0
    34  0.8398193990883869E-04   4   2 1  0 0  0 1  0
    35  -.4306216593045511E-03   4   1 2  0 0  0 1  0
    36  -.2132952956826473E-06   4   0 3  0 0  0 1  0
    37  -.8724560289531834E-04   4   2 0  1 0  0 1  0
    38  0.3244713133321414E-03   4   1 1  1 0  0 1  0
    39  0.1074903204897661E-03   4   0 2  1 0  0 1  0
    40  0.5560211538537885E-03   4   1 0  2 0  0 1  0
    41  -.7894791720119771E-04   4   0 1  2 0  0 1  0
    42  -.8724560289526511E-04   4   0 0  3 0  0 1  0
    43  0.1976993700397993E-03   4   2 0  0 1  0 1  0
    44  0.1720748978802358E-03   4   1 1  0 1  0 1  0
    45  -.1412155692284761E-03   4   0 2  0 1  0 1  0
    46  0.1629298571100458E-03   4   1 0  1 1  0 1  0
    47  0.8678652510702422E-03   4   0 1  1 1  0 1  0
    48  0.5221706833719645E-03   4   0 0  2 1  0 1  0
    49  -.1298486910374792E-02   4   1 0  0 2  0 1  0
    50  -.2132952956063194E-06   4   0 1  0 2  0 1  0
    51  0.2795652183700036E-03   4   0 0  1 2  0 1  0
    52  -.1412155692285073E-03   4   0 0  0 3  0 1  0
    53  -.1747778091839653E-03   4   1 0  0 0  0 3  0
    54  -.8029655628946641E-07   4   0 1  0 0  0 3  0
    55  0.5057692364329059E-04   4   0 0  1 0  0 3  0
    56  -.5755340462419711E-04   4   0 0  0 1  0 3  0
    57  -.4107776727165390E-03   5   5 0  0 0  0 0  0
    58  -.6489766905444136E-04   5   4 1  0 0  0 0  0
    59  -.4118908739048164E-03   5   3 2  0 0  0 0  0
    60  -.6170731607329610E-04   5   2 3  0 0  0 0  0
    61  0.1572780488282995E-03   5   1 4  0 0  0 0  0
    62  0.1041521687397985E-06   5   0 5  0 0  0 0  0
    63  -.2817062189726410E-02   5   4 0  1 0  0 0  0
    64  -.4228218505011323E-03   5   3 1  1 0  0 0  0
    65  0.3528217407246449E-04   5   2 2  1 0  0 0  0
    66  -.2390090046429013E-03   5   1 3  1 0  0 0  0
    67  -.4594328431027462E-04   5   0 4  1 0  0 0  0
    68  -.8215553454327476E-03   5   3 0  2 0  0 0  0
    69  -.1882700881322760E-04   5   2 1  2 0  0 0  0
    70  -.4052801606154308E-03   5   1 2  2 0  0 0  0
    71  0.5790996753309461E-04   5   0 3  2 0  0 0  0
    72  -.5634124379452750E-02   5   2 0  3 0  0 0  0
    73  -.4228218505011453E-03   5   1 1  3 0  0 0  0
    74  0.5404295876489703E-04   5   0 2  3 0  0 0  0
    75  -.4107776727163722E-03   5   1 0  4 0  0 0  0
    76  0.4607066024116266E-04   5   0 1  4 0  0 0  0
    77  -.2817062189726477E-02   5   0 0  5 0  0 0  0
    78  -.1055483500627854E-03   5   4 0  0 1  0 0  0
    79  -.5173412274537968E-03   5   3 1  0 1  0 0  0
    80  -.2066480479228263E-03   5   2 2  0 1  0 0  0
    81  -.1291614529468126E-03   5   1 3  0 1  0 0  0
    82  0.5131169015516247E-04   5   0 4  0 1  0 0  0
    83  -.1109683292954327E-03   5   3 0  1 1  0 0  0
    84  0.9050523578275506E-03   5   2 1  1 1  0 0  0
    85  -.4695744204446683E-04   5   1 2  1 1  0 0  0
    86  -.6348638747141953E-03   5   0 3  1 1  0 0  0
    87  -.6339185506267341E-03   5   2 0  2 1  0 0  0
    88  -.5548627968392996E-03   5   1 1  2 1  0 0  0
    89  -.4175327125873600E-03   5   0 2  2 1  0 0  0
    90  -.1109683292954943E-03   5   1 0  3 1  0 0  0
    91  0.9182737844065739E-03   5   0 1  3 1  0 0  0
    92  -.5283702005638727E-03   5   0 0  4 1  0 0  0
    93  -.1323553945022084E-02   5   3 0  0 2  0 0  0
    94  -.1343671576353001E-03   5   2 1  0 2  0 0  0
    95  0.9494199723711011E-03   5   1 2  0 2  0 0  0
    96  0.2083043374751653E-06   5   0 3  0 2  0 0  0
    97  -.4632982686890038E-03   5   2 0  1 2  0 0  0
    98  -.2952576845997577E-03   5   1 1  1 2  0 0  0
    99  -.2210480215672944E-03   5   0 2  1 2  0 0  0
   100  -.1330164658311608E-02   5   1 0  2 2  0 0  0
   101  0.1305698090951384E-03   5   0 1  2 2  0 0  0
   102  -.4820590533815273E-03   5   0 0  3 2  0 0  0
   103  -.1785237079444565E-03   5   2 0  0 3  0 0  0
   104  -.1291614529467481E-03   5   1 1  0 3  0 0  0
   105  0.1026233803103974E-03   5   0 2  0 3  0 0  0
   106  -.1922771251684821E-03   5   1 0  1 3  0 0  0
   107  -.6348638747142032E-03   5   0 1  1 3  0 0  0
   108  -.4456570525657101E-03   5   0 0  2 3  0 0  0
   109  0.7921419235426554E-03   5   1 0  0 4  0 0  0
   110  0.1041521687367153E-06   5   0 1  0 4  0 0  0
   111  -.1751047372569921E-03   5   0 0  1 4  0 0  0
   112  0.5131169015523684E-04   5   0 0  0 5  0 0  0
   113  -.4151622247200497E-03   5   3 0  0 0  0 2  0
   114  -.9018789703379857E-04   5   2 1  0 0  0 2  0
   115  0.6124888864519834E-03   5   1 2  0 0  0 2  0
   116  0.3779117758589967E-06   5   0 3  0 0  0 2  0
   117  0.9536833783021779E-04   5   2 0  1 0  0 2  0
   118  -.2205722477230049E-03   5   1 1  1 0  0 2  0
   119  -.1783570393398270E-03   5   0 2  1 0  0 2  0
   120  -.4151622247202266E-03   5   1 0  2 0  0 2  0
   121  0.8469174411318115E-04   5   0 1  2 0  0 2  0
   122  0.9536833783017638E-04   5   0 0  3 0  0 2  0
   123  -.1608099207758945E-03   5   2 0  0 1  0 2  0
   124  -.3102861470853369E-03   5   1 1  0 1  0 2  0
   125  0.1993884195299325E-03   5   0 2  0 1  0 2  0
   126  -.1748796411469809E-03   5   1 0  1 1  0 2  0
   127  -.1234440894770785E-02   5   0 1  1 1  0 2  0
   128  -.3813821684989366E-03   5   0 0  2 1  0 2  0
   129  0.1846929781222767E-02   5   1 0  0 2  0 2  0
   130  0.3779117760463468E-06   5   0 1  0 2  0 2  0
   131  -.4886431864251656E-03   5   0 0  1 2  0 2  0
   132  0.1993884195301268E-03   5   0 0  0 3  0 2  0
   133  0.1479377809015334E-03   5   1 0  0 0  0 4  0
   134  0.8077359165206688E-07   5   0 1  0 0  0 4  0
   135  -.5094524397929537E-04   5   0 0  1 0  0 4  0
   136  0.4871702724860982E-04   5   0 0  0 1  0 4  0
   --------------------------------------------------
     I  COEFFICIENT            ORDER EXPONENTS
     1  -.1417644825338141E-03   1   1 0  0 0  0 0  0
     2  -.8679730174673838E-02   1   0 1  0 0  0 0  0
     3   1.000000052712005       1   0 0  1 0  0 0  0
     4  0.7520254860399243E-01   1   0 0  0 1  0 0  0
     5  0.9577700064344118E-04   2   1 0  0 0  0 1  0
     6  0.1178029347654528E-01   2   0 1  0 0  0 1  0
     7  -.7160496028743181E-07   2   0 0  1 0  0 1  0
     8  -.5035361267995697E-01   2   0 0  0 1  0 1  0
     9  0.2639391053054639E-03   3   3 0  0 0  0 0  0
    10  0.3617240960217013E-04   3   2 1  0 0  0 0  0
    11  -.7072664192195217E-04   3   1 2  0 0  0 0  0
    12  -.8641530755480544E-02   3   0 3  0 0  0 0  0
    13  -.8965030561867725E-06   3   2 0  1 0  0 0  0
    14  -.2327396671495720E-05   3   1 1  1 0  0 0  0
    15  -.1606371573160364E-04   3   0 2  1 0  0 0  0
    16  0.2639391053054120E-03   3   1 0  2 0  0 0  0
    17  0.2276541911241853E-04   3   0 1  2 0  0 0  0
    18  -.8965030561908071E-06   3   0 0  3 0  0 0  0
    19  0.4858570797539825E-05   3   2 0  0 1  0 0  0
    20  0.3238910448815889E-04   3   1 1  0 1  0 0  0
    21  0.3693740215720494E-01   3   0 2  0 1  0 0  0
    22  0.1340699048975908E-04   3   1 0  1 1  0 0  0
    23  0.1385474964097707E-03   3   0 1  1 1  0 0  0
    24  0.2531174126013697E-05   3   0 0  2 1  0 0  0
    25  -.2092741383317285E-03   3   1 0  0 2  0 0  0
    26  -.8641530755480541E-02   3   0 1  0 2  0 0  0
    27  0.1632538875655276E-04   3   0 0  1 2  0 0  0
    28  0.3693740215720494E-01   3   0 0  0 3  0 0  0
    29  -.7153661183751585E-04   3   1 0  0 0  0 2  0
    30  -.1284947257815227E-01   3   0 1  0 0  0 2  0
    31  0.7819013502650350E-07   3   0 0  1 0  0 2  0
    32  0.3714369800947533E-01   3   0 0  0 1  0 2  0
    33  -.1783144511103128E-03   4   3 0  0 0  0 1  0
    34  -.4866963657031514E-04   4   2 1  0 0  0 1  0
    35  0.1450334052996378E-03   4   1 2  0 0  0 1  0
    36  0.2345663790922133E-01   4   0 3  0 0  0 1  0
    37  0.1217692169265304E-05   4   2 0  1 0  0 1  0
    38  0.4717348143612287E-05   4   1 1  1 0  0 1  0
    39  0.4350570898570250E-04   4   0 2  1 0  0 1  0
    40  -.1783144511100637E-03   4   1 0  2 0  0 1  0
    41  -.3080373475181104E-04   4   0 1  2 0  0 1  0
    42  0.1217692169272023E-05   4   0 0  3 0  0 1  0
    43  -.9885842744717282E-05   4   2 0  0 1  0 1  0
    44  -.8772305111681560E-04   4   1 1  0 1  0 1  0
    45  -.7417790741256844E-01   4   0 2  0 1  0 1  0
    46  -.1786590181849600E-04   4   1 0  1 1  0 1  0
    47  -.2774054226489340E-03   4   0 1  1 1  0 1  0
    48  -.5168494601076889E-05   4   0 0  2 1  0 1  0
    49  0.4224388279485754E-03   4   1 0  0 2  0 1  0
    50  0.2345663790922133E-01   4   0 1  0 2  0 1  0
    51  -.4421734213110941E-04   4   0 0  1 2  0 1  0
    52  -.7417790741256843E-01   4   0 0  0 3  0 1  0
    53  0.5755340462418096E-04   4   1 0  0 0  0 3  0
    54  0.1317912920919921E-01   4   0 1  0 0  0 3  0
    55  -.8029655627643524E-07   4   0 0  1 0  0 3  0
    56  -.2945036480633062E-01   4   0 0  0 1  0 3  0
    57  0.1077225125151303E-03   5   5 0  0 0  0 0  0
    58  -.1399921397644307E-03   5   4 1  0 0  0 0  0
    59  0.1343704184517326E-03   5   3 2  0 0  0 0  0
    60  0.3653236842255701E-04   5   2 3  0 0  0 0  0
    61  -.5412698325167675E-04   5   1 4  0 0  0 0  0
    62  -.8603409777269054E-02   5   0 5  0 0  0 0  0
    63  -.3570270751360980E-05   5   4 0  1 0  0 0  0
    64  -.8329284319767195E-06   5   3 1  1 0  0 0  0
    65  0.2728758892265042E-04   5   2 2  1 0  0 0  0
    66  -.2868623070937148E-05   5   1 3  1 0  0 0  0
    67  -.3196408084037397E-04   5   0 4  1 0  0 0  0
    68  0.2154450250305316E-03   5   3 0  2 0  0 0  0
    69  -.2932364305074221E-03   5   2 1  2 0  0 0  0
    70  0.1338613929907007E-03   5   1 2  2 0  0 0  0
    71  0.2280009782302020E-04   5   0 3  2 0  0 0  0
    72  -.7140541502634158E-05   5   2 0  3 0  0 0  0
    73  -.8329284319434208E-06   5   1 1  3 0  0 0  0
    74  0.2734909457971924E-04   5   0 2  3 0  0 0  0
    75  0.1077225125152837E-03   5   1 0  4 0  0 0  0
    76  -.1532442907427640E-03   5   0 1  4 0  0 0  0
    77  -.3570270751077886E-05   5   0 0  5 0  0 0  0
    78  -.2454881053974502E-04   5   4 0  0 1  0 0  0
    79  -.6016394495862271E-04   5   3 1  0 1  0 0  0
    80  0.4404283994627718E-05   5   2 2  0 1  0 0  0
    81  0.6429577656802982E-04   5   1 3  0 1  0 0  0
    82  0.2720705592640124E-01   5   0 4  0 1  0 0  0
    83  0.1325215097826160E-04   5   3 0  1 1  0 0  0
    84  -.2554648720620568E-03   5   2 1  1 1  0 0  0
    85  0.1318662750058017E-05   5   1 2  1 1  0 0  0
    86  0.2032768176333990E-03   5   0 3  1 1  0 0  0
    87  -.4993054951177067E-04   5   2 0  2 1  0 0  0
    88  -.6028695627301830E-04   5   1 1  2 1  0 0  0
    89  0.5957356431348506E-05   5   0 2  2 1  0 0  0
    90  0.1325215097815095E-04   5   1 0  3 1  0 0  0
    91  -.2564829229842585E-03   5   0 1  3 1  0 0  0
    92  -.2538173897185489E-04   5   0 0  4 1  0 0  0
    93  0.3903443159747757E-03   5   3 0  0 2  0 0  0
    94  0.4894597627199043E-04   5   2 1  0 2  0 0  0
    95  -.3115307841367264E-03   5   1 2  0 2  0 0  0
    96  -.1720681955453800E-01   5   0 3  0 2  0 0  0
    97  -.3281485037893787E-04   5   2 0  1 2  0 0  0
    98  -.1171201408627886E-04   5   1 1  1 2  0 0  0
    99  0.3676148873275425E-06   5   0 2  1 2  0 0  0
   100  0.3908533414357634E-03   5   1 0  2 2  0 0  0
   101  0.1038648997358882E-04   5   0 1  2 2  0 0  0
   102  -.3287635603616101E-04   5   0 0  3 2  0 0  0
   103  0.8825979502259244E-05   5   2 0  0 3  0 0  0
   104  0.6429577656803302E-04   5   1 1  0 3  0 0  0
   105  0.5441411185280235E-01   5   0 2  0 3  0 0  0
   106  0.2614587844896489E-04   5   1 0  1 3  0 0  0
   107  0.2032768176333017E-03   5   0 1  1 3  0 0  0
   108  0.1535660923604661E-05   5   0 0  2 3  0 0  0
   109  -.2574038008850058E-03   5   1 0  0 4  0 0  0
   110  -.8603409777268919E-02   5   0 1  0 4  0 0  0
   111  0.3233169572766231E-04   5   0 0  1 4  0 0  0
   112  0.2720705592640108E-01   5   0 0  0 5  0 0  0
   113  0.1331798780691032E-03   5   3 0  0 0  0 2  0
   114  0.5250975504828196E-04   5   2 1  0 0  0 2  0
   115  -.2091738144438471E-03   5   1 2  0 0  0 2  0
   116  -.4150273948929423E-01   5   0 3  0 0  0 2  0
   117  -.1329495506331232E-05   5   2 0  1 0  0 2  0
   118  -.6710704090142671E-05   5   1 1  1 0  0 2  0
   119  -.7677694892557435E-04   5   0 2  1 0  0 2  0
   120  0.1331798780685280E-03   5   1 0  2 0  0 2  0
   121  0.3347021425883220E-04   5   0 1  2 0  0 2  0
   122  -.1329495506347519E-05   5   0 0  3 0  0 2  0
   123  0.1412828447513024E-04   5   2 0  0 1  0 2  0
   124  0.1548157731034296E-03   5   1 1  0 1  0 2  0
   125  0.1043397586447504       5   0 2  0 1  0 2  0
   126  0.1903954078941382E-04   5   1 0  1 1  0 2  0
   127  0.3888011216615144E-03   5   0 1  1 1  0 2  0
   128  0.7417580384950904E-05   5   0 0  2 1  0 2  0
   129  -.5979749361053649E-03   5   1 0  0 2  0 2  0
   130  -.4150273948929423E-01   5   0 1  0 2  0 2  0
   131  0.7803882417785044E-04   5   0 0  1 2  0 2  0
   132  0.1043397586447504       5   0 0  0 3  0 2  0
   133  -.4871702724860718E-04   5   1 0  0 0  0 4  0
   134  -.1323966983146461E-01   5   0 1  0 0  0 4  0
   135  0.8077359167090574E-07   5   0 0  1 0  0 4  0
   136  0.2453854698893407E-01   5   0 0  0 1  0 4  0
   --------------------------------------------------
     I  COEFFICIENT            ORDER EXPONENTS
     1  -.3720511318721820E-02   1   1 0  0 0  0 0  0
     2  -.1417644825338626E-03   1   0 1  0 0  0 0  0
     3  0.4305487221285815E-03   1   0 0  1 0  0 0  0
     4   1.000000052712005       1   0 0  0 1  0 0  0
     5  -.4499660614884836E-04   2   1 0  0 0  0 1  0
     6  0.9577700064348701E-04   2   0 1  0 0  0 1  0
     7  -.2908748174577578E-03   2   0 0  1 0  0 1  0
     8  -.7160496026670238E-07   2   0 0  0 1  0 1  0
     9  0.6924432580649319E-02   3   3 0  0 0  0 0  0
    10  0.7855120820551473E-03   3   2 1  0 0  0 0  0
    11  0.1066077635338239E-03   3   1 2  0 0  0 0  0
    12  -.7010150910898098E-04   3   0 3  0 0  0 0  0
    13  -.8231893401381205E-03   3   2 0  1 0  0 0  0
    14  -.1215884571988285E-03   3   1 1  1 0  0 0  0
    15  0.6406915648169467E-03   3   0 2  1 0  0 0  0
    16  0.6924432580649316E-02   3   1 0  2 0  0 0  0
    17  0.2734874866798647E-03   3   0 1  2 0  0 0  0
    18  -.8231893401380566E-03   3   0 0  3 0  0 0  0
    19  0.5894110661326464E-04   3   2 0  0 1  0 0  0
    20  -.4282125953912704E-03   3   1 1  0 1  0 0  0
    21  0.7848537356049817E-07   3   0 2  0 1  0 0  0
    22  0.5120245953752796E-03   3   1 0  1 1  0 0  0
    23  0.6046688867992135E-04   3   0 1  1 1  0 0  0
    24  -.6264735058555971E-04   3   0 0  2 1  0 0  0
    25  0.4614087485390259E-04   3   1 0  0 2  0 0  0
    26  -.7010150910903221E-04   3   0 1  0 2  0 0  0
    27  0.2124789694256764E-03   3   0 0  1 2  0 0  0
    28  0.7848537355095719E-07   3   0 0  0 3  0 0  0
    29  0.4918882566547699E-04   3   1 0  0 0  0 2  0
    30  -.7153661183750479E-04   3   0 1  0 0  0 2  0
    31  0.2172498704892058E-03   3   0 0  1 0  0 2  0
    32  0.7819013505411254E-07   3   0 0  0 1  0 2  0
    33  0.8724560289526511E-04   4   3 0  0 0  0 1  0
    34  -.5221706833719642E-03   4   2 1  0 0  0 1  0
    35  -.2795652183700036E-03   4   1 2  0 0  0 1  0
    36  0.1412155692284258E-03   4   0 3  0 0  0 1  0
    37  0.5560211538537885E-03   4   2 0  1 0  0 1  0
    38  0.1629298571100459E-03   4   1 1  1 0  0 1  0
    39  -.1298486910374793E-02   4   0 2  1 0  0 1  0
    40  0.8724560289531807E-04   4   1 0  2 0  0 1  0
    41  -.1976993700397993E-03   4   0 1  2 0  0 1  0
    42  0.5560211538536162E-03   4   0 0  3 0  0 1  0
    43  -.7894791720119759E-04   4   2 0  0 1  0 1  0
    44  0.8678652510702424E-03   4   1 1  0 1  0 1  0
    45  -.2132952956417728E-06   4   0 2  0 1  0 1  0
    46  -.3244713133321415E-03   4   1 0  1 1  0 1  0
    47  -.1720748978802363E-03   4   0 1  1 1  0 1  0
    48  0.8398193990883867E-04   4   0 0  2 1  0 1  0
    49  -.1074903204897660E-03   4   1 0  0 2  0 1  0
    50  0.1412155692284622E-03   4   0 1  0 2  0 1  0
    51  -.4306216593045511E-03   4   0 0  1 2  0 1  0
    52  -.2132952956677937E-06   4   0 0  0 3  0 1  0
    53  -.5057692364329066E-04   4   1 0  0 0  0 3  0
    54  0.5755340462418844E-04   4   0 1  0 0  0 3  0
    55  -.1747778091839653E-03   4   0 0  1 0  0 3  0
    56  -.8029655627905807E-07   4   0 0  0 1  0 3  0
    57  0.2817062189726475E-02   5   5 0  0 0  0 0  0
    58  0.5283702005638675E-03   5   4 1  0 0  0 0  0
    59  0.4820590533815274E-03   5   3 2  0 0  0 0  0
    60  0.4456570525657098E-03   5   2 3  0 0  0 0  0
    61  0.1751047372569920E-03   5   1 4  0 0  0 0  0
    62  -.5131169015516502E-04   5   0 5  0 0  0 0  0
    63  -.4107776727163724E-03   5   4 0  1 0  0 0  0
    64  -.1109683292954943E-03   5   3 1  1 0  0 0  0
    65  -.1330164658311611E-02   5   2 2  1 0  0 0  0
    66  -.1922771251684823E-03   5   1 3  1 0  0 0  0
    67  0.7921419235426563E-03   5   0 4  1 0  0 0  0
    68  0.5634124379452746E-02   5   3 0  2 0  0 0  0
    69  0.6339185506267342E-03   5   2 1  2 0  0 0  0
    70  0.4632982686890052E-03   5   1 2  2 0  0 0  0
    71  0.1785237079444564E-03   5   0 3  2 0  0 0  0
    72  -.8215553454327481E-03   5   2 0  3 0  0 0  0
    73  -.1109683292954327E-03   5   1 1  3 0  0 0  0
    74  -.1323553945022086E-02   5   0 2  3 0  0 0  0
    75  0.2817062189726411E-02   5   1 0  4 0  0 0  0
    76  0.1055483500627935E-03   5   0 1  4 0  0 0  0
    77  -.4107776727165395E-03   5   0 0  5 0  0 0  0
    78  0.4607066024116394E-04   5   4 0  0 1  0 0  0
    79  0.9182737844065731E-03   5   3 1  0 1  0 0  0
    80  0.1305698090951379E-03   5   2 2  0 1  0 0  0
    81  -.6348638747142037E-03   5   1 3  0 1  0 0  0
    82  0.1041521687879981E-06   5   0 4  0 1  0 0  0
    83  0.4228218505011452E-03   5   3 0  1 1  0 0  0
    84  0.5548627968392984E-03   5   2 1  1 1  0 0  0
    85  0.2952576845997575E-03   5   1 2  1 1  0 0  0
    86  0.1291614529467489E-03   5   0 3  1 1  0 0  0
    87  -.1882700881322725E-04   5   2 0  2 1  0 0  0
    88  0.9050523578275496E-03   5   1 1  2 1  0 0  0
    89  -.1343671576353001E-03   5   0 2  2 1  0 0  0
    90  0.4228218505011322E-03   5   1 0  3 1  0 0  0
    91  0.5173412274537978E-03   5   0 1  3 1  0 0  0
    92  -.6489766905444016E-04   5   0 0  4 1  0 0  0
    93  -.5404295876489693E-04   5   3 0  0 2  0 0  0
    94  0.4175327125873595E-03   5   2 1  0 2  0 0  0
    95  0.2210480215672937E-03   5   1 2  0 2  0 0  0
    96  -.1026233803103722E-03   5   0 3  0 2  0 0  0
    97  -.4052801606154309E-03   5   2 0  1 2  0 0  0
    98  -.4695744204446693E-04   5   1 1  1 2  0 0  0
    99  0.9494199723711007E-03   5   0 2  1 2  0 0  0
   100  -.3528217407246414E-04   5   1 0  2 2  0 0  0
   101  0.2066480479228261E-03   5   0 1  2 2  0 0  0
   102  -.4118908739048167E-03   5   0 0  3 2  0 0  0
   103  0.5790996753309449E-04   5   2 0  0 3  0 0  0
   104  -.6348638747141948E-03   5   1 1  0 3  0 0  0
   105  0.2083043375046556E-06   5   0 2  0 3  0 0  0
   106  0.2390090046429013E-03   5   1 0  1 3  0 0  0
   107  0.1291614529468130E-03   5   0 1  1 3  0 0  0
   108  -.6170731607329629E-04   5   0 0  2 3  0 0  0
   109  0.4594328431027452E-04   5   1 0  0 4  0 0  0
   110  -.5131169015522297E-04   5   0 1  0 4  0 0  0
   111  0.1572780488282994E-03   5   0 0  1 4  0 0  0
   112  0.1041521687644709E-06   5   0 0  0 5  0 0  0
   113  -.9536833783017620E-04   5   3 0  0 0  0 2  0
   114  0.3813821684989363E-03   5   2 1  0 0  0 2  0
   115  0.4886431864251660E-03   5   1 2  0 0  0 2  0
   116  -.1993884195300331E-03   5   0 3  0 0  0 2  0
   117  -.4151622247202266E-03   5   2 0  1 0  0 2  0
   118  -.1748796411469809E-03   5   1 1  1 0  0 2  0
   119  0.1846929781222768E-02   5   0 2  1 0  0 2  0
   120  -.9536833783021748E-04   5   1 0  2 0  0 2  0
   121  0.1608099207758943E-03   5   0 1  2 0  0 2  0
   122  -.4151622247200500E-03   5   0 0  3 0  0 2  0
   123  0.8469174411318125E-04   5   2 0  0 1  0 2  0
   124  -.1234440894770785E-02   5   1 1  0 1  0 2  0
   125  0.3779117759724043E-06   5   0 2  0 1  0 2  0
   126  0.2205722477230049E-03   5   1 0  1 1  0 2  0
   127  0.3102861470853363E-03   5   0 1  1 1  0 2  0
   128  -.9018789703379862E-04   5   0 0  2 1  0 2  0
   129  0.1783570393398272E-03   5   1 0  0 2  0 2  0
   130  -.1993884195299967E-03   5   0 1  0 2  0 2  0
   131  0.6124888864519828E-03   5   0 0  1 2  0 2  0
   132  0.3779117759186278E-06   5   0 0  0 3  0 2  0
   133  0.5094524397929539E-04   5   1 0  0 0  0 4  0
   134  -.4871702724856819E-04   5   0 1  0 0  0 4  0
   135  0.1479377809015334E-03   5   0 0  1 0  0 4  0
   136  0.8077359167635301E-07   5   0 0  0 1  0 4  0
   --------------------------------------------------
     I  COEFFICIENT            ORDER EXPONENTS
     1  1.0000000000000000       1   0 0  0 0  1 0  0
     2  0.7690926975354109E-02   1   0 0  0 0  0 1  0
     3  -.1211055004604278E-06   2   2 0  0 0  0 0  0
     4  -.1114155687145145E-04   2   1 1  0 0  0 0  0
     5  -.2585642331353750E-01   2   0 2  0 0  0 0  0
     6  -.9619805936581966E-04   2   0 1  1 0  0 0  0
     7  -.1211055004604278E-06   2   0 0  2 0  0 0  0
     8  0.9619805936581965E-04   2   1 0  0 1  0 0  0
     9  -.1114155687145145E-04   2   0 0  1 1  0 0  0
    10  -.2585642331353750E-01   2   0 0  0 2  0 0  0
    11  -.7863322037216923E-02   2   0 0  0 0  0 2  0
    12  0.1824505074740158E-06   3   2 0  0 0  0 1  0
    13  0.2437251176600181E-04   3   1 1  0 0  0 1  0
    14  0.3909363035904976E-01   3   0 2  0 0  0 1  0
    15  0.1442818181713595E-03   3   0 1  1 0  0 1  0
    16  0.1824505074740158E-06   3   0 0  2 0  0 1  0
    17  -.1442818181713595E-03   3   1 0  0 1  0 1  0
    18  0.2437251176600181E-04   3   0 0  1 1  0 1  0
    19  0.3909363035904977E-01   3   0 0  0 2  0 1  0
    20  0.7536117018589799E-02   3   0 0  0 0  0 3  0
    21  0.4532237335851636E-06   4   4 0  0 0  0 0  0
    22  0.2134488807166264E-04   4   3 1  0 0  0 0  0
    23  0.1371909165999107E-05   4   2 2  0 0  0 0  0
    24  -.2219735740442278E-04   4   1 3  0 0  0 0  0
    25  -.1939250312442812E-01   4   0 4  0 0  0 0  0
    26  0.1790342626519029E-03   4   2 1  1 0  0 0  0
    27  0.8927779878138962E-05   4   1 2  1 0  0 0  0
    28  -.1432703625275412E-03   4   0 3  1 0  0 0  0
    29  0.9064474673867937E-06   4   2 0  2 0  0 0  0
    30  0.2134488807160417E-04   4   1 1  2 0  0 0  0
    31  -.1255912010970215E-05   4   0 2  2 0  0 0  0
    32  0.1790342626519442E-03   4   0 1  3 0  0 0  0
    33  0.4532237335487592E-06   4   0 0  4 0  0 0  0
    34  -.1790342626519434E-03   4   3 0  0 1  0 0  0
    35  -.8927779878115206E-05   4   2 1  0 1  0 0  0
    36  0.1432703625275685E-03   4   1 2  0 1  0 0  0
    37  0.2134488807160421E-04   4   2 0  1 1  0 0  0
    38  0.5255642353833319E-05   4   1 1  1 1  0 0  0
    39  -.2219735740440756E-04   4   0 2  1 1  0 0  0
    40  -.1790342626519028E-03   4   1 0  2 1  0 0  0
    41  0.8927779878115289E-05   4   0 1  2 1  0 0  0
    42  0.2134488807165718E-04   4   0 0  3 1  0 0  0
    43  -.1255912010970206E-05   4   2 0  0 2  0 0  0
    44  -.2219735740440750E-04   4   1 1  0 2  0 0  0
    45  -.3878500624885618E-01   4   0 2  0 2  0 0  0
    46  -.8927779878138947E-05   4   1 0  1 2  0 0  0
    47  -.1432703625275685E-03   4   0 1  1 2  0 0  0
    48  0.1371909165998801E-05   4   0 0  2 2  0 0  0
    49  0.1432703625275411E-03   4   1 0  0 3  0 0  0
    50  -.2219735740442279E-04   4   0 0  1 3  0 0  0
    51  -.1939250312442812E-01   4   0 0  0 4  0 0  0
    52  -.2223338677308257E-06   4   2 0  0 0  0 2  0
    53  -.3761371551609467E-04   4   1 1  0 0  0 2  0
    54  -.4783351203753644E-01   4   0 2  0 0  0 2  0
    55  -.1749285328287942E-03   4   0 1  1 0  0 2  0
    56  -.2223338677308256E-06   4   0 0  2 0  0 2  0
    57  0.1749285328287942E-03   4   1 0  0 1  0 2  0
    58  -.3761371551609468E-04   4   0 0  1 1  0 2  0
    59  -.4783351203753643E-01   4   0 0  0 2  0 2  0
    60  -.7085135729154647E-02   4   0 0  0 0  0 4  0
    61  -.6828025532977169E-06   5   4 0  0 0  0 1  0
    62  -.4668918760656256E-04   5   3 1  0 0  0 1  0
    63  -.3914120182859115E-05   5   2 2  0 0  0 1  0
    64  0.7875050907354028E-04   5   1 3  0 0  0 1  0
    65  0.5575701331472696E-01   5   0 4  0 0  0 1  0
    66  -.1285006155708713E-15   5   3 0  1 0  0 1  0
    67  -.2684258748256054E-03   5   2 1  1 0  0 1  0
    68  -.1901988419895380E-04   5   1 2  1 0  0 1  0
    69  0.4090275821093534E-03   5   0 3  1 0  0 1  0
    70  -.1365605106940680E-05   5   2 0  2 0  0 1  0
    71  -.4668918760636974E-04   5   1 1  2 0  0 1  0
    72  0.3577515358774904E-05   5   0 2  2 0  0 1  0
    73  0.1284972737611966E-15   5   1 0  3 0  0 1  0
    74  -.2684258748254304E-03   5   0 1  3 0  0 1  0
    75  -.6828025532977177E-06   5   0 0  4 0  0 1  0
    76  0.2684258748254294E-03   5   3 0  0 1  0 1  0
    77  0.1901988419890219E-04   5   2 1  0 1  0 1  0
    78  -.4090275821095211E-03   5   1 2  0 1  0 1  0
    79  -.4668918760636977E-04   5   2 0  1 1  0 1  0
    80  -.1498327108276802E-04   5   1 1  1 1  0 1  0
    81  0.7875050907348161E-04   5   0 2  1 1  0 1  0
    82  0.2684258748256053E-03   5   1 0  2 1  0 1  0
    83  -.1901988419889064E-04   5   0 1  2 1  0 1  0
    84  -.4668918760655890E-04   5   0 0  3 1  0 1  0
    85  0.3577515358777780E-05   5   2 0  0 2  0 1  0
    86  0.7875050907348170E-04   5   1 1  0 2  0 1  0
    87  0.1115140266294538       5   0 2  0 2  0 1  0
    88  0.1901988419895376E-04   5   1 0  1 2  0 1  0
    89  0.4090275821095220E-03   5   0 1  1 2  0 1  0
    90  -.3914120182855802E-05   5   0 0  2 2  0 1  0
    91  -.4090275821093532E-03   5   1 0  0 3  0 1  0
    92  0.7875050907354051E-04   5   0 0  1 3  0 1  0
    93  0.5575701331472695E-01   5   0 0  0 4  0 1  0
    94  0.2535257327889015E-06   5   2 0  0 0  0 3  0
    95  0.5055024080161175E-04   5   1 1  0 0  0 3  0
    96  0.5477629808309015E-01   5   0 2  0 0  0 3  0
    97  0.1984039810571595E-03   5   0 1  1 0  0 3  0
    98  0.2535257327889015E-06   5   0 0  2 0  0 3  0
    99  -.1984039810571595E-03   5   1 0  0 1  0 3  0
   100  0.5055024080161176E-04   5   0 0  1 1  0 3  0
   101  0.5477629808309015E-01   5   0 0  0 2  0 3  0
   102  0.6639787906708198E-02   5   0 0  0 0  0 5  0
   --------------------------------------------------
     I  COEFFICIENT            ORDER EXPONENTS
     1  1.0000000000000000       1   0 0  0 0  0 1  0
     ------------------------------------------------
     ALL COMPONENTS ZERO 
     ------------------- 
     ALL COMPONENTS ZERO 
     ------------------- 
