 L    0.9999999999999787E-02
 P (  0.0000000000000000E+00,  0.0000000000000000E+00,  0.2296050000000000E+01)
 A (  0.0000000000000000E+00,  0.0000000000000000E+00,  0.0000000000000000E+00)
     I  COEFFICIENT            ORDER EXPONENTS
     1   1.000005371448667       1   1 0  0 0  0 0  0
     2  0.9997097135203036E-02   1   0 1  0 0  0 0  0
     3  -.3915910142838497E-03   1   0 0  1 0  0 0  0
     4  0.2086428085074573E-03   1   0 0  0 1  0 0  0
     5  -.7321840184224170E-05   2   1 0  0 0  0 1  0
     6  -.6810167020435718E-02   2   0 1  0 0  0 1  0
     7  0.2668366960451493E-03   2   0 0  1 0  0 1  0
     8  -.2843848660180937E-03   2   0 0  0 1  0 1  0
     9  0.7432654386882811E-04   3   3 0  0 0  0 0  0
    10  -.4939348836860805E-04   3   2 1  0 0  0 0  0
    11  -.6201015421600133E-06   3   1 2  0 0  0 0  0
    12  0.4995630804966807E-02   3   0 3  0 0  0 0  0
    13  -.1365304500016972E-02   3   2 0  1 0  0 0  0
    14  -.9797964472006179E-05   3   1 1  1 0  0 0  0
    15  -.5870064368825794E-03   3   0 2  1 0  0 0  0
    16  0.7432654386882811E-04   3   1 0  2 0  0 0  0
    17  -.2930542920577814E-04   3   0 1  2 0  0 0  0
    18  -.1365304500016973E-02   3   0 0  3 0  0 0  0
    19  0.2170672140106901E-02   3   2 0  0 1  0 0  0
    20  0.4053949963066670E-03   3   1 1  0 1  0 0  0
    21  0.2086477729172309E-03   3   0 2  0 1  0 0  0
    22  -.2008805916282997E-04   3   1 0  1 1  0 0  0
    23  -.2243029149459376E-04   3   0 1  1 1  0 0  0
    24  0.2160874175634893E-02   3   0 0  2 1  0 0  0
    25  0.2181018995243374E-04   3   1 0  0 2  0 0  0
    26  0.4995630804966809E-02   3   0 1  0 2  0 0  0
    27  -.1816114405759124E-03   3   0 0  1 2  0 0  0
    28  0.2086477729172309E-03   3   0 0  0 3  0 0  0
    29  0.8029572765935489E-05   3   1 0  0 0  0 2  0
    30  0.5144253321399465E-02   3   0 1  0 0  0 2  0
    31  -.2016437360983206E-03   3   0 0  1 0  0 2  0
    32  0.3118506525288487E-03   3   0 0  0 1  0 2  0
    33  -.1013224152816014E-03   4   3 0  0 0  0 1  0
    34  0.1010118186686059E-03   4   2 1  0 0  0 1  0
    35  0.1684559670908591E-05   4   1 2  0 0  0 1  0
    36  -.1020926425346968E-01   4   0 3  0 0  0 1  0
    37  0.9296116345521312E-03   4   2 0  1 0  0 1  0
    38  0.1362092854538427E-04   4   1 1  1 0  0 1  0
    39  0.1199663455339166E-02   4   0 2  1 0  0 1  0
    40  -.1013224152816014E-03   4   1 0  2 0  0 1  0
    41  0.5993987180664748E-04   4   0 1  2 0  0 1  0
    42  0.9296116345521323E-03   4   0 0  3 0  0 1  0
    43  -.2959135078193137E-02   4   2 0  0 1  0 1  0
    44  -.8280878072051814E-03   4   1 1  0 1  0 1  0
    45  -.5687824512652214E-03   4   0 2  0 1  0 1  0
    46  0.4107194686195858E-04   4   1 0  1 1  0 1  0
    47  0.6113754511830405E-04   4   0 1  1 1  0 1  0
    48  -.2945514149647748E-02   4   0 0  2 1  0 1  0
    49  -.5945298544739545E-04   4   1 0  0 2  0 1  0
    50  -.1020926425346968E-01   4   0 1  0 2  0 1  0
    51  0.3715756481339847E-03   4   0 0  1 2  0 1  0
    52  -.5687824512652215E-03   4   0 0  0 3  0 1  0
    53  -.8285924075774419E-05   4   1 0  0 0  0 3  0
    54  -.4192458930727534E-02   4   0 1  0 0  0 3  0
    55  0.1644103195296701E-03   4   0 0  1 0  0 3  0
    56  -.3217800598424511E-03   4   0 0  0 1  0 3  0
    57  0.6303144406344423E-03   5   5 0  0 0  0 0  0
    58  -.5420830935908498E-03   5   4 1  0 0  0 0  0
    59  -.1196994554567396E-04   5   3 2  0 0  0 0  0
    60  -.7484548583376746E-04   5   2 3  0 0  0 0  0
    61  -.6609444224432471E-05   5   1 4  0 0  0 0  0
    62  0.3744519891750232E-02   5   0 5  0 0  0 0  0
    63  -.1119456421749617E-01   5   4 0  1 0  0 0  0
    64  -.1588039534886756E-03   5   3 1  1 0  0 0  0
    65  -.2041187861324373E-02   5   2 2  1 0  0 0  0
    66  -.1841131020679566E-04   5   1 3  1 0  0 0  0
    67  -.7332794452551852E-03   5   0 4  1 0  0 0  0
    68  0.1260628881268883E-02   5   3 0  2 0  0 0  0
    69  -.9462872580506679E-03   5   2 1  2 0  0 0  0
    70  -.1066935746575812E-04   5   1 2  2 0  0 0  0
    71  -.1316972410650204E-04   5   0 3  2 0  0 0  0
    72  -.2238912843499232E-01   5   2 0  3 0  0 0  0
    73  -.1588039534886756E-03   5   1 1  3 0  0 0  0
    74  -.2042195159007299E-02   5   0 2  3 0  0 0  0
    75  0.6303144406344415E-03   5   1 0  4 0  0 0  0
    76  -.4042041644598194E-03   5   0 1  4 0  0 0  0
    77  -.1119456421749616E-01   5   0 0  5 0  0 0  0
    78  0.1119626313143276E-01   5   4 0  0 1  0 0  0
    79  0.1499755767475109E-02   5   3 1  0 1  0 0  0
    80  0.2180146947852746E-02   5   2 2  0 1  0 0  0
    81  0.6074748818477871E-03   5   1 3  0 1  0 0  0
    82  0.2086521438645029E-03   5   0 4  0 1  0 0  0
    83  -.1378789291310312E-03   5   3 0  1 1  0 0  0
    84  -.3171177117264525E-03   5   2 1  1 1  0 0  0
    85  -.9527333913773633E-04   5   1 2  1 1  0 0  0
    86  -.4485761532726154E-04   5   0 3  1 1  0 0  0
    87  0.2223372230937684E-01   5   2 0  2 1  0 0  0
    88  0.1501770362840954E-02   5   1 1  2 1  0 0  0
    89  0.2154265638447757E-02   5   0 2  2 1  0 0  0
    90  -.1378789291310312E-03   5   1 0  3 1  0 0  0
    91  -.3145165355666203E-03   5   0 1  3 1  0 0  0
    92  0.1103745917794410E-01   5   0 0  4 1  0 0  0
    93  0.3038471781008627E-03   5   3 0  0 2  0 0  0
    94  -.4124790842329498E-04   5   2 1  0 2  0 0  0
    95  0.3163872687839705E-04   5   1 2  0 2  0 0  0
    96  0.7489039783500464E-02   5   0 3  0 2  0 0  0
    97  -.5424393915321896E-03   5   2 0  1 2  0 0  0
    98  -.3471311810413506E-05   5   1 1  1 2  0 0  0
    99  -.8590840086625856E-03   5   0 2  1 2  0 0  0
   100  0.3025465900209465E-03   5   1 0  2 2  0 0  0
   101  -.4676730151697317E-04   5   0 1  2 2  0 0  0
   102  -.5414320938492663E-03   5   0 0  3 2  0 0  0
   103  0.2172676948654553E-02   5   2 0  0 3  0 0  0
   104  0.6074748818477868E-03   5   1 1  0 3  0 0  0
   105  0.4173042877290074E-03   5   0 2  0 3  0 0  0
   106  -.2807818431679317E-04   5   1 0  1 3  0 0  0
   107  -.4485761532726198E-04   5   0 1  1 3  0 0  0
   108  0.2161735637645948E-02   5   0 0  2 3  0 0  0
   109  0.3824817110282905E-04   5   1 0  0 4  0 0  0
   110  0.3744519891750232E-02   5   0 1  0 4  0 0  0
   111  -.1258045634073977E-03   5   0 0  1 4  0 0  0
   112  0.2086521438645031E-03   5   0 0  0 5  0 0  0
   113  0.1111267087922083E-03   5   3 0  0 0  0 2  0
   114  -.1452307162609517E-03   5   2 1  0 0  0 2  0
   115  -.2983307258308697E-05   5   1 2  0 0  0 2  0
   116  0.1466651463525854E-01   5   0 3  0 0  0 2  0
   117  -.7017443107809590E-03   5   2 0  1 0  0 2  0
   118  -.1529916935415554E-04   5   1 1  1 0  0 2  0
   119  -.1723481811777659E-02   5   0 2  1 0  0 2  0
   120  0.1111267087922083E-03   5   1 0  2 0  0 2  0
   121  -.8619446428797922E-04   5   0 1  2 0  0 2  0
   122  -.7017443107809599E-03   5   0 0  3 0  0 2  0
   123  0.3245553758000295E-02   5   2 0  0 1  0 2  0
   124  0.1188951719186714E-02   5   1 1  0 1  0 2  0
   125  0.1011345254950299E-02   5   0 2  0 1  0 2  0
   126  -.5903625197297259E-04   5   1 0  1 1  0 2  0
   127  -.1086908492127300E-03   5   0 1  1 1  0 2  0
   128  0.3230254588646135E-02   5   0 0  2 1  0 2  0
   129  0.1057075419544213E-03   5   1 0  0 2  0 2  0
   130  0.1466651463525854E-01   5   0 1  0 2  0 2  0
   131  -.5345300925909452E-03   5   0 0  1 2  0 2  0
   132  0.1011345254950299E-02   5   0 0  0 3  0 2  0
   133  0.8378316467049728E-05   5   1 0  0 0  0 4  0
   134  0.3597371978297673E-02   5   0 1  0 0  0 4  0
   135  -.1411406172277479E-03   5   0 0  1 0  0 4  0
   136  0.3253393715706809E-03   5   0 0  0 1  0 4  0
   --------------------------------------------------
     I  COEFFICIENT            ORDER EXPONENTS
     1  0.1613084798368406E-02   1   1 0  0 0  0 0  0
     2  0.9991404568271851       1   0 1  0 0  0 0  0
     3  -.7975132185250347E-01   1   0 0  1 0  0 0  0
     4  0.4131659268251330E-01   1   0 0  0 1  0 0  0
     5  -.1099183875234982E-02   2   1 0  0 0  0 1  0
     6  0.1171577225339088E-02   2   0 1  0 0  0 1  0
     7  -.3011342691879516E-04   2   0 0  1 0  0 1  0
     8  -.2814553853772774E-01   2   0 0  0 1  0 1  0
     9  0.2246927704681948E-01   3   3 0  0 0  0 0  0
    10  -.1765352009976612E-01   3   2 1  0 0  0 0  0
    11  0.6299919424803287E-03   3   1 2  0 0  0 0  0
    12  -.8600086814066479E-03   3   0 3  0 0  0 0  0
    13  -.2874964858438046       3   2 0  1 0  0 0  0
    14  -.3110860806165769E-02   3   1 1  1 0  0 0  0
    15  0.8126662028342946E-04   3   0 2  1 0  0 0  0
    16  0.2246927704681947E-01   3   1 0  2 0  0 0  0
    17  -.1787492120146488E-01   3   0 1  2 0  0 0  0
    18  -.2874964858438046       3   0 0  3 0  0 0  0
    19  0.4314147575114675       3   2 0  0 1  0 0  0
    20  0.4195173155836644E-02   3   1 1  0 1  0 0  0
    21  0.2066055029217298E-01   3   0 2  0 1  0 0  0
    22  0.2214011016987481E-03   3   1 0  1 1  0 0  0
    23  -.1849526090024451E-02   3   0 1  1 1  0 0  0
    24  0.4283038967053018       3   0 0  2 1  0 0  0
    25  0.2479518032504779E-02   3   1 0  0 2  0 0  0
    26  -.8600086814066418E-03   3   0 1  0 2  0 0  0
    27  0.4276439776120074E-02   3   0 0  1 2  0 0  0
    28  0.2066055029217298E-01   3   0 0  0 3  0 0  0
    29  0.8306344777222941E-03   3   1 0  0 0  0 2  0
    30  -.1284728331262462E-02   3   0 1  0 0  0 2  0
    31  0.3302421091713324E-04   3   0 0  1 0  0 2  0
    32  0.2126061331556731E-01   3   0 0  0 1  0 2  0
    33  -.1530805559542785E-01   4   3 0  0 0  0 1  0
    34  0.2406306674921560E-01   4   2 1  0 0  0 1  0
    35  -.1289150204612356E-02   4   1 2  0 0  0 1  0
    36  0.2344420105945523E-02   4   0 3  0 0  0 1  0
    37  -.7300030686916547E-03   4   2 0  1 0  0 1  0
    38  0.2232551325791518E-02   4   1 1  1 0  0 1  0
    39  -.2356186203022554E-03   4   0 2  1 0  0 1  0
    40  -.1530805559542785E-01   4   1 0  2 0  0 1  0
    41  0.2436594981715373E-01   4   0 1  2 0  0 1  0
    42  -.7300030686916547E-03   4   0 0  3 0  0 1  0
    43  -.2937288570882557       4   2 0  0 1  0 1  0
    44  -.5587287902568570E-02   4   1 1  0 1  0 1  0
    45  -.4222282298098384E-01   4   0 2  0 1  0 1  0
    46  -.3028830679381138E-03   4   1 0  1 1  0 1  0
    47  0.3778260128064070E-02   4   0 1  1 1  0 1  0
    48  -.2914963057624642       4   0 0  2 1  0 1  0
    49  -.5067410332676429E-02   4   1 0  0 2  0 1  0
    50  0.2344420105945523E-02   4   0 1  0 2  0 1  0
    51  -.5822906522870826E-02   4   0 0  1 2  0 1  0
    52  -.4222282298098384E-01   4   0 0  0 3  0 1  0
    53  -.6772589795325786E-03   4   1 0  0 0  0 3  0
    54  0.1325635124505506E-02   4   0 1  0 0  0 3  0
    55  -.3407854510222960E-04   4   0 0  1 0  0 3  0
    56  -.1732702974663741E-01   4   0 0  0 1  0 3  0
    57  0.1906501555252615       5   5 0  0 0  0 0  0
    58  -.1810970271972260       5   4 1  0 0  0 0  0
    59  0.7630960284686977E-02   5   3 2  0 0  0 0  0
    60  -.1768441808338760E-01   5   2 3  0 0  0 0  0
    61  0.3409525980113733E-03   5   1 4  0 0  0 0  0
    62  -.8604718730662264E-03   5   0 5  0 0  0 0  0
    63  -2.324388936013781       5   4 0  1 0  0 0  0
    64  -.4984889193579392E-01   5   3 1  1 0  0 0  0
    65  0.1726495960272279E-02   5   2 2  1 0  0 0  0
    66  -.1617259497253974E-02   5   1 3  1 0  0 0  0
    67  0.1508454517313288E-03   5   0 4  1 0  0 0  0
    68  0.3813003110505229       5   3 0  2 0  0 0  0
    69  -.3651943638166977       5   2 1  2 0  0 0  0
    70  0.7705097419789117E-02   5   1 2  2 0  0 0  0
    71  -.1789226512905248E-01   5   0 3  2 0  0 0  0
    72  -4.648777872027563       5   2 0  3 0  0 0  0
    73  -.4984889193579390E-01   5   1 1  3 0  0 0  0
    74  0.2077043274007215E-02   5   0 2  3 0  0 0  0
    75  0.1906501555252614       5   1 0  4 0  0 0  0
    76  -.1840973366194717       5   0 1  4 0  0 0  0
    77  -2.324388936013781       5   0 0  5 0  0 0  0
    78   2.207706769024012       5   4 0  0 1  0 0  0
    79  0.4130768755544643E-01   5   3 1  0 1  0 0  0
    80  0.2158684807870014       5   2 2  0 1  0 0  0
    81  0.4100603075922758E-02   5   1 3  0 1  0 0  0
    82  0.1549703757596062E-01   5   0 4  0 1  0 0  0
    83  0.3000309422245662E-02   5   3 0  1 1  0 0  0
    84  -.2735662859384288E-01   5   2 1  1 1  0 0  0
    85  -.1881389691226818E-03   5   1 2  1 1  0 0  0
    86  -.2773520653691236E-02   5   0 3  1 1  0 0  0
    87   4.365564646112229       5   2 0  2 1  0 0  0
    88  0.4060659292797635E-01   5   1 1  2 1  0 0  0
    89  0.2141273507221189       5   0 2  2 1  0 0  0
    90  0.3000309422245653E-02   5   1 0  3 1  0 0  0
    91  -.2720835432363860E-01   5   0 1  3 1  0 0  0
    92   2.157857877088218       5   0 0  4 1  0 0  0
    93  0.3491345174342771E-01   5   3 0  0 2  0 0  0
    94  -.1728843206859989E-01   5   2 1  0 2  0 0  0
    95  0.3455425849714042E-02   5   1 2  0 2  0 0  0
    96  -.1720943746132189E-02   5   0 3  0 2  0 0  0
    97  0.4338473082945374E-01   5   2 0  1 2  0 0  0
    98  -.1369518361996500E-02   5   1 1  1 2  0 0  0
    99  0.4402293979385206E-02   5   0 2  1 2  0 0  0
   100  0.3483931460832556E-01   5   1 0  2 2  0 0  0
   101  -.1828825114384005E-01   5   0 1  2 2  0 0  0
   102  0.4303418351571880E-01   5   0 0  3 2  0 0  0
   103  0.2157446102193728       5   2 0  0 3  0 0  0
   104  0.4100603075922729E-02   5   1 1  0 3  0 0  0
   105  0.3099407515192143E-01   5   0 2  0 3  0 0  0
   106  0.6038330604525734E-03   5   1 0  1 3  0 0  0
   107  -.2773520653691288E-02   5   0 1  1 3  0 0  0
   108  0.2142512212897474       5   0 0  2 3  0 0  0
   109  0.3114473251702611E-02   5   1 0  0 4  0 0  0
   110  -.8604718730661601E-03   5   0 1  0 4  0 0  0
   111  0.4251448527654225E-02   5   0 0  1 4  0 0  0
   112  0.1549703757596059E-01   5   0 0  0 5  0 0  0
   113  0.1156507081514602E-01   5   3 0  0 0  0 2  0
   114  -.2638832093079031E-01   5   2 1  0 0  0 2  0
   115  0.1854832699276784E-02   5   1 2  0 0  0 2  0
   116  -.4168587115060130E-02   5   0 3  0 0  0 2  0
   117  0.8006107167323195E-03   5   2 0  1 0  0 2  0
   118  -.1802391484928898E-02   5   1 1  1 0  0 2  0
   119  0.4285341165294210E-03   5   0 2  1 0  0 2  0
   120  0.1156507081514602E-01   5   1 0  2 0  0 2  0
   121  -.2672196731146196E-01   5   0 1  2 0  0 2  0
   122  0.8006107167323195E-03   5   0 0  3 0  0 2  0
   123  0.2217156320391738       5   2 0  0 1  0 2  0
   124  0.5948631830383575E-02   5   1 1  0 1  0 2  0
   125  0.6065704515860400E-01   5   0 2  0 1  0 2  0
   126  0.3336463806716248E-03   5   1 0  1 1  0 2  0
   127  -.5425244763208266E-02   5   0 1  1 1  0 2  0
   128  0.2199132405542449       5   0 0  2 1  0 2  0
   129  0.7280077462485051E-02   5   1 0  0 2  0 2  0
   130  -.4168587115060131E-02   5   0 1  0 2  0 2  0
   131  0.6377165946912997E-02   5   0 0  1 2  0 2  0
   132  0.6065704515860400E-01   5   0 0  0 3  0 2  0
   133  0.5814042628848911E-03   5   1 0  0 0  0 4  0
   134  -.1340299152702357E-02   5   0 1  0 0  0 4  0
   135  0.3445854586068506E-04   5   0 0  1 0  0 4  0
   136  0.1486765910265385E-01   5   0 0  0 1  0 4  0
   --------------------------------------------------
     I  COEFFICIENT            ORDER EXPONENTS
     1  0.3915910142838497E-03   1   1 0  0 0  0 0  0
     2  -.2086428085074573E-03   1   0 1  0 0  0 0  0
     3   1.000005371448667       1   0 0  1 0  0 0  0
     4  0.9997097135203036E-02   1   0 0  0 1  0 0  0
     5  -.2668366960451493E-03   2   1 0  0 0  0 1  0
     6  0.2843848660180937E-03   2   0 1  0 0  0 1  0
     7  -.7321840184224170E-05   2   0 0  1 0  0 1  0
     8  -.6810167020435718E-02   2   0 0  0 1  0 1  0
     9  0.1365304500016974E-02   3   3 0  0 0  0 0  0
    10  -.2160874175634893E-02   3   2 1  0 0  0 0  0
    11  0.1816114405759124E-03   3   1 2  0 0  0 0  0
    12  -.2086477729172309E-03   3   0 3  0 0  0 0  0
    13  0.7432654386882809E-04   3   2 0  1 0  0 0  0
    14  -.2008805916282996E-04   3   1 1  1 0  0 0  0
    15  0.2181018995243374E-04   3   0 2  1 0  0 0  0
    16  0.1365304500016972E-02   3   1 0  2 0  0 0  0
    17  -.2170672140106901E-02   3   0 1  2 0  0 0  0
    18  0.7432654386882807E-04   3   0 0  3 0  0 0  0
    19  -.2930542920577813E-04   3   2 0  0 1  0 0  0
    20  -.2243029149459376E-04   3   1 1  0 1  0 0  0
    21  0.4995630804966809E-02   3   0 2  0 1  0 0  0
    22  0.9797964472006196E-05   3   1 0  1 1  0 0  0
    23  -.4053949963066672E-03   3   0 1  1 1  0 0  0
    24  -.4939348836860805E-04   3   0 0  2 1  0 0  0
    25  0.5870064368825794E-03   3   1 0  0 2  0 0  0
    26  -.2086477729172309E-03   3   0 1  0 2  0 0  0
    27  -.6201015421600133E-06   3   0 0  1 2  0 0  0
    28  0.4995630804966807E-02   3   0 0  0 3  0 0  0
    29  0.2016437360983206E-03   3   1 0  0 0  0 2  0
    30  -.3118506525288487E-03   3   0 1  0 0  0 2  0
    31  0.8029572765935489E-05   3   0 0  1 0  0 2  0
    32  0.5144253321399465E-02   3   0 0  0 1  0 2  0
    33  -.9296116345521326E-03   4   3 0  0 0  0 1  0
    34  0.2945514149647748E-02   4   2 1  0 0  0 1  0
    35  -.3715756481339847E-03   4   1 2  0 0  0 1  0
    36  0.5687824512652215E-03   4   0 3  0 0  0 1  0
    37  -.1013224152816013E-03   4   2 0  1 0  0 1  0
    38  0.4107194686195857E-04   4   1 1  1 0  0 1  0
    39  -.5945298544739545E-04   4   0 2  1 0  0 1  0
    40  -.9296116345521312E-03   4   1 0  2 0  0 1  0
    41  0.2959135078193137E-02   4   0 1  2 0  0 1  0
    42  -.1013224152816014E-03   4   0 0  3 0  0 1  0
    43  0.5993987180664745E-04   4   2 0  0 1  0 1  0
    44  0.6113754511830403E-04   4   1 1  0 1  0 1  0
    45  -.1020926425346968E-01   4   0 2  0 1  0 1  0
    46  -.1362092854538429E-04   4   1 0  1 1  0 1  0
    47  0.8280878072051814E-03   4   0 1  1 1  0 1  0
    48  0.1010118186686059E-03   4   0 0  2 1  0 1  0
    49  -.1199663455339166E-02   4   1 0  0 2  0 1  0
    50  0.5687824512652214E-03   4   0 1  0 2  0 1  0
    51  0.1684559670908591E-05   4   0 0  1 2  0 1  0
    52  -.1020926425346968E-01   4   0 0  0 3  0 1  0
    53  -.1644103195296701E-03   4   1 0  0 0  0 3  0
    54  0.3217800598424511E-03   4   0 1  0 0  0 3  0
    55  -.8285924075774419E-05   4   0 0  1 0  0 3  0
    56  -.4192458930727534E-02   4   0 0  0 1  0 3  0
    57  0.1119456421749616E-01   5   5 0  0 0  0 0  0
    58  -.1103745917794410E-01   5   4 1  0 0  0 0  0
    59  0.5414320938492668E-03   5   3 2  0 0  0 0  0
    60  -.2161735637645948E-02   5   2 3  0 0  0 0  0
    61  0.1258045634073989E-03   5   1 4  0 0  0 0  0
    62  -.2086521438645031E-03   5   0 5  0 0  0 0  0
    63  0.6303144406344416E-03   5   4 0  1 0  0 0  0
    64  -.1378789291310312E-03   5   3 1  1 0  0 0  0
    65  0.3025465900209465E-03   5   2 2  1 0  0 0  0
    66  -.2807818431679318E-04   5   1 3  1 0  0 0  0
    67  0.3824817110282896E-04   5   0 4  1 0  0 0  0
    68  0.2238912843499232E-01   5   3 0  2 0  0 0  0
    69  -.2223372230937686E-01   5   2 1  2 0  0 0  0
    70  0.5424393915321898E-03   5   1 2  2 0  0 0  0
    71  -.2172676948654554E-02   5   0 3  2 0  0 0  0
    72  0.1260628881268884E-02   5   2 0  3 0  0 0  0
    73  -.1378789291310311E-03   5   1 1  3 0  0 0  0
    74  0.3038471781008626E-03   5   0 2  3 0  0 0  0
    75  0.1119456421749616E-01   5   1 0  4 0  0 0  0
    76  -.1119626313143276E-01   5   0 1  4 0  0 0  0
    77  0.6303144406344420E-03   5   0 0  5 0  0 0  0
    78  -.4042041644598192E-03   5   4 0  0 1  0 0  0
    79  -.3145165355666204E-03   5   3 1  0 1  0 0  0
    80  -.4676730151697317E-04   5   2 2  0 1  0 0  0
    81  -.4485761532726194E-04   5   1 3  0 1  0 0  0
    82  0.3744519891750232E-02   5   0 4  0 1  0 0  0
    83  0.1588039534886755E-03   5   3 0  1 1  0 0  0
    84  -.1501770362840954E-02   5   2 1  1 1  0 0  0
    85  0.3471311810413538E-05   5   1 2  1 1  0 0  0
    86  -.6074748818477870E-03   5   0 3  1 1  0 0  0
    87  -.9462872580506683E-03   5   2 0  2 1  0 0  0
    88  -.3171177117264524E-03   5   1 1  2 1  0 0  0
    89  -.4124790842329498E-04   5   0 2  2 1  0 0  0
    90  0.1588039534886756E-03   5   1 0  3 1  0 0  0
    91  -.1499755767475109E-02   5   0 1  3 1  0 0  0
    92  -.5420830935908503E-03   5   0 0  4 1  0 0  0
    93  0.2042195159007300E-02   5   3 0  0 2  0 0  0
    94  -.2154265638447757E-02   5   2 1  0 2  0 0  0
    95  0.8590840086625856E-03   5   1 2  0 2  0 0  0
    96  -.4173042877290074E-03   5   0 3  0 2  0 0  0
    97  -.1066935746575821E-04   5   2 0  1 2  0 0  0
    98  -.9527333913773633E-04   5   1 1  1 2  0 0  0
    99  0.3163872687839704E-04   5   0 2  1 2  0 0  0
   100  0.2041187861324373E-02   5   1 0  2 2  0 0  0
   101  -.2180146947852746E-02   5   0 1  2 2  0 0  0
   102  -.1196994554567397E-04   5   0 0  3 2  0 0  0
   103  -.1316972410650199E-04   5   2 0  0 3  0 0  0
   104  -.4485761532726152E-04   5   1 1  0 3  0 0  0
   105  0.7489039783500464E-02   5   0 2  0 3  0 0  0
   106  0.1841131020679569E-04   5   1 0  1 3  0 0  0
   107  -.6074748818477873E-03   5   0 1  1 3  0 0  0
   108  -.7484548583376746E-04   5   0 0  2 3  0 0  0
   109  0.7332794452551865E-03   5   1 0  0 4  0 0  0
   110  -.2086521438645029E-03   5   0 1  0 4  0 0  0
   111  -.6609444224432187E-05   5   0 0  1 4  0 0  0
   112  0.3744519891750232E-02   5   0 0  0 5  0 0  0
   113  0.7017443107809601E-03   5   3 0  0 0  0 2  0
   114  -.3230254588646135E-02   5   2 1  0 0  0 2  0
   115  0.5345300925909452E-03   5   1 2  0 0  0 2  0
   116  -.1011345254950299E-02   5   0 3  0 0  0 2  0
   117  0.1111267087922083E-03   5   2 0  1 0  0 2  0
   118  -.5903625197297257E-04   5   1 1  1 0  0 2  0
   119  0.1057075419544213E-03   5   0 2  1 0  0 2  0
   120  0.7017443107809593E-03   5   1 0  2 0  0 2  0
   121  -.3245553758000294E-02   5   0 1  2 0  0 2  0
   122  0.1111267087922083E-03   5   0 0  3 0  0 2  0
   123  -.8619446428797921E-04   5   2 0  0 1  0 2  0
   124  -.1086908492127299E-03   5   1 1  0 1  0 2  0
   125  0.1466651463525854E-01   5   0 2  0 1  0 2  0
   126  0.1529916935415555E-04   5   1 0  1 1  0 2  0
   127  -.1188951719186713E-02   5   0 1  1 1  0 2  0
   128  -.1452307162609517E-03   5   0 0  2 1  0 2  0
   129  0.1723481811777659E-02   5   1 0  0 2  0 2  0
   130  -.1011345254950299E-02   5   0 1  0 2  0 2  0
   131  -.2983307258308697E-05   5   0 0  1 2  0 2  0
   132  0.1466651463525854E-01   5   0 0  0 3  0 2  0
   133  0.1411406172277479E-03   5   1 0  0 0  0 4  0
   134  -.3253393715706809E-03   5   0 1  0 0  0 4  0
   135  0.8378316467049728E-05   5   0 0  1 0  0 4  0
   136  0.3597371978297673E-02   5   0 0  0 1  0 4  0
   --------------------------------------------------
     I  COEFFICIENT            ORDER EXPONENTS
     1  0.7975132185250347E-01   1   1 0  0 0  0 0  0
     2  -.4131659268251330E-01   1   0 1  0 0  0 0  0
     3  0.1613084798368406E-02   1   0 0  1 0  0 0  0
     4  0.9991404568271851       1   0 0  0 1  0 0  0
     5  0.3011342691879516E-04   2   1 0  0 0  0 1  0
     6  0.2814553853772774E-01   2   0 1  0 0  0 1  0
     7  -.1099183875234982E-02   2   0 0  1 0  0 1  0
     8  0.1171577225339088E-02   2   0 0  0 1  0 1  0
     9  0.2874964858438046       3   3 0  0 0  0 0  0
    10  -.4283038967053018       3   2 1  0 0  0 0  0
    11  -.4276439776120074E-02   3   1 2  0 0  0 0  0
    12  -.2066055029217298E-01   3   0 3  0 0  0 0  0
    13  0.2246927704681947E-01   3   2 0  1 0  0 0  0
    14  0.2214011016987480E-03   3   1 1  1 0  0 0  0
    15  0.2479518032504779E-02   3   0 2  1 0  0 0  0
    16  0.2874964858438047       3   1 0  2 0  0 0  0
    17  -.4314147575114675       3   0 1  2 0  0 0  0
    18  0.2246927704681948E-01   3   0 0  3 0  0 0  0
    19  -.1787492120146488E-01   3   2 0  0 1  0 0  0
    20  -.1849526090024451E-02   3   1 1  0 1  0 0  0
    21  -.8600086814066418E-03   3   0 2  0 1  0 0  0
    22  0.3110860806165771E-02   3   1 0  1 1  0 0  0
    23  -.4195173155836644E-02   3   0 1  1 1  0 0  0
    24  -.1765352009976612E-01   3   0 0  2 1  0 0  0
    25  -.8126662028342948E-04   3   1 0  0 2  0 0  0
    26  -.2066055029217298E-01   3   0 1  0 2  0 0  0
    27  0.6299919424803287E-03   3   0 0  1 2  0 0  0
    28  -.8600086814066479E-03   3   0 0  0 3  0 0  0
    29  -.3302421091713324E-04   3   1 0  0 0  0 2  0
    30  -.2126061331556731E-01   3   0 1  0 0  0 2  0
    31  0.8306344777222941E-03   3   0 0  1 0  0 2  0
    32  -.1284728331262462E-02   3   0 0  0 1  0 2  0
    33  0.7300030686916547E-03   4   3 0  0 0  0 1  0
    34  0.2914963057624642       4   2 1  0 0  0 1  0
    35  0.5822906522870826E-02   4   1 2  0 0  0 1  0
    36  0.4222282298098384E-01   4   0 3  0 0  0 1  0
    37  -.1530805559542785E-01   4   2 0  1 0  0 1  0
    38  -.3028830679381138E-03   4   1 1  1 0  0 1  0
    39  -.5067410332676429E-02   4   0 2  1 0  0 1  0
    40  0.7300030686916546E-03   4   1 0  2 0  0 1  0
    41  0.2937288570882557       4   0 1  2 0  0 1  0
    42  -.1530805559542785E-01   4   0 0  3 0  0 1  0
    43  0.2436594981715373E-01   4   2 0  0 1  0 1  0
    44  0.3778260128064071E-02   4   1 1  0 1  0 1  0
    45  0.2344420105945523E-02   4   0 2  0 1  0 1  0
    46  -.2232551325791517E-02   4   1 0  1 1  0 1  0
    47  0.5587287902568570E-02   4   0 1  1 1  0 1  0
    48  0.2406306674921560E-01   4   0 0  2 1  0 1  0
    49  0.2356186203022554E-03   4   1 0  0 2  0 1  0
    50  0.4222282298098384E-01   4   0 1  0 2  0 1  0
    51  -.1289150204612356E-02   4   0 0  1 2  0 1  0
    52  0.2344420105945523E-02   4   0 0  0 3  0 1  0
    53  0.3407854510222960E-04   4   1 0  0 0  0 3  0
    54  0.1732702974663741E-01   4   0 1  0 0  0 3  0
    55  -.6772589795325786E-03   4   0 0  1 0  0 3  0
    56  0.1325635124505506E-02   4   0 0  0 1  0 3  0
    57   2.324388936013781       5   5 0  0 0  0 0  0
    58  -2.157857877088218       5   4 1  0 0  0 0  0
    59  -.4303418351571880E-01   5   3 2  0 0  0 0  0
    60  -.2142512212897474       5   2 3  0 0  0 0  0
    61  -.4251448527654082E-02   5   1 4  0 0  0 0  0
    62  -.1549703757596059E-01   5   0 5  0 0  0 0  0
    63  0.1906501555252614       5   4 0  1 0  0 0  0
    64  0.3000309422245652E-02   5   3 1  1 0  0 0  0
    65  0.3483931460832557E-01   5   2 2  1 0  0 0  0
    66  0.6038330604525727E-03   5   1 3  1 0  0 0  0
    67  0.3114473251702595E-02   5   0 4  1 0  0 0  0
    68   4.648777872027563       5   3 0  2 0  0 0  0
    69  -4.365564646112232       5   2 1  2 0  0 0  0
    70  -.4338473082945372E-01   5   1 2  2 0  0 0  0
    71  -.2157446102193728       5   0 3  2 0  0 0  0
    72  0.3813003110505227       5   2 0  3 0  0 0  0
    73  0.3000309422245660E-02   5   1 1  3 0  0 0  0
    74  0.3491345174342771E-01   5   0 2  3 0  0 0  0
    75   2.324388936013781       5   1 0  4 0  0 0  0
    76  -2.207706769024012       5   0 1  4 0  0 0  0
    77  0.1906501555252615       5   0 0  5 0  0 0  0
    78  -.1840973366194717       5   4 0  0 1  0 0  0
    79  -.2720835432363859E-01   5   3 1  0 1  0 0  0
    80  -.1828825114384004E-01   5   2 2  0 1  0 0  0
    81  -.2773520653691287E-02   5   1 3  0 1  0 0  0
    82  -.8604718730661601E-03   5   0 4  0 1  0 0  0
    83  0.4984889193579393E-01   5   3 0  1 1  0 0  0
    84  -.4060659292797637E-01   5   2 1  1 1  0 0  0
    85  0.1369518361996500E-02   5   1 2  1 1  0 0  0
    86  -.4100603075922729E-02   5   0 3  1 1  0 0  0
    87  -.3651943638166977       5   2 0  2 1  0 0  0
    88  -.2735662859384288E-01   5   1 1  2 1  0 0  0
    89  -.1728843206859990E-01   5   0 2  2 1  0 0  0
    90  0.4984889193579392E-01   5   1 0  3 1  0 0  0
    91  -.4130768755544644E-01   5   0 1  3 1  0 0  0
    92  -.1810970271972260       5   0 0  4 1  0 0  0
    93  -.2077043274007216E-02   5   3 0  0 2  0 0  0
    94  -.2141273507221189       5   2 1  0 2  0 0  0
    95  -.4402293979385206E-02   5   1 2  0 2  0 0  0
    96  -.3099407515192143E-01   5   0 3  0 2  0 0  0
    97  0.7705097419789115E-02   5   2 0  1 2  0 0  0
    98  -.1881389691226818E-03   5   1 1  1 2  0 0  0
    99  0.3455425849714042E-02   5   0 2  1 2  0 0  0
   100  -.1726495960272279E-02   5   1 0  2 2  0 0  0
   101  -.2158684807870014       5   0 1  2 2  0 0  0
   102  0.7630960284686975E-02   5   0 0  3 2  0 0  0
   103  -.1789226512905248E-01   5   2 0  0 3  0 0  0
   104  -.2773520653691235E-02   5   1 1  0 3  0 0  0
   105  -.1720943746132189E-02   5   0 2  0 3  0 0  0
   106  0.1617259497253975E-02   5   1 0  1 3  0 0  0
   107  -.4100603075922760E-02   5   0 1  1 3  0 0  0
   108  -.1768441808338760E-01   5   0 0  2 3  0 0  0
   109  -.1508454517311869E-03   5   1 0  0 4  0 0  0
   110  -.1549703757596062E-01   5   0 1  0 4  0 0  0
   111  0.3409525980114171E-03   5   0 0  1 4  0 0  0
   112  -.8604718730662264E-03   5   0 0  0 5  0 0  0
   113  -.8006107167323196E-03   5   3 0  0 0  0 2  0
   114  -.2199132405542449       5   2 1  0 0  0 2  0
   115  -.6377165946912997E-02   5   1 2  0 0  0 2  0
   116  -.6065704515860400E-01   5   0 3  0 0  0 2  0
   117  0.1156507081514602E-01   5   2 0  1 0  0 2  0
   118  0.3336463806716250E-03   5   1 1  1 0  0 2  0
   119  0.7280077462485051E-02   5   0 2  1 0  0 2  0
   120  -.8006107167323196E-03   5   1 0  2 0  0 2  0
   121  -.2217156320391738       5   0 1  2 0  0 2  0
   122  0.1156507081514602E-01   5   0 0  3 0  0 2  0
   123  -.2672196731146196E-01   5   2 0  0 1  0 2  0
   124  -.5425244763208267E-02   5   1 1  0 1  0 2  0
   125  -.4168587115060131E-02   5   0 2  0 1  0 2  0
   126  0.1802391484928898E-02   5   1 0  1 1  0 2  0
   127  -.5948631830383575E-02   5   0 1  1 1  0 2  0
   128  -.2638832093079031E-01   5   0 0  2 1  0 2  0
   129  -.4285341165294210E-03   5   1 0  0 2  0 2  0
   130  -.6065704515860400E-01   5   0 1  0 2  0 2  0
   131  0.1854832699276784E-02   5   0 0  1 2  0 2  0
   132  -.4168587115060130E-02   5   0 0  0 3  0 2  0
   133  -.3445854586068506E-04   5   1 0  0 0  0 4  0
   134  -.1486765910265385E-01   5   0 1  0 0  0 4  0
   135  0.5814042628848911E-03   5   0 0  1 0  0 4  0
   136  -.1340299152702357E-02   5   0 0  0 1  0 4  0
   --------------------------------------------------
     I  COEFFICIENT            ORDER EXPONENTS
     1  1.0000000000000000       1   0 0  0 0  1 0  0
     2  0.1013720301665685E-02   1   0 0  0 0  0 1  0
     3  -.7034763006241552E-05   2   2 0  0 0  0 0  0
     4  0.3781475646972496E-05   2   1 1  0 0  0 0  0
     5  -.3408041750975463E-02   2   0 2  0 0  0 0  0
     6  0.2669098511030816E-03   2   0 1  1 0  0 0  0
     7  -.7034763006241552E-05   2   0 0  2 0  0 0  0
     8  -.2669098511030816E-03   2   1 0  0 1  0 0  0
     9  0.3781475646972496E-05   2   0 0  1 1  0 0  0
    10  -.3408041750975463E-02   2   0 0  0 2  0 0  0
    11  -.1036443228911942E-02   2   0 0  0 0  0 2  0
    12  0.1063532644462848E-04   3   2 0  0 0  0 1  0
    13  -.8294412301223926E-05   3   1 1  0 0  0 1  0
    14  0.5152758166187218E-02   3   0 2  0 0  0 1  0
    15  -.4034977935024694E-03   3   0 1  1 0  0 1  0
    16  0.1063532644462848E-04   3   0 0  2 0  0 1  0
    17  0.4034977935024694E-03   3   1 0  0 1  0 1  0
    18  -.8294412301223926E-05   3   0 0  1 1  0 1  0
    19  0.5152758166187218E-02   3   0 0  0 2  0 1  0
    20  0.9933152196027729E-03   3   0 0  0 0  0 3  0
    21  -.4953250937021255E-04   4   4 0  0 0  0 0  0
    22  0.5265780336471716E-04   4   3 1  0 0  0 0  0
    23  -.1008660950755518E-04   4   2 2  0 0  0 0  0
    24  0.7564623628058750E-05   4   1 3  0 0  0 0  0
    25  -.2556014649485814E-02   4   0 4  0 0  0 0  0
    26  0.9313763670399276E-03   4   2 1  1 0  0 0  0
    27  0.5789026308464459E-05   4   1 2  1 0  0 0  0
    28  0.4003388847723655E-03   4   0 3  1 0  0 0  0
    29  -.9906501874042493E-04   4   2 0  2 0  0 0  0
    30  0.5265780336471716E-04   4   1 1  2 0  0 0  0
    31  -.3158650604496706E-04   4   0 2  2 0  0 0  0
    32  0.9313763670399284E-03   4   0 1  3 0  0 0  0
    33  -.4953250937021251E-04   4   0 0  4 0  0 0  0
    34  -.9313763670399289E-03   4   3 0  0 1  0 0  0
    35  -.5789026308465999E-05   4   2 1  0 1  0 0  0
    36  -.4003388847723656E-03   4   1 2  0 1  0 0  0
    37  0.5265780336471722E-04   4   2 0  1 1  0 0  0
    38  0.4299979307482380E-04   4   1 1  1 1  0 0  0
    39  0.7564623628058755E-05   4   0 2  1 1  0 0  0
    40  -.9313763670399278E-03   4   1 0  2 1  0 0  0
    41  0.5789026308465821E-05   4   0 1  2 1  0 0  0
    42  0.5265780336471719E-04   4   0 0  3 1  0 0  0
    43  -.3158650604496708E-04   4   2 0  0 2  0 0  0
    44  0.7564623628058754E-05   4   1 1  0 2  0 0  0
    45  -.5112029298971628E-02   4   0 2  0 2  0 0  0
    46  -.5789026308464472E-05   4   1 0  1 2  0 0  0
    47  0.4003388847723656E-03   4   0 1  1 2  0 0  0
    48  -.1008660950755518E-04   4   0 0  2 2  0 0  0
    49  -.4003388847723655E-03   4   1 0  0 3  0 0  0
    50  0.7564623628058750E-05   4   0 0  1 3  0 0  0
    51  -.2556014649485814E-02   4   0 0  0 4  0 0  0
    52  -.1301176210881594E-04   4   2 0  0 0  0 2  0
    53  0.1283956442818897E-04   4   1 1  0 0  0 2  0
    54  -.6304678953828161E-02   4   0 2  0 0  0 2  0
    55  0.4936264046035267E-03   4   0 1  1 0  0 2  0
    56  -.1301176210881594E-04   4   0 0  2 0  0 2  0
    57  -.4936264046035267E-03   4   1 0  0 1  0 2  0
    58  0.1283956442818897E-04   4   0 0  1 1  0 2  0
    59  -.6304678953828161E-02   4   0 0  0 2  0 2  0
    60  -.9338725945152120E-03   4   0 0  0 0  0 4  0
    61  0.7489415978699224E-04   5   4 0  0 0  0 1  0
    62  -.1155226594944464E-03   5   3 1  0 0  0 1  0
    63  0.2900728212664481E-04   5   2 2  0 0  0 1  0
    64  -.2690422866985805E-04   5   1 3  0 0  0 1  0
    65  0.7348932306265189E-02   5   0 4  0 0  0 1  0
    66  -.1408562685350809E-02   5   2 1  1 0  0 1  0
    67  -.1166655598150276E-04   5   1 2  1 0  0 1  0
    68  -.1150899433332144E-02   5   0 3  1 0  0 1  0
    69  0.1497883195739841E-03   5   2 0  2 0  0 1  0
    70  -.1155226594944465E-03   5   1 1  2 0  0 1  0
    71  0.9080107910081948E-04   5   0 2  2 0  0 1  0
    72  -.1408562685350811E-02   5   0 1  3 0  0 1  0
    73  0.7489415978699220E-04   5   0 0  4 0  0 1  0
    74  0.1408562685350811E-02   5   3 0  0 1  0 1  0
    75  0.1166655598150781E-04   5   2 1  0 1  0 1  0
    76  0.1150899433332144E-02   5   1 2  0 1  0 1  0
    77  -.1155226594944466E-03   5   2 0  1 1  0 1  0
    78  -.1235875939483491E-03   5   1 1  1 1  0 1  0
    79  -.2690422866985805E-04   5   0 2  1 1  0 1  0
    80  0.1408562685350809E-02   5   1 0  2 1  0 1  0
    81  -.1166655598150753E-04   5   0 1  2 1  0 1  0
    82  -.1155226594944463E-03   5   0 0  3 1  0 1  0
    83  0.9080107910081945E-04   5   2 0  0 2  0 1  0
    84  -.2690422866985805E-04   5   1 1  0 2  0 1  0
    85  0.1469786461253038E-01   5   0 2  0 2  0 1  0
    86  0.1166655598150276E-04   5   1 0  1 2  0 1  0
    87  -.1150899433332144E-02   5   0 1  1 2  0 1  0
    88  0.2900728212664481E-04   5   0 0  2 2  0 1  0
    89  0.1150899433332144E-02   5   1 0  0 3  0 1  0
    90  -.2690422866985805E-04   5   0 0  1 3  0 1  0
    91  0.7348932306265189E-02   5   0 0  0 4  0 1  0
    92  0.1489888717360846E-04   5   2 0  0 0  0 3  0
    93  -.1731136481019588E-04   5   1 1  0 0  0 3  0
    94  0.7219717652753555E-02   5   0 2  0 0  0 3  0
    95  -.5651800778635553E-03   5   0 1  1 0  0 3  0
    96  0.1489888717360846E-04   5   0 0  2 0  0 3  0
    97  0.5651800778635553E-03   5   1 0  0 1  0 3  0
    98  -.1731136481019588E-04   5   0 0  1 1  0 3  0
    99  0.7219717652753555E-02   5   0 0  0 2  0 3  0
   100  0.8751725014882874E-03   5   0 0  0 0  0 5  0
   --------------------------------------------------
     I  COEFFICIENT            ORDER EXPONENTS
     1  1.0000000000000000       1   0 0  0 0  0 1  0
     ------------------------------------------------
     ALL COMPONENTS ZERO 
     ------------------- 
     ALL COMPONENTS ZERO 
     ------------------- 
