 L    0.3793416666666666E-01
 P (  0.0000000000000000E+00,  0.0000000000000000E+00,  0.0000000000000000E+00)
 A (  0.0000000000000000E+00,  0.0000000000000000E+00,  0.0000000000000000E+00)
     I  COEFFICIENT            ORDER EXPONENTS
     1   1.000000330571224       1   1 0  0 0  0 0  0
     2  0.7519887031484743E-01   1   0 1  0 0  0 0  0
     3  0.1820751441367185E-03   1   0 0  1 0  0 0  0
     4  0.8704142725444484E-02   1   0 0  0 1  0 0  0
     5  -.4490460929505456E-06   2   1 0  0 0  0 1  0
     6  -.5034611771219499E-01   2   0 1  0 0  0 1  0
     7  -.1230052186715790E-03   2   0 0  1 0  0 1  0
     8  -.1181313939357459E-01   2   0 0  0 1  0 1  0
     9  0.2233691857351497E-05   3   3 0  0 0  0 0  0
    10  0.1747966903920035E-04   3   2 1  0 0  0 0  0
    11  0.2181275573744364E-04   3   1 2  0 0  0 0  0
    12  0.3693195315834458E-01   3   0 3  0 0  0 0  0
    13  -.2685013518509053E-03   3   2 0  1 0  0 0  0
    14  -.1260558215647051E-04   3   1 1  1 0  0 0  0
    15  0.2688481703330073E-03   3   0 2  1 0  0 0  0
    16  0.2233691857350841E-05   3   1 0  2 0  0 0  0
    17  0.1981911676301145E-04   3   0 1  2 0  0 0  0
    18  -.2685013518509579E-03   3   0 0  3 0  0 0  0
    19  -.1172357472217535E-03   3   2 0  0 1  0 0  0
    20  -.1777422511789425E-03   3   1 1  0 1  0 0  0
    21  0.8665698145839184E-02   3   0 2  0 1  0 0  0
    22  -.2339447723811298E-05   3   1 0  1 1  0 0  0
    23  0.4168928084576742E-04   3   0 1  1 1  0 0  0
    24  -.1298413293782234E-03   3   0 0  2 1  0 0  0
    25  -.1987652510832377E-04   3   1 0  0 2  0 0  0
    26  0.3693195315834459E-01   3   0 1  0 2  0 0  0
    27  0.9110591915406483E-04   3   0 0  1 2  0 0  0
    28  0.8665698145839179E-02   3   0 0  0 3  0 0  0
    29  0.4903319123595239E-06   3   1 0  0 0  0 2  0
    30  0.3713296848087239E-01   3   0 1  0 0  0 2  0
    31  0.9186750335600283E-04   3   0 0  1 0  0 2  0
    32  0.1288490764878174E-01   3   0 0  0 1  0 2  0
    33  -.3034484038191878E-05   4   3 0  0 0  0 1  0
    34  -.3562929565061879E-04   4   2 1  0 0  0 1  0
    35  -.5908536326579060E-04   4   1 2  0 0  0 1  0
    36  -.7415940235341764E-01   4   0 3  0 0  0 1  0
    37  0.1813730665140369E-03   4   2 0  1 0  0 1  0
    38  0.1674319360515056E-04   4   1 1  1 0  0 1  0
    39  -.5426581939180914E-03   4   0 2  1 0  0 1  0
    40  -.3034484038190482E-05   4   1 0  2 0  0 1  0
    41  -.4036385651158168E-04   4   0 1  2 0  0 1  0
    42  0.1813730665142352E-03   4   0 0  3 0  0 1  0
    43  0.1578561095525249E-03   4   2 0  0 1  0 1  0
    44  0.3558366714438315E-03   4   1 1  0 1  0 1  0
    45  -.2352166833015850E-01   4   0 2  0 1  0 1  0
    46  0.4734560860962624E-05   4   1 0  1 1  0 1  0
    47  -.1129068739134794E-03   4   0 1  1 1  0 1  0
    48  0.1745993031576750E-03   4   0 0  2 1  0 1  0
    49  0.5382151064768884E-04   4   1 0  0 2  0 1  0
    50  -.7415940235341763E-01   4   0 1  0 2  0 1  0
    51  -.1868215224742602E-03   4   0 0  1 2  0 1  0
    52  -.2352166833015852E-01   4   0 0  0 3  0 1  0
    53  -.5035286943257338E-06   4   1 0  0 0  0 3  0
    54  -.2943697766938908E-01   4   0 1  0 0  0 3  0
    55  -.7390457906399072E-04   4   0 0  1 0  0 3  0
    56  -.1321501751463316E-01   4   0 0  0 1  0 3  0
    57  -.3812338184400506E-04   5   5 0  0 0  0 0  0
    58  0.3732099464984604E-04   5   4 1  0 0  0 0  0
    59  -.2488460876591564E-04   5   3 2  0 0  0 0  0
    60  0.2414233482034662E-04   5   2 3  0 0  0 0  0
    61  0.4296830287366888E-04   5   1 4  0 0  0 0  0
    62  0.2720032967928087E-01   5   0 5  0 0  0 0  0
    63  -.3431640633459546E-02   5   4 0  1 0  0 0  0
    64  -.3671473961906622E-03   5   3 1  1 0  0 0  0
    65  -.4175122817648367E-03   5   2 2  1 0  0 0  0
    66  -.2508347567106842E-04   5   1 3  1 0  0 0  0
    67  0.3307552006458968E-03   5   0 4  1 0  0 0  0
    68  -.7624676368802136E-04   5   3 0  2 0  0 0  0
    69  0.1290573430068854E-03   5   2 1  2 0  0 0  0
    70  -.2093676718786260E-04   5   1 2  2 0  0 0  0
    71  0.3156040092612833E-04   5   0 3  2 0  0 0  0
    72  -.6863281266918726E-02   5   2 0  3 0  0 0  0
    73  -.3671473961905702E-03   5   1 1  3 0  0 0  0
    74  -.4040162444970403E-03   5   0 2  3 0  0 0  0
    75  -.3812338184406309E-04   5   1 0  4 0  0 0  0
    76  0.9173634835716439E-04   5   0 1  4 0  0 0  0
    77  -.3431640633459320E-02   5   0 0  5 0  0 0  0
    78  -.4120808290079066E-03   5   4 0  0 1  0 0  0
    79  0.2471531664830181E-03   5   3 1  0 1  0 0  0
    80  -.1030851685628713E-03   5   2 2  0 1  0 0  0
    81  -.2607417053616561E-03   5   1 3  0 1  0 0  0
    82  0.8627337604541504E-02   5   0 4  0 1  0 0  0
    83  -.5441535370747452E-04   5   3 0  1 1  0 0  0
    84  -.6439840347765878E-04   5   2 1  1 1  0 0  0
    85  -.1221565662892075E-04   5   1 2  1 1  0 0  0
    86  0.8276456128944530E-04   5   0 3  1 1  0 0  0
    87  -.1191309054206193E-02   5   2 0  2 1  0 0  0
    88  0.2201610919471135E-03   5   1 1  2 1  0 0  0
    89  -.1405974677067571E-03   5   0 2  2 1  0 0  0
    90  -.5441535370750401E-04   5   1 0  3 1  0 0  0
    91  -.5650272032143894E-04   5   0 1  3 1  0 0  0
    92  -.7792282251986292E-03   5   0 0  4 1  0 0  0
    93  0.3556595313371565E-04   5   3 0  0 2  0 0  0
    94  0.2893992534348813E-04   5   2 1  0 2  0 0  0
    95  0.3172044457952639E-05   5   1 2  0 2  0 0  0
    96  0.5440065935856155E-01   5   0 3  0 2  0 0  0
    97  -.1568630780140114E-03   5   2 0  1 2  0 0  0
    98  -.2258287252947585E-06   5   1 1  1 2  0 0  0
    99  0.4007686959300925E-03   5   0 2  1 2  0 0  0
   100  0.3161811155576332E-04   5   1 0  2 2  0 0  0
   101  0.2676281040265693E-04   5   0 1  2 2  0 0  0
   102  -.1703591152819130E-03   5   0 0  3 2  0 0  0
   103  -.1155139920357624E-03   5   2 0  0 3  0 0  0
   104  -.2607417053617050E-03   5   1 1  0 3  0 0  0
   105  0.1725467520908288E-01   5   0 2  0 3  0 0  0
   106  -.2620475582477627E-05   5   1 0  1 3  0 0  0
   107  0.8276456128943242E-04   5   0 1  1 3  0 0  0
   108  -.1281686442339832E-03   5   0 0  2 3  0 0  0
   109  -.3979625841575183E-04   5   1 0  0 4  0 0  0
   110  0.2720032967928084E-01   5   0 1  0 4  0 0  0
   111  0.7001349528420156E-04   5   0 0  1 4  0 0  0
   112  0.8627337604541385E-02   5   0 0  0 5  0 0  0
   113  0.3313816945627276E-05   5   3 0  0 0  0 2  0
   114  0.5102653623378687E-04   5   2 1  0 0  0 2  0
   115  0.1042905065761269E-03   5   1 2  0 0  0 2  0
   116  0.1043006986612194       5   0 3  0 0  0 2  0
   117  -.1354401020521108E-03   5   2 0  1 0  0 2  0
   118  -.1776816843121457E-04   5   1 1  1 0  0 2  0
   119  0.7680872249538164E-03   5   0 2  1 0  0 2  0
   120  0.3313816945625606E-05   5   1 0  2 0  0 2  0
   121  0.5774943429566194E-04   5   0 1  2 0  0 2  0
   122  -.1354401020516943E-03   5   0 0  3 0  0 2  0
   123  -.1704646385663073E-03   5   2 0  0 1  0 2  0
   124  -.4986484108806909E-03   5   1 1  0 1  0 2  0
   125  0.4161663425601021E-01   5   0 2  0 1  0 2  0
   126  -.6722898061876559E-05   5   1 0  1 1  0 2  0
   127  0.1992508163883578E-03   5   0 1  1 1  0 2  0
   128  -.1882328069974873E-03   5   0 0  2 1  0 2  0
   129  -.9496030981223136E-04   5   1 0  0 2  0 2  0
   130  0.1043006986612194       5   0 1  0 2  0 2  0
   131  0.2694388140731269E-03   5   0 0  1 2  0 2  0
   132  0.4161663425601018E-01   5   0 0  0 3  0 2  0
   133  0.5065065233450890E-06   5   1 0  0 0  0 4  0
   134  0.2452294328213382E-01   5   0 1  0 0  0 4  0
   135  0.6255265257716061E-04   5   0 0  1 0  0 4  0
   136  0.1327523222492270E-01   5   0 0  0 1  0 4  0
   --------------------------------------------------
     I  COEFFICIENT            ORDER EXPONENTS
     1  0.5613414451401122E-03   1   1 0  0 0  0 0  0
     2   1.000000330571224       1   0 1  0 0  0 0  0
     3  0.4777524065064346E-02   1   0 0  1 0  0 0  0
     4  0.1820751441367341E-03   1   0 0  0 1  0 0  0
     5  -.3791855255385460E-03   2   1 0  0 0  0 1  0
     6  -.4490460929207352E-06   2   0 1  0 0  0 1  0
     7  0.5918701197353657E-04   2   0 0  1 0  0 1  0
     8  -.1230052186715624E-03   2   0 0  0 1  0 1  0
     9  -.7632384942930158E-03   3   3 0  0 0  0 0  0
    10  -.5532707146507638E-04   3   2 1  0 0  0 0  0
    11  0.2776336497295370E-03   3   1 2  0 0  0 0  0
    12  0.3650119342064450E-06   3   0 3  0 0  0 0  0
    13  -.7053013210911031E-02   3   2 0  1 0  0 0  0
    14  -.5209947460612138E-03   3   1 1  1 0  0 0  0
    15  -.5730468986093017E-04   3   0 2  1 0  0 0  0
    16  -.7632384942930008E-03   3   1 0  2 0  0 0  0
    17  0.6318459671015980E-04   3   0 1  2 0  0 0  0
    18  -.7053013210911042E-02   3   0 0  3 0  0 0  0
    19  -.2792535202542169E-03   3   2 0  0 1  0 0  0
    20  0.1069685097584977E-03   3   1 1  0 1  0 0  0
    21  0.9705178300490822E-04   3   0 2  0 1  0 0  0
    22  -.1185116681752341E-03   3   1 0  1 1  0 0  0
    23  -.5866399161796564E-03   3   0 1  1 1  0 0  0
    24  -.8002482663154358E-03   3   0 0  2 1  0 0  0
    25  0.8642735659091935E-03   3   1 0  0 2  0 0  0
    26  0.3650119342335501E-06   3   0 1  0 2  0 0  0
    27  0.4966381989756758E-04   3   0 0  1 2  0 0  0
    28  0.9705178300491168E-04   3   0 0  0 3  0 0  0
    29  0.2831546672462086E-03   3   1 0  0 0  0 2  0
    30  0.4903319123852889E-06   3   0 1  0 0  0 2  0
    31  -.6469885178779288E-04   3   0 0  1 0  0 2  0
    32  0.9186750335601901E-04   3   0 0  0 1  0 2  0
    33  0.5158418674739943E-03   4   3 0  0 0  0 1  0
    34  0.7390573745487243E-04   4   2 1  0 0  0 1  0
    35  -.5625974956355556E-03   4   1 2  0 0  0 1  0
    36  -.9917594322866874E-06   4   0 3  0 0  0 1  0
    37  -.7729668392990707E-04   4   2 0  1 0  0 1  0
    38  0.3303196810286018E-03   4   1 1  1 0  0 1  0
    39  0.1368430050940929E-03   4   0 2  1 0  0 1  0
    40  0.5158418674739686E-03   4   1 0  2 0  0 1  0
    41  -.8458158049234985E-04   4   0 1  2 0  0 1  0
    42  -.7729668392988587E-04   4   0 0  3 0  0 1  0
    43  0.2031894794851718E-03   4   2 0  0 1  0 1  0
    44  -.2450661142797778E-04   4   1 1  0 1  0 1  0
    45  -.1956192387530852E-03   4   0 2  0 1  0 1  0
    46  0.1584873179472158E-03   4   1 0  1 1  0 1  0
    47  0.1189099787459244E-02   4   0 1  1 1  0 1  0
    48  0.5335091605137888E-03   4   0 0  2 1  0 1  0
    49  -.1751697283094800E-02   4   1 0  0 2  0 1  0
    50  -.9917594323977097E-06   4   0 1  0 2  0 1  0
    51  0.1123363936661156E-03   4   0 0  1 2  0 1  0
    52  -.1956192387531268E-03   4   0 0  0 3  0 1  0
    53  -.2277489119113645E-03   4   1 0  0 0  0 3  0
    54  -.5035286943233519E-06   4   0 1  0 0  0 3  0
    55  0.6652177557945149E-04   4   0 0  1 0  0 3  0
    56  -.7390457906400472E-04   4   0 0  0 1  0 3  0
    57  -.1142467928853273E-01   5   5 0  0 0  0 0  0
    58  -.1759648657972140E-02   5   4 1  0 0  0 0  0
    59  -.4834975798281224E-03   5   3 2  0 0  0 0  0
    60  -.5625918468240483E-04   5   2 3  0 0  0 0  0
    61  0.2060072877771386E-03   5   1 4  0 0  0 0  0
    62  0.4009894846824659E-06   5   0 5  0 0  0 0  0
    63  -.8994592284405349E-01   5   4 0  1 0  0 0  0
    64  -.1333608275013797E-01   5   3 1  1 0  0 0  0
    65  -.9131273530028055E-03   5   2 2  1 0  0 0  0
    66  -.2781592331157816E-03   5   1 3  1 0  0 0  0
    67  -.5762215859463056E-04   5   0 4  1 0  0 0  0
    68  -.2284935857706553E-01   5   3 0  2 0  0 0  0
    69  -.2333309377162020E-03   5   2 1  2 0  0 0  0
    70  -.2508108432951630E-03   5   1 2  2 0  0 0  0
    71  0.6687072519633931E-04   5   0 3  2 0  0 0  0
    72  -.1798918456881071       5   2 0  3 0  0 0  0
    73  -.1333608275013797E-01   5   1 1  3 0  0 0  0
    74  -.2864323400436149E-03   5   0 2  3 0  0 0  0
    75  -.1142467928853291E-01   5   1 0  4 0  0 0  0
    76  0.1526317720255950E-02   5   0 1  4 0  0 0  0
    77  -.8994592284405352E-01   5   0 0  5 0  0 0  0
    78  -.3619327851535015E-02   5   4 0  0 1  0 0  0
    79  0.7017402831371654E-03   5   3 1  0 1  0 0  0
    80  -.5021326909454411E-04   5   2 2  0 1  0 0  0
    81  0.2232607284078429E-04   5   1 3  0 1  0 0  0
    82  0.7649392183586476E-04   5   0 4  0 1  0 0  0
    83  -.3285966378228135E-02   5   3 0  1 1  0 0  0
    84  0.3337390679306248E-03   5   2 1  1 1  0 0  0
    85  -.8365125232619588E-04   5   1 2  1 1  0 0  0
    86  -.8714105574642619E-03   5   0 3  1 1  0 0  0
    87  -.2057473845320789E-01   5   2 0  2 1  0 0  0
    88  -.5516497427810634E-03   5   1 1  2 1  0 0  0
    89  -.4059361107711606E-03   5   0 2  2 1  0 0  0
    90  -.3285966378228062E-02   5   1 0  3 1  0 0  0
    91  0.7991125409961973E-03   5   0 1  3 1  0 0  0
    92  -.1695541060167289E-01   5   0 0  4 1  0 0  0
    93  -.1049923384291653E-02   5   3 0  0 2  0 0  0
    94  -.9573784223493020E-04   5   2 1  0 2  0 0  0
    95  0.1283425133018533E-02   5   1 2  0 2  0 0  0
    96  0.8019789693933244E-06   5   0 3  0 2  0 0  0
    97  0.4153079430936514E-03   5   2 0  1 2  0 0  0
    98  -.1230320159942134E-03   5   1 1  1 2  0 0  0
    99  -.9291824434848294E-04   5   0 2  1 2  0 0  0
   100  -.1282610120824431E-02   5   1 0  2 2  0 0  0
   101  0.1063493827488688E-03   5   0 1  2 2  0 0  0
   102  -.2113870698656801E-03   5   0 0  3 2  0 0  0
   103  -.1277768776553667E-03   5   2 0  0 3  0 0  0
   104  0.2232607284078118E-04   5   1 1  0 3  0 0  0
   105  0.1529878436716606E-03   5   0 2  0 3  0 0  0
   106  -.1626085674312692E-03   5   1 0  1 3  0 0  0
   107  -.8714105574642607E-03   5   0 1  1 3  0 0  0
   108  -.3283725022103849E-03   5   0 0  2 3  0 0  0
   109  0.1077417845241397E-02   5   1 0  0 4  0 0  0
   110  0.4009894846862538E-06   5   0 1  0 4  0 0  0
   111  -.3529608575385085E-04   5   0 0  1 4  0 0  0
   112  0.7649392183586845E-04   5   0 0  0 5  0 0  0
   113  -.3854851563358570E-03   5   3 0  0 0  0 2  0
   114  -.7900798455466395E-04   5   2 1  0 0  0 2  0
   115  0.8000825976701164E-03   5   1 2  0 0  0 2  0
   116  0.1756740868292389E-05   5   0 3  0 0  0 2  0
   117  0.8450277440558084E-04   5   2 0  1 0  0 2  0
   118  -.2247851504639410E-03   5   1 1  1 0  0 2  0
   119  -.2297114763529358E-03   5   0 2  1 0  0 2  0
   120  -.3854851563358400E-03   5   1 0  2 0  0 2  0
   121  0.9066840484624991E-04   5   0 1  2 0  0 2  0
   122  0.8450277440566676E-04   5   0 0  3 0  0 2  0
   123  -.1665147742718275E-03   5   2 0  0 1  0 2  0
   124  -.1376245240566543E-03   5   1 1  0 1  0 2  0
   125  0.2763997703837734E-03   5   0 2  0 1  0 2  0
   126  -.1696763894009040E-03   5   1 0  1 1  0 2  0
   127  -.1691613877416689E-02   5   0 1  1 1  0 2  0
   128  -.3912999247357874E-03   5   0 0  2 1  0 2  0
   129  0.2491696475086806E-02   5   1 0  0 2  0 2  0
   130  0.1756740868257695E-05   5   0 1  0 2  0 2  0
   131  -.3673360004095922E-03   5   0 0  1 2  0 2  0
   132  0.2763997703838219E-03   5   0 0  0 3  0 2  0
   133  0.1927297158288841E-03   5   1 0  0 0  0 4  0
   134  0.5065065233518518E-06   5   0 1  0 0  0 4  0
   135  -.6700313160452401E-04   5   0 0  1 0  0 4  0
   136  0.6255265257716636E-04   5   0 0  0 1  0 4  0
   --------------------------------------------------
     I  COEFFICIENT            ORDER EXPONENTS
     1  -.1820751441367184E-03   1   1 0  0 0  0 0  0
     2  -.8704142725444487E-02   1   0 1  0 0  0 0  0
     3   1.000000330571224       1   0 0  1 0  0 0  0
     4  0.7519887031484743E-01   1   0 0  0 1  0 0  0
     5  0.1230052186715790E-03   2   1 0  0 0  0 1  0
     6  0.1181313939357459E-01   2   0 1  0 0  0 1  0
     7  -.4490460929505380E-06   2   0 0  1 0  0 1  0
     8  -.5034611771219499E-01   2   0 0  0 1  0 1  0
     9  0.2685013518509579E-03   3   3 0  0 0  0 0  0
    10  0.1298413293782235E-03   3   2 1  0 0  0 0  0
    11  -.9110591915406486E-04   3   1 2  0 0  0 0  0
    12  -.8665698145839182E-02   3   0 3  0 0  0 0  0
    13  0.2233691857350842E-05   3   2 0  1 0  0 0  0
    14  -.2339447723811299E-05   3   1 1  1 0  0 0  0
    15  -.1987652510832380E-04   3   0 2  1 0  0 0  0
    16  0.2685013518509053E-03   3   1 0  2 0  0 0  0
    17  0.1172357472217534E-03   3   0 1  2 0  0 0  0
    18  0.2233691857351536E-05   3   0 0  3 0  0 0  0
    19  0.1981911676301145E-04   3   2 0  0 1  0 0  0
    20  0.4168928084576746E-04   3   1 1  0 1  0 0  0
    21  0.3693195315834460E-01   3   0 2  0 1  0 0  0
    22  0.1260558215647051E-04   3   1 0  1 1  0 0  0
    23  0.1777422511789425E-03   3   0 1  1 1  0 0  0
    24  0.1747966903920036E-04   3   0 0  2 1  0 0  0
    25  -.2688481703330074E-03   3   1 0  0 2  0 0  0
    26  -.8665698145839180E-02   3   0 1  0 2  0 0  0
    27  0.2181275573744364E-04   3   0 0  1 2  0 0  0
    28  0.3693195315834459E-01   3   0 0  0 3  0 0  0
    29  -.9186750335600283E-04   3   1 0  0 0  0 2  0
    30  -.1288490764878174E-01   3   0 1  0 0  0 2  0
    31  0.4903319123595044E-06   3   0 0  1 0  0 2  0
    32  0.3713296848087239E-01   3   0 0  0 1  0 2  0
    33  -.1813730665142352E-03   4   3 0  0 0  0 1  0
    34  -.1745993031576749E-03   4   2 1  0 0  0 1  0
    35  0.1868215224742602E-03   4   1 2  0 0  0 1  0
    36  0.2352166833015850E-01   4   0 3  0 0  0 1  0
    37  -.3034484038190499E-05   4   2 0  1 0  0 1  0
    38  0.4734560860962624E-05   4   1 1  1 0  0 1  0
    39  0.5382151064768893E-04   4   0 2  1 0  0 1  0
    40  -.1813730665140369E-03   4   1 0  2 0  0 1  0
    41  -.1578561095525249E-03   4   0 1  2 0  0 1  0
    42  -.3034484038191932E-05   4   0 0  3 0  0 1  0
    43  -.4036385651158166E-04   4   2 0  0 1  0 1  0
    44  -.1129068739134794E-03   4   1 1  0 1  0 1  0
    45  -.7415940235341763E-01   4   0 2  0 1  0 1  0
    46  -.1674319360515056E-04   4   1 0  1 1  0 1  0
    47  -.3558366714438314E-03   4   0 1  1 1  0 1  0
    48  -.3562929565061884E-04   4   0 0  2 1  0 1  0
    49  0.5426581939180914E-03   4   1 0  0 2  0 1  0
    50  0.2352166833015849E-01   4   0 1  0 2  0 1  0
    51  -.5908536326579059E-04   4   0 0  1 2  0 1  0
    52  -.7415940235341761E-01   4   0 0  0 3  0 1  0
    53  0.7390457906399072E-04   4   1 0  0 0  0 3  0
    54  0.1321501751463317E-01   4   0 1  0 0  0 3  0
    55  -.5035286943257278E-06   4   0 0  1 0  0 3  0
    56  -.2943697766938909E-01   4   0 0  0 1  0 3  0
    57  0.3431640633459320E-02   5   5 0  0 0  0 0  0
    58  0.7792282251986294E-03   5   4 1  0 0  0 0  0
    59  0.1703591152819131E-03   5   3 2  0 0  0 0  0
    60  0.1281686442339833E-03   5   2 3  0 0  0 0  0
    61  -.7001349528420157E-04   5   1 4  0 0  0 0  0
    62  -.8627337604541388E-02   5   0 5  0 0  0 0  0
    63  -.3812338184406221E-04   5   4 0  1 0  0 0  0
    64  -.5441535370750386E-04   5   3 1  1 0  0 0  0
    65  0.3161811155576334E-04   5   2 2  1 0  0 0  0
    66  -.2620475582477625E-05   5   1 3  1 0  0 0  0
    67  -.3979625841575184E-04   5   0 4  1 0  0 0  0
    68  0.6863281266918726E-02   5   3 0  2 0  0 0  0
    69  0.1191309054206193E-02   5   2 1  2 0  0 0  0
    70  0.1568630780140114E-03   5   1 2  2 0  0 0  0
    71  0.1155139920357624E-03   5   0 3  2 0  0 0  0
    72  -.7624676368802105E-04   5   2 0  3 0  0 0  0
    73  -.5441535370747453E-04   5   1 1  3 0  0 0  0
    74  0.3556595313371568E-04   5   0 2  3 0  0 0  0
    75  0.3431640633459544E-02   5   1 0  4 0  0 0  0
    76  0.4120808290079065E-03   5   0 1  4 0  0 0  0
    77  -.3812338184400448E-04   5   0 0  5 0  0 0  0
    78  0.9173634835716437E-04   5   4 0  0 1  0 0  0
    79  -.5650272032143897E-04   5   3 1  0 1  0 0  0
    80  0.2676281040265690E-04   5   2 2  0 1  0 0  0
    81  0.8276456128943248E-04   5   1 3  0 1  0 0  0
    82  0.2720032967928085E-01   5   0 4  0 1  0 0  0
    83  0.3671473961905699E-03   5   3 0  1 1  0 0  0
    84  -.2201610919471138E-03   5   2 1  1 1  0 0  0
    85  0.2258287252947467E-06   5   1 2  1 1  0 0  0
    86  0.2607417053617051E-03   5   0 3  1 1  0 0  0
    87  0.1290573430068855E-03   5   2 0  2 1  0 0  0
    88  -.6439840347765882E-04   5   1 1  2 1  0 0  0
    89  0.2893992534348811E-04   5   0 2  2 1  0 0  0
    90  0.3671473961906625E-03   5   1 0  3 1  0 0  0
    91  -.2471531664830181E-03   5   0 1  3 1  0 0  0
    92  0.3732099464984623E-04   5   0 0  4 1  0 0  0
    93  0.4040162444970405E-03   5   3 0  0 2  0 0  0
    94  0.1405974677067572E-03   5   2 1  0 2  0 0  0
    95  -.4007686959300925E-03   5   1 2  0 2  0 0  0
    96  -.1725467520908290E-01   5   0 3  0 2  0 0  0
    97  -.2093676718786267E-04   5   2 0  1 2  0 0  0
    98  -.1221565662892076E-04   5   1 1  1 2  0 0  0
    99  0.3172044457952477E-05   5   0 2  1 2  0 0  0
   100  0.4175122817648368E-03   5   1 0  2 2  0 0  0
   101  0.1030851685628713E-03   5   0 1  2 2  0 0  0
   102  -.2488460876591556E-04   5   0 0  3 2  0 0  0
   103  0.3156040092612832E-04   5   2 0  0 3  0 0  0
   104  0.8276456128944541E-04   5   1 1  0 3  0 0  0
   105  0.5440065935856154E-01   5   0 2  0 3  0 0  0
   106  0.2508347567106841E-04   5   1 0  1 3  0 0  0
   107  0.2607417053616563E-03   5   0 1  1 3  0 0  0
   108  0.2414233482034671E-04   5   0 0  2 3  0 0  0
   109  -.3307552006458970E-03   5   1 0  0 4  0 0  0
   110  -.8627337604541502E-02   5   0 1  0 4  0 0  0
   111  0.4296830287366889E-04   5   0 0  1 4  0 0  0
   112  0.2720032967928087E-01   5   0 0  0 5  0 0  0
   113  0.1354401020516944E-03   5   3 0  0 0  0 2  0
   114  0.1882328069974873E-03   5   2 1  0 0  0 2  0
   115  -.2694388140731269E-03   5   1 2  0 0  0 2  0
   116  -.4161663425601019E-01   5   0 3  0 0  0 2  0
   117  0.3313816945625604E-05   5   2 0  1 0  0 2  0
   118  -.6722898061876558E-05   5   1 1  1 0  0 2  0
   119  -.9496030981223130E-04   5   0 2  1 0  0 2  0
   120  0.1354401020521109E-03   5   1 0  2 0  0 2  0
   121  0.1704646385663073E-03   5   0 1  2 0  0 2  0
   122  0.3313816945627317E-05   5   0 0  3 0  0 2  0
   123  0.5774943429566195E-04   5   2 0  0 1  0 2  0
   124  0.1992508163883580E-03   5   1 1  0 1  0 2  0
   125  0.1043006986612194       5   0 2  0 1  0 2  0
   126  0.1776816843121458E-04   5   1 0  1 1  0 2  0
   127  0.4986484108806912E-03   5   0 1  1 1  0 2  0
   128  0.5102653623378689E-04   5   0 0  2 1  0 2  0
   129  -.7680872249538168E-03   5   1 0  0 2  0 2  0
   130  -.4161663425601018E-01   5   0 1  0 2  0 2  0
   131  0.1042905065761268E-03   5   0 0  1 2  0 2  0
   132  0.1043006986612194       5   0 0  0 3  0 2  0
   133  -.6255265257716058E-04   5   1 0  0 0  0 4  0
   134  -.1327523222492271E-01   5   0 1  0 0  0 4  0
   135  0.5065065233450967E-06   5   0 0  1 0  0 4  0
   136  0.2452294328213382E-01   5   0 0  0 1  0 4  0
   --------------------------------------------------
     I  COEFFICIENT            ORDER EXPONENTS
     1  -.4777524065064346E-02   1   1 0  0 0  0 0  0
     2  -.1820751441367341E-03   1   0 1  0 0  0 0  0
     3  0.5613414451401122E-03   1   0 0  1 0  0 0  0
     4   1.000000330571224       1   0 0  0 1  0 0  0
     5  -.5918701197353656E-04   2   1 0  0 0  0 1  0
     6  0.1230052186716058E-03   2   0 1  0 0  0 1  0
     7  -.3791855255385461E-03   2   0 0  1 0  0 1  0
     8  -.4490460929207352E-06   2   0 0  0 1  0 1  0
     9  0.7053013210911040E-02   3   3 0  0 0  0 0  0
    10  0.8002482663154369E-03   3   2 1  0 0  0 0  0
    11  -.4966381989756743E-04   3   1 2  0 0  0 0  0
    12  -.9705178300491028E-04   3   0 3  0 0  0 0  0
    13  -.7632384942930009E-03   3   2 0  1 0  0 0  0
    14  -.1185116681752341E-03   3   1 1  1 0  0 0  0
    15  0.8642735659091937E-03   3   0 2  1 0  0 0  0
    16  0.7053013210911031E-02   3   1 0  2 0  0 0  0
    17  0.2792535202542176E-03   3   0 1  2 0  0 0  0
    18  -.7632384942930150E-03   3   0 0  3 0  0 0  0
    19  0.6318459671015977E-04   3   2 0  0 1  0 0  0
    20  -.5866399161796559E-03   3   1 1  0 1  0 0  0
    21  0.3650119342500299E-06   3   0 2  0 1  0 0  0
    22  0.5209947460612135E-03   3   1 0  1 1  0 0  0
    23  -.1069685097584975E-03   3   0 1  1 1  0 0  0
    24  -.5532707146507542E-04   3   0 0  2 1  0 0  0
    25  0.5730468986093020E-04   3   1 0  0 2  0 0  0
    26  -.9705178300492556E-04   3   0 1  0 2  0 0  0
    27  0.2776336497295371E-03   3   0 0  1 2  0 0  0
    28  0.3650119342057945E-06   3   0 0  0 3  0 0  0
    29  0.6469885178779288E-04   3   1 0  0 0  0 2  0
    30  -.9186750335600860E-04   3   0 1  0 0  0 2  0
    31  0.2831546672462086E-03   3   0 0  1 0  0 2  0
    32  0.4903319123714112E-06   3   0 0  0 1  0 2  0
    33  0.7729668392988609E-04   4   3 0  0 0  0 1  0
    34  -.5335091605137875E-03   4   2 1  0 0  0 1  0
    35  -.1123363936661157E-03   4   1 2  0 0  0 1  0
    36  0.1956192387531069E-03   4   0 3  0 0  0 1  0
    37  0.5158418674739687E-03   4   2 0  1 0  0 1  0
    38  0.1584873179472159E-03   4   1 1  1 0  0 1  0
    39  -.1751697283094799E-02   4   0 2  1 0  0 1  0
    40  0.7729668392990692E-04   4   1 0  2 0  0 1  0
    41  -.2031894794851709E-03   4   0 1  2 0  0 1  0
    42  0.5158418674739935E-03   4   0 0  3 0  0 1  0
    43  -.8458158049234985E-04   4   2 0  0 1  0 1  0
    44  0.1189099787459245E-02   4   1 1  0 1  0 1  0
    45  -.9917594323290797E-06   4   0 2  0 1  0 1  0
    46  -.3303196810286018E-03   4   1 0  1 1  0 1  0
    47  0.2450661142797828E-04   4   0 1  1 1  0 1  0
    48  0.7390573745487164E-04   4   0 0  2 1  0 1  0
    49  -.1368430050940932E-03   4   1 0  0 2  0 1  0
    50  0.1956192387531069E-03   4   0 1  0 2  0 1  0
    51  -.5625974956355556E-03   4   0 0  1 2  0 1  0
    52  -.9917594322891811E-06   4   0 0  0 3  0 1  0
    53  -.6652177557945149E-04   4   1 0  0 0  0 3  0
    54  0.7390457906400819E-04   4   0 1  0 0  0 3  0
    55  -.2277489119113645E-03   4   0 0  1 0  0 3  0
    56  -.5035286943164130E-06   4   0 0  0 1  0 3  0
    57  0.8994592284405355E-01   5   5 0  0 0  0 0  0
    58  0.1695541060167289E-01   5   4 1  0 0  0 0  0
    59  0.2113870698656790E-03   5   3 2  0 0  0 0  0
    60  0.3283725022103840E-03   5   2 3  0 0  0 0  0
    61  0.3529608575385106E-04   5   1 4  0 0  0 0  0
    62  -.7649392183587647E-04   5   0 5  0 0  0 0  0
    63  -.1142467928853289E-01   5   4 0  1 0  0 0  0
    64  -.3285966378228060E-02   5   3 1  1 0  0 0  0
    65  -.1282610120824431E-02   5   2 2  1 0  0 0  0
    66  -.1626085674312693E-03   5   1 3  1 0  0 0  0
    67  0.1077417845241397E-02   5   0 4  1 0  0 0  0
    68  0.1798918456881071       5   3 0  2 0  0 0  0
    69  0.2057473845320789E-01   5   2 1  2 0  0 0  0
    70  -.4153079430936540E-03   5   1 2  2 0  0 0  0
    71  0.1277768776553660E-03   5   0 3  2 0  0 0  0
    72  -.2284935857706550E-01   5   2 0  3 0  0 0  0
    73  -.3285966378228135E-02   5   1 1  3 0  0 0  0
    74  -.1049923384291654E-02   5   0 2  3 0  0 0  0
    75  0.8994592284405353E-01   5   1 0  4 0  0 0  0
    76  0.3619327851535019E-02   5   0 1  4 0  0 0  0
    77  -.1142467928853272E-01   5   0 0  5 0  0 0  0
    78  0.1526317720255953E-02   5   4 0  0 1  0 0  0
    79  0.7991125409961980E-03   5   3 1  0 1  0 0  0
    80  0.1063493827488680E-03   5   2 2  0 1  0 0  0
    81  -.8714105574642606E-03   5   1 3  0 1  0 0  0
    82  0.4009894846383863E-06   5   0 4  0 1  0 0  0
    83  0.1333608275013797E-01   5   3 0  1 1  0 0  0
    84  0.5516497427810627E-03   5   2 1  1 1  0 0  0
    85  0.1230320159942134E-03   5   1 2  1 1  0 0  0
    86  -.2232607284078178E-04   5   0 3  1 1  0 0  0
    87  -.2333309377162015E-03   5   2 0  2 1  0 0  0
    88  0.3337390679306240E-03   5   1 1  2 1  0 0  0
    89  -.9573784223492921E-04   5   0 2  2 1  0 0  0
    90  0.1333608275013797E-01   5   1 0  3 1  0 0  0
    91  -.7017402831371643E-03   5   0 1  3 1  0 0  0
    92  -.1759648657972138E-02   5   0 0  4 1  0 0  0
    93  0.2864323400436147E-03   5   3 0  0 2  0 0  0
    94  0.4059361107711609E-03   5   2 1  0 2  0 0  0
    95  0.9291824434848334E-04   5   1 2  0 2  0 0  0
    96  -.1529878436717026E-03   5   0 3  0 2  0 0  0
    97  -.2508108432951640E-03   5   2 0  1 2  0 0  0
    98  -.8365125232619609E-04   5   1 1  1 2  0 0  0
    99  0.1283425133018532E-02   5   0 2  1 2  0 0  0
   100  0.9131273530028053E-03   5   1 0  2 2  0 0  0
   101  0.5021326909454281E-04   5   0 1  2 2  0 0  0
   102  -.4834975798281215E-03   5   0 0  3 2  0 0  0
   103  0.6687072519633926E-04   5   2 0  0 3  0 0  0
   104  -.8714105574642614E-03   5   1 1  0 3  0 0  0
   105  0.8019789692892410E-06   5   0 2  0 3  0 0  0
   106  0.2781592331157817E-03   5   1 0  1 3  0 0  0
   107  -.2232607284078463E-04   5   0 1  1 3  0 0  0
   108  -.5625918468240442E-04   5   0 0  2 3  0 0  0
   109  0.5762215859463052E-04   5   1 0  0 4  0 0  0
   110  -.7649392183586845E-04   5   0 1  0 4  0 0  0
   111  0.2060072877771387E-03   5   0 0  1 4  0 0  0
   112  0.4009894846584983E-06   5   0 0  0 5  0 0  0
   113  -.8450277440566690E-04   5   3 0  0 0  0 2  0
   114  0.3912999247357874E-03   5   2 1  0 0  0 2  0
   115  0.3673360004095920E-03   5   1 2  0 0  0 2  0
   116  -.2763997703838228E-03   5   0 3  0 0  0 2  0
   117  -.3854851563358403E-03   5   2 0  1 0  0 2  0
   118  -.1696763894009039E-03   5   1 1  1 0  0 2  0
   119  0.2491696475086807E-02   5   0 2  1 0  0 2  0
   120  -.8450277440558076E-04   5   1 0  2 0  0 2  0
   121  0.1665147742718282E-03   5   0 1  2 0  0 2  0
   122  -.3854851563358570E-03   5   0 0  3 0  0 2  0
   123  0.9066840484624955E-04   5   2 0  0 1  0 2  0
   124  -.1691613877416690E-02   5   1 1  0 1  0 2  0
   125  0.1756740868128024E-05   5   0 2  0 1  0 2  0
   126  0.2247851504639410E-03   5   1 0  1 1  0 2  0
   127  0.1376245240566543E-03   5   0 1  1 1  0 2  0
   128  -.7900798455466329E-04   5   0 0  2 1  0 2  0
   129  0.2297114763529365E-03   5   1 0  0 2  0 2  0
   130  -.2763997703838332E-03   5   0 1  0 2  0 2  0
   131  0.8000825976701166E-03   5   0 0  1 2  0 2  0
   132  0.1756740868166188E-05   5   0 0  0 3  0 2  0
   133  0.6700313160452404E-04   5   1 0  0 0  0 4  0
   134  -.6255265257716289E-04   5   0 1  0 0  0 4  0
   135  0.1927297158288841E-03   5   0 0  1 0  0 4  0
   136  0.5065065233414434E-06   5   0 0  0 1  0 4  0
   --------------------------------------------------
     I  COEFFICIENT            ORDER EXPONENTS
     1  1.0000000000000000       1   0 0  0 0  1 0  0
     2  0.7690926975354106E-02   1   0 0  0 0  0 1  0
     3  -.2007312495359850E-06   2   2 0  0 0  0 0  0
     4  -.1452939128797727E-04   2   1 1  0 0  0 0  0
     5  -.2585645769331582E-01   2   0 2  0 0  0 0  0
     6  -.1235280608388664E-03   2   0 1  1 0  0 0  0
     7  -.2007312495359850E-06   2   0 0  2 0  0 0  0
     8  0.1235280608388664E-03   2   1 0  0 1  0 0  0
     9  -.1452939128797726E-04   2   0 0  1 1  0 0  0
    10  -.2585645769331582E-01   2   0 0  0 2  0 0  0
    11  -.7863322037216921E-02   2   0 0  0 0  0 2  0
    12  0.3024076772269118E-06   3   2 0  0 0  0 1  0
    13  0.3178215459099975E-04   3   1 1  0 0  0 1  0
    14  0.3909372906238193E-01   3   0 2  0 0  0 1  0
    15  0.1852357447483305E-03   3   0 1  1 0  0 1  0
    16  0.3024076772269119E-06   3   0 0  2 0  0 1  0
    17  -.1852357447483304E-03   3   1 0  0 1  0 1  0
    18  0.3178215459099975E-04   3   0 0  1 1  0 1  0
    19  0.3909372906238191E-01   3   0 0  0 2  0 1  0
    20  0.7536117018589797E-02   3   0 0  0 0  0 3  0
    21  0.5824247694891180E-06   4   4 0  0 0  0 0  0
    22  0.1981009413714983E-04   4   3 1  0 0  0 0  0
    23  0.1060458478014375E-05   4   2 2  0 0  0 0  0
    24  -.2896359492102456E-04   4   1 3  0 0  0 0  0
    25  -.1939258905113218E-01   4   0 4  0 0  0 0  0
    26  0.1823566784743048E-03   4   2 1  1 0  0 0  0
    27  0.8372356037725422E-05   4   1 2  1 0  0 0  0
    28  -.1840056152025245E-03   4   0 3  1 0  0 0  0
    29  0.1164849538590016E-05   4   2 0  2 0  0 0  0
    30  0.1981009413699305E-04   4   1 1  2 0  0 0  0
    31  -.1581689563573530E-05   4   0 2  2 0  0 0  0
    32  0.1823566784742888E-03   4   0 1  3 0  0 0  0
    33  0.5824247694891181E-06   4   0 0  4 0  0 0  0
    34  -.1823566784742888E-03   4   3 0  0 1  0 0  0
    35  -.8372356037780865E-05   4   2 1  0 1  0 0  0
    36  0.1840056152025702E-03   4   1 2  0 1  0 0  0
    37  0.1981009413699305E-04   4   2 0  1 1  0 0  0
    38  0.5284296083401129E-05   4   1 1  1 1  0 0  0
    39  -.2896359492099742E-04   4   0 2  1 1  0 0  0
    40  -.1823566784743048E-03   4   1 0  2 1  0 0  0
    41  0.8372356037780784E-05   4   0 1  2 1  0 0  0
    42  0.1981009413714981E-04   4   0 0  3 1  0 0  0
    43  -.1581689563573548E-05   4   2 0  0 2  0 0  0
    44  -.2896359492099746E-04   4   1 1  0 2  0 0  0
    45  -.3878517810226427E-01   4   0 2  0 2  0 0  0
    46  -.8372356037725431E-05   4   1 0  1 2  0 0  0
    47  -.1840056152025702E-03   4   0 1  1 2  0 0  0
    48  0.1060458478014352E-05   4   0 0  2 2  0 0  0
    49  0.1840056152025245E-03   4   1 0  0 3  0 0  0
    50  -.2896359492102457E-04   4   0 0  1 3  0 0  0
    51  -.1939258905113218E-01   4   0 0  0 4  0 0  0
    52  -.3685102063780644E-06   4   2 0  0 0  0 2  0
    53  -.4904654240109090E-04   4   1 1  0 0  0 2  0
    54  -.4783369732948460E-01   4   0 2  0 0  0 2  0
    55  -.2245303316529568E-03   4   0 1  1 0  0 2  0
    56  -.3685102063780645E-06   4   0 0  2 0  0 2  0
    57  0.2245303316529568E-03   4   1 0  0 1  0 2  0
    58  -.4904654240109089E-04   4   0 0  1 1  0 2  0
    59  -.4783369732948460E-01   4   0 0  0 2  0 2  0
    60  -.7085135729154644E-02   4   0 0  0 0  0 4  0
    61  -.8773850897225738E-06   5   4 0  0 0  0 1  0
    62  -.4333995088544509E-04   5   3 1  0 0  0 1  0
    63  -.3017842495041433E-05   5   2 2  0 0  0 1  0
    64  0.1027512809489177E-03   5   1 3  0 0  0 1  0
    65  0.5575737700035738E-01   5   0 4  0 0  0 1  0
    66  0.1822028220641492E-15   5   3 0  1 0  0 1  0
    67  -.2737034403539135E-03   5   2 1  1 0  0 1  0
    68  -.1776865350903935E-04   5   1 2  1 0  0 1  0
    69  0.5252311016514105E-03   5   0 3  1 0  0 1  0
    70  -.1754770179573353E-05   5   2 0  2 0  0 1  0
    71  -.4333995088530417E-04   5   1 1  2 0  0 1  0
    72  0.4508321844014152E-05   5   0 2  2 0  0 1  0
    73  -.1821888592554093E-15   5   1 0  3 0  0 1  0
    74  -.2737034403539048E-03   5   0 1  3 0  0 1  0
    75  -.8773850898019254E-06   5   0 0  4 0  0 1  0
    76  0.2737034403539060E-03   5   3 0  0 1  0 1  0
    77  0.1776865350902939E-04   5   2 1  0 1  0 1  0
    78  -.5252311016514798E-03   5   1 2  0 1  0 1  0
    79  -.4333995088530420E-04   5   2 0  1 1  0 1  0
    80  -.1505232867767275E-04   5   1 1  1 1  0 1  0
    81  0.1027512809488804E-03   5   0 2  1 1  0 1  0
    82  0.2737034403539134E-03   5   1 0  2 1  0 1  0
    83  -.1776865350902935E-04   5   0 1  2 1  0 1  0
    84  -.4333995088545696E-04   5   0 0  3 1  0 1  0
    85  0.4508321844014164E-05   5   2 0  0 2  0 1  0
    86  0.1027512809488804E-03   5   1 1  0 2  0 1  0
    87  0.1115147540007147       5   0 2  0 2  0 1  0
    88  0.1776865350903934E-04   5   1 0  1 2  0 1  0
    89  0.5252311016514800E-03   5   0 1  1 2  0 1  0
    90  -.3017842495042087E-05   5   0 0  2 2  0 1  0
    91  -.5252311016514104E-03   5   1 0  0 3  0 1  0
    92  0.1027512809489177E-03   5   0 0  1 3  0 1  0
    93  0.5575737700035738E-01   5   0 0  0 4  0 1  0
    94  0.4202056951752236E-06   5   2 0  0 0  0 3  0
    95  0.6591178966592350E-04   5   1 1  0 0  0 3  0
    96  0.5477658698957232E-01   5   0 2  0 0  0 3  0
    97  0.2546010940998588E-03   5   0 1  1 0  0 3  0
    98  0.4202056951752237E-06   5   0 0  2 0  0 3  0
    99  -.2546010940998588E-03   5   1 0  0 1  0 3  0
   100  0.6591178966592350E-04   5   0 0  1 1  0 3  0
   101  0.5477658698957232E-01   5   0 0  0 2  0 3  0
   102  0.6639787906708195E-02   5   0 0  0 0  0 5  0
   --------------------------------------------------
     I  COEFFICIENT            ORDER EXPONENTS
     1  1.0000000000000000       1   0 0  0 0  0 1  0
     ------------------------------------------------
     ALL COMPONENTS ZERO 
     ------------------- 
     ALL COMPONENTS ZERO 
     ------------------- 
