 L    0.3793416666666667E-01
 P (  0.0000000000000000E+00,  0.0000000000000000E+00,  0.1517366666666667E+00)
 A (  0.0000000000000000E+00,  0.0000000000000000E+00,  0.0000000000000000E+00)
     I  COEFFICIENT            ORDER EXPONENTS
     1  0.9999972212136639       1   1 0  0 0  0 0  0
     2  0.3760090845463185E-01   1   0 1  0 0  0 0  0
     3  0.3631809060518466E-04   1   0 0  1 0  0 0  0
     4  0.4341218728928501E-02   1   0 0  0 1  0 0  0
     5  0.3778118474653540E-05   2   1 0  0 0  0 1  0
     6  -.2517606100623138E-01   2   0 1  0 0  0 1  0
     7  -.2453767449365353E-04   2   0 0  1 0  0 1  0
     8  -.5891951137776170E-02   2   0 0  0 1  0 1  0
     9  0.5734883471794045E-05   3   3 0  0 0  0 0  0
    10  0.3166823273162062E-05   3   2 1  0 0  0 0  0
    11  0.5725593171821368E-07   3   1 2  0 0  0 0  0
    12  0.1846810383654230E-01   3   0 3  0 0  0 0  0
    13  -.7537875427070817E-04   3   2 0  1 0  0 0  0
    14  -.1955374073950083E-05   3   1 1  1 0  0 0  0
    15  0.5333496728842103E-04   3   0 2  1 0  0 0  0
    16  0.5734883471794070E-05   3   1 0  2 0  0 0  0
    17  0.3215800358057674E-05   3   0 1  2 0  0 0  0
    18  -.7537875427070817E-04   3   0 0  3 0  0 0  0
    19  -.1937846203620860E-04   3   2 0  0 1  0 0  0
    20  -.3526277663393358E-04   3   1 1  0 1  0 0  0
    21  0.4322082779554299E-02   3   0 2  0 1  0 0  0
    22  -.4897708489560648E-07   3   1 0  1 1  0 0  0
    23  0.1113725083202056E-04   3   0 1  1 1  0 0  0
    24  -.2133383611015865E-04   3   0 0  2 1  0 0  0
    25  -.1107999490030234E-04   3   1 0  0 2  0 0  0
    26  0.1846810383654230E-01   3   0 1  0 2  0 0  0
    27  0.1807219065448745E-04   3   0 0  1 2  0 0  0
    28  0.4322082779554299E-02   3   0 0  0 3  0 0  0
    29  -.4130167609511249E-05   3   1 0  0 0  0 2  0
    30  0.1857078222544384E-01   3   0 1  0 0  0 2  0
    31  0.1832835080260719E-04   3   0 0  1 0  0 2  0
    32  0.6426659718195080E-02   3   0 0  0 1  0 2  0
    33  -.7797385156345690E-05   4   3 0  0 0  0 1  0
    34  -.6451247500434424E-05   4   2 1  0 0  0 1  0
    35  -.6470670519932931E-07   4   1 2  0 0  0 1  0
    36  -.3708692537607483E-01   4   0 3  0 0  0 1  0
    37  0.5093197432945475E-04   4   2 0  1 0  0 1  0
    38  0.2662113477275435E-05   4   1 1  1 0  0 1  0
    39  -.1072163175635062E-03   4   0 2  1 0  0 1  0
    40  -.7797385156345766E-05   4   1 0  2 0  0 1  0
    41  -.6551056606846817E-05   4   0 1  2 0  0 1  0
    42  0.5093197432945476E-04   4   0 0  3 0  0 1  0
    43  0.2603499365222541E-04   4   2 0  0 1  0 1  0
    44  0.6971048350584522E-04   4   1 1  0 1  0 1  0
    45  -.1173182958718517E-01   4   0 2  0 1  0 1  0
    46  0.9980910641237896E-07   4   1 0  1 1  0 1  0
    47  -.3010284985722211E-04   4   0 1  1 1  0 1  0
    48  0.2869710712950080E-04   4   0 0  2 1  0 1  0
    49  0.3003814315202279E-04   4   1 0  0 2  0 1  0
    50  -.3708692537607483E-01   4   0 1  0 2  0 1  0
    51  -.3750583405766100E-04   4   0 0  1 2  0 1  0
    52  -.1173182958718517E-01   4   0 0  0 3  0 1  0
    53  0.4246779860208845E-05   4   1 0  0 0  0 3  0
    54  -.1472385169096523E-01   4   0 1  0 0  0 3  0
    55  -.1474662012563187E-04   4   0 0  1 0  0 3  0
    56  -.6591485345583365E-02   4   0 0  0 1  0 3  0
    57  0.5479556429576319E-05   5   5 0  0 0  0 0  0
    58  -.1009540772195134E-04   5   4 1  0 0  0 0  0
    59  -.5995208531440892E-06   5   3 2  0 0  0 0  0
    60  0.4440823354285538E-05   5   2 3  0 0  0 0  0
    61  0.2806319216272440E-05   5   1 4  0 0  0 0  0
    62  0.1360272100762606E-01   5   0 5  0 0  0 0  0
    63  -.7958869512006365E-04   5   4 0  1 0  0 0  0
    64  -.4756610199693145E-05   5   3 1  1 0  0 0  0
    65  -.1108469700706262E-03   5   2 2  1 0  0 0  0
    66  -.3810966594226580E-05   5   1 3  1 0  0 0  0
    67  0.6525088030700068E-04   5   0 4  1 0  0 0  0
    68  0.1095911285915278E-04   5   3 0  2 0  0 0  0
    69  -.2032688938693321E-04   5   2 1  2 0  0 0  0
    70  -.5956269739016398E-06   5   1 2  2 0  0 0  0
    71  0.4920968230853582E-05   5   0 3  2 0  0 0  0
    72  -.1591773902401273E-03   5   2 0  3 0  0 0  0
    73  -.4756610199693145E-05   5   1 1  3 0  0 0  0
    74  -.1107478149104700E-03   5   0 2  3 0  0 0  0
    75  0.5479556429576380E-05   5   1 0  4 0  0 0  0
    76  -.1023148166498186E-04   5   0 1  4 0  0 0  0
    77  -.7958869512006369E-04   5   0 0  5 0  0 0  0
    78  0.6674075816691311E-04   5   4 0  0 1  0 0  0
    79  0.7514244966495549E-04   5   3 1  0 1  0 0  0
    80  -.1722128307897400E-04   5   2 2  0 1  0 0  0
    81  -.5111882817997309E-04   5   1 3  0 1  0 0  0
    82  0.4302986706196099E-02   5   0 4  0 1  0 0  0
    83  0.1360739430305370E-06   5   3 0  1 1  0 0  0
    84  -.2371120377143816E-04   5   2 1  1 1  0 0  0
    85  -.1330394497831098E-05   5   1 2  1 1  0 0  0
    86  0.2207259499125153E-04   5   0 3  1 1  0 0  0
    87  0.1287249061341327E-03   5   2 0  2 1  0 0  0
    88  0.7494413934464318E-04   5   1 1  2 1  0 0  0
    89  -.2284769218611398E-04   5   0 2  2 1  0 0  0
    90  0.1360739430305226E-06   5   1 0  3 1  0 0  0
    91  -.2370341601295336E-04   5   0 1  3 1  0 0  0
    92  0.6198414796721977E-04   5   0 0  4 1  0 0  0
    93  0.2310778903905168E-04   5   3 0  0 2  0 0  0
    94  0.5291072975548577E-05   5   2 1  0 2  0 0  0
    95  -.1645995655870656E-04   5   1 2  0 2  0 0  0
    96  0.2720544201525211E-01   5   0 3  0 2  0 0  0
    97  -.3560536524551442E-04   5   2 0  1 2  0 0  0
    98  -.1800815683998566E-06   5   1 1  1 2  0 0  0
    99  0.7938293243402824E-04   5   0 2  1 2  0 0  0
   100  0.2310389515980925E-04   5   1 0  2 2  0 0  0
   101  0.4070718609590518E-05   5   0 1  2 2  0 0  0
   102  -.3570452040567063E-04   5   0 0  3 2  0 0  0
   103  -.1903672559188741E-04   5   2 0  0 3  0 0  0
   104  -.5111882817997309E-04   5   1 1  0 3  0 0  0
   105  0.8605973412392196E-02   5   0 2  0 3  0 0  0
   106  0.3701047446950406E-06   5   1 0  1 3  0 0  0
   107  0.2207259499125152E-04   5   0 1  1 3  0 0  0
   108  -.2103224967320056E-04   5   0 0  2 3  0 0  0
   109  -.1926627577497905E-04   5   1 0  0 4  0 0  0
   110  0.1360272100762606E-01   5   0 1  0 4  0 0  0
   111  0.1413205212702757E-04   5   0 0  1 4  0 0  0
   112  0.4302986706196099E-02   5   0 0  0 5  0 0  0
   113  0.8524051272097443E-05   5   3 0  0 0  0 2  0
   114  0.9232748773225720E-05   5   2 1  0 0  0 2  0
   115  -.7088024914623927E-07   5   1 2  0 0  0 2  0
   116  0.5216559781501739E-01   5   0 3  0 0  0 2  0
   117  -.3804726288877699E-04   5   2 0  1 0  0 2  0
   118  -.2914980173713347E-05   5   1 1  1 0  0 2  0
   119  0.1510065685182737E-03   5   0 2  1 0  0 2  0
   120  0.8524051272097499E-05   5   1 0  2 0  0 2  0
   121  0.9375652843156549E-05   5   0 1  2 0  0 2  0
   122  -.3804726288877701E-04   5   0 0  3 0  0 2  0
   123  -.2803539027529904E-04   5   2 0  0 1  0 2  0
   124  -.9616188853024842E-04   5   1 1  0 1  0 2  0
   125  0.2075744752500525E-01   5   0 2  0 1  0 2  0
   126  -.1429040699307858E-06   5   1 0  1 1  0 2  0
   127  0.5300045500182752E-04   5   0 1  1 1  0 2  0
   128  -.3095037044901235E-04   5   0 0  2 1  0 2  0
   129  -.5307133525097379E-04   5   1 0  0 2  0 2  0
   130  0.5216559781501739E-01   5   0 1  0 2  0 2  0
   131  0.5484467998802528E-04   5   0 0  1 2  0 2  0
   132  0.2075744752500525E-01   5   0 0  0 3  0 2  0
   133  -.4277770915542216E-05   5   1 0  0 0  0 4  0
   134  0.1226772282449733E-01   5   0 1  0 0  0 4  0
   135  0.1248333101527876E-04   5   0 0  1 0  0 4  0
   136  0.6621708460420527E-02   5   0 0  0 1  0 4  0
   --------------------------------------------------
     I  COEFFICIENT            ORDER EXPONENTS
     1  -.2201457106949899E-03   1   1 0  0 0  0 0  0
     2  0.9736852811324178       1   0 1  0 0  0 0  0
     3  0.1920105208603737E-02   1   0 0  1 0  0 0  0
     4  0.2279093038271680       1   0 0  0 1  0 0  0
     5  0.1487374931014329E-03   2   1 0  0 0  0 1  0
     6  0.3571462715287959E-01   2   0 1  0 0  0 1  0
     7  0.2290204881495573E-04   2   0 0  1 0  0 1  0
     8  -.1525987125037684       2   0 0  0 1  0 1  0
     9  0.4581079871197456E-03   3   3 0  0 0  0 0  0
    10  0.2717809046900812E-03   3   2 1  0 0  0 0  0
    11  -.1020470266342568E-03   3   1 2  0 0  0 0  0
    12  -.2619860964710352E-01   3   0 3  0 0  0 0  0
    13  -.4044141728396121E-02   3   2 0  1 0  0 0  0
    14  -.1576440506923485E-03   3   1 1  1 0  0 0  0
    15  -.6984299965112690E-04   3   0 2  1 0  0 0  0
    16  0.4581079871197473E-03   3   1 0  2 0  0 0  0
    17  0.2720628068176628E-03   3   0 1  2 0  0 0  0
    18  -.4044141728396121E-02   3   0 0  3 0  0 0  0
    19  -.1136378401197774E-02   3   2 0  0 1  0 0  0
    20  0.1983477500377143E-04   3   1 1  0 1  0 0  0
    21  0.1119393814422770       3   0 2  0 1  0 0  0
    22  -.2819021275813584E-06   3   1 0  1 1  0 0  0
    23  0.2251386040582431E-03   3   0 1  1 1  0 0  0
    24  -.1294022451890122E-02   3   0 0  2 1  0 0  0
    25  -.3271856306925000E-03   3   1 0  0 2  0 0  0
    26  -.2619860964710352E-01   3   0 1  0 2  0 0  0
    27  -.5000822464735554E-04   3   0 0  1 2  0 0  0
    28  0.1119393814422770       3   0 0  0 3  0 0  0
    29  -.1110990177704205E-03   3   1 0  0 0  0 2  0
    30  -.3895580524363024E-01   3   0 1  0 0  0 2  0
    31  -.2503608409760898E-04   3   0 0  1 0  0 2  0
    32  0.1125621552797657       3   0 0  0 1  0 2  0
    33  -.3095342204719124E-03   4   3 0  0 0  0 1  0
    34  -.3672592312013083E-03   4   2 1  0 0  0 1  0
    35  0.2121222783626014E-03   4   1 2  0 0  0 1  0
    36  0.7111329901411734E-01   4   0 3  0 0  0 1  0
    37  -.4740175743223942E-04   4   2 0  1 0  0 1  0
    38  0.1068940583639220E-03   4   1 1  1 0  0 1  0
    39  0.1866271708749620E-03   4   0 2  1 0  0 1  0
    40  -.3095342204719153E-03   4   1 0  2 0  0 1  0
    41  -.3676205652212062E-03   4   0 1  2 0  0 1  0
    42  -.4740175743223894E-04   4   0 0  3 0  0 1  0
    43  0.7328010879869541E-03   4   2 0  0 1  0 1  0
    44  -.1195846242766560E-03   4   1 1  0 1  0 1  0
    45  -.2247919536446629       4   0 2  0 1  0 1  0
    46  0.3613340198971917E-06   4   1 0  1 1  0 1  0
    47  -.4456367535207510E-03   4   0 1  1 1  0 1  0
    48  0.8396951463508762E-03   4   0 0  2 1  0 1  0
    49  0.6577590318833521E-03   4   1 0  0 2  0 1  0
    50  0.7111329901411734E-01   4   0 1  0 2  0 1  0
    51  0.6704254659830611E-04   4   0 0  1 2  0 1  0
    52  -.2247919536446629       4   0 0  0 3  0 1  0
    53  0.8938796754191104E-04   4   1 0  0 0  0 3  0
    54  0.3995490056113862E-01   4   0 1  0 0  0 3  0
    55  0.2574295698613589E-04   4   0 0  1 0  0 3  0
    56  -.8924473162918403E-01   4   0 0  0 1  0 3  0
    57  0.4769264301068556E-03   5   5 0  0 0  0 0  0
    58  -.7399877689744756E-03   5   4 1  0 0  0 0  0
    59  0.1818072760088552E-03   5   3 2  0 0  0 0  0
    60  0.2678343996472775E-03   5   2 3  0 0  0 0  0
    61  -.7452483478488066E-04   5   1 4  0 0  0 0  0
    62  -.2608274336102278E-01   5   0 5  0 0  0 0  0
    63  -.5003913914994267E-02   5   4 0  1 0  0 0  0
    64  -.4417145310634116E-03   5   3 1  1 0  0 0  0
    65  0.1254092670168311E-03   5   2 2  1 0  0 0  0
    66  -.7588442150617219E-04   5   1 3  1 0  0 0  0
    67  -.1201198254649167E-03   5   0 4  1 0  0 0  0
    68  0.9538528602137179E-03   5   3 0  2 0  0 0  0
    69  -.1471838459628619E-02   5   2 1  2 0  0 0  0
    70  0.1832732180220043E-03   5   1 2  2 0  0 0  0
    71  0.2688291622850361E-03   5   0 3  2 0  0 0  0
    72  -.1000782782998854E-01   5   2 0  3 0  0 0  0
    73  -.4417145310634117E-03   5   1 1  3 0  0 0  0
    74  0.1373071707551010E-03   5   0 2  3 0  0 0  0
    75  0.4769264301068586E-03   5   1 0  4 0  0 0  0
    76  -.7318506906541434E-03   5   0 1  4 0  0 0  0
    77  -.5003913914994267E-02   5   0 0  5 0  0 0  0
    78  0.3240758292240665E-02   5   4 0  0 1  0 0  0
    79  0.8365783487126038E-04   5   3 1  0 1  0 0  0
    80  -.5338866987452574E-03   5   2 2  0 1  0 0  0
    81  0.8781372466540781E-04   5   1 3  0 1  0 0  0
    82  0.8244858788119014E-01   5   0 4  0 1  0 0  0
    83  -.8137078320330043E-05   5   3 0  1 1  0 0  0
    84  -.5096197473695552E-03   5   2 1  1 1  0 0  0
    85  -.1397564462953739E-04   5   1 2  1 1  0 0  0
    86  0.3267476276639115E-03   5   0 3  1 1  0 0  0
    87  0.6039802053417916E-02   5   2 0  2 1  0 0  0
    88  0.5986202739472186E-04   5   1 1  2 1  0 0  0
    89  -.6098956451514343E-03   5   0 2  2 1  0 0  0
    90  -.8137078320331606E-05   5   1 0  3 1  0 0  0
    91  -.5066878633432581E-03   5   0 1  3 1  0 0  0
    92  0.2799043761177254E-02   5   0 0  4 1  0 0  0
    93  0.6899610813652615E-03   5   3 0  0 2  0 0  0
    94  0.2808152816390575E-03   5   2 1  0 2  0 0  0
    95  -.4757972972336676E-03   5   1 2  0 2  0 0  0
    96  -.5216548672204556E-01   5   0 3  0 2  0 0  0
    97  0.2209650056263620E-03   5   2 0  1 2  0 0  0
    98  -.7563537170617371E-04   5   1 1  1 2  0 0  0
    99  -.1524259262644260E-03   5   0 2  1 2  0 0  0
   100  0.6884951393521127E-03   5   1 0  2 2  0 0  0
   101  0.2558482802932552E-03   5   0 1  2 2  0 0  0
   102  0.2090671018880925E-03   5   0 0  3 2  0 0  0
   103  -.5340112236452617E-03   5   2 0  0 3  0 0  0
   104  0.8781372466540824E-04   5   1 1  0 3  0 0  0
   105  0.1648971757623802       5   0 2  0 3  0 0  0
   106  0.1198611935402348E-04   5   1 0  1 3  0 0  0
   107  0.3267476276639112E-03   5   0 1  1 3  0 0  0
   108  -.6097711202514314E-03   5   0 0  2 3  0 0  0
   109  -.4012724624487897E-03   5   1 0  0 4  0 0  0
   110  -.2608274336102278E-01   5   0 1  0 4  0 0  0
   111  -.3230610079950922E-04   5   0 0  1 4  0 0  0
   112  0.8244858788119014E-01   5   0 0  0 5  0 0  0
   113  0.2312280649890471E-03   5   3 0  0 0  0 2  0
   114  0.3984000385182890E-03   5   2 1  0 0  0 2  0
   115  -.3107518745946166E-03   5   1 2  0 0  0 2  0
   116  -.1258226805110175       5   0 3  0 0  0 2  0
   117  0.5181928473129589E-04   5   2 0  1 0  0 2  0
   118  -.8023822706090576E-04   5   1 1  1 0  0 2  0
   119  -.3278927516231033E-03   5   0 2  1 0  0 2  0
   120  0.2312280649890470E-03   5   1 0  2 0  0 2  0
   121  0.3987651472953911E-03   5   0 1  2 0  0 2  0
   122  0.5181928473129558E-04   5   0 0  3 0  0 2  0
   123  -.5115360613864064E-03   5   2 0  0 1  0 2  0
   124  0.2551406552648074E-03   5   1 1  0 1  0 2  0
   125  0.3161864867808362       5   0 2  0 1  0 2  0
   126  -.3651087771013813E-06   5   1 0  1 1  0 2  0
   127  0.6157168076991290E-03   5   0 1  1 1  0 2  0
   128  -.5917742884473125E-03   5   0 0  2 1  0 2  0
   129  -.9264686822937461E-03   5   1 0  0 2  0 2  0
   130  -.1258226805110175       5   0 1  0 2  0 2  0
   131  -.7275209635829599E-04   5   0 0  1 2  0 2  0
   132  0.3161864867808362       5   0 0  0 3  0 2  0
   133  -.7566878800937815E-04   5   1 0  0 0  0 4  0
   134  -.4013808913592762E-01   5   0 1  0 0  0 4  0
   135  -.2593081453776474E-04   5   0 0  1 0  0 4  0
   136  0.7435735907518058E-01   5   0 0  0 1  0 4  0
   --------------------------------------------------
     I  COEFFICIENT            ORDER EXPONENTS
     1  -.3631809060518466E-04   1   1 0  0 0  0 0  0
     2  -.4341218728928501E-02   1   0 1  0 0  0 0  0
     3  0.9999972212136639       1   0 0  1 0  0 0  0
     4  0.3760090845463185E-01   1   0 0  0 1  0 0  0
     5  0.2453767449365353E-04   2   1 0  0 0  0 1  0
     6  0.5891951137776170E-02   2   0 1  0 0  0 1  0
     7  0.3778118474653540E-05   2   0 0  1 0  0 1  0
     8  -.2517606100623138E-01   2   0 0  0 1  0 1  0
     9  0.7537875427070808E-04   3   3 0  0 0  0 0  0
    10  0.2133383611015865E-04   3   2 1  0 0  0 0  0
    11  -.1807219065448745E-04   3   1 2  0 0  0 0  0
    12  -.4322082779554299E-02   3   0 3  0 0  0 0  0
    13  0.5734883471794071E-05   3   2 0  1 0  0 0  0
    14  -.4897708489560647E-07   3   1 1  1 0  0 0  0
    15  -.1107999490030234E-04   3   0 2  1 0  0 0  0
    16  0.7537875427070816E-04   3   1 0  2 0  0 0  0
    17  0.1937846203620860E-04   3   0 1  2 0  0 0  0
    18  0.5734883471794045E-05   3   0 0  3 0  0 0  0
    19  0.3215800358057674E-05   3   2 0  0 1  0 0  0
    20  0.1113725083202056E-04   3   1 1  0 1  0 0  0
    21  0.1846810383654230E-01   3   0 2  0 1  0 0  0
    22  0.1955374073950085E-05   3   1 0  1 1  0 0  0
    23  0.3526277663393358E-04   3   0 1  1 1  0 0  0
    24  0.3166823273162062E-05   3   0 0  2 1  0 0  0
    25  -.5333496728842103E-04   3   1 0  0 2  0 0  0
    26  -.4322082779554299E-02   3   0 1  0 2  0 0  0
    27  0.5725593171821368E-07   3   0 0  1 2  0 0  0
    28  0.1846810383654230E-01   3   0 0  0 3  0 0  0
    29  -.1832835080260719E-04   3   1 0  0 0  0 2  0
    30  -.6426659718195080E-02   3   0 1  0 0  0 2  0
    31  -.4130167609511249E-05   3   0 0  1 0  0 2  0
    32  0.1857078222544384E-01   3   0 0  0 1  0 2  0
    33  -.5093197432945469E-04   4   3 0  0 0  0 1  0
    34  -.2869710712950080E-04   4   2 1  0 0  0 1  0
    35  0.3750583405766100E-04   4   1 2  0 0  0 1  0
    36  0.1173182958718517E-01   4   0 3  0 0  0 1  0
    37  -.7797385156345768E-05   4   2 0  1 0  0 1  0
    38  0.9980910641237896E-07   4   1 1  1 0  0 1  0
    39  0.3003814315202277E-04   4   0 2  1 0  0 1  0
    40  -.5093197432945475E-04   4   1 0  2 0  0 1  0
    41  -.2603499365222541E-04   4   0 1  2 0  0 1  0
    42  -.7797385156345692E-05   4   0 0  3 0  0 1  0
    43  -.6551056606846817E-05   4   2 0  0 1  0 1  0
    44  -.3010284985722212E-04   4   1 1  0 1  0 1  0
    45  -.3708692537607483E-01   4   0 2  0 1  0 1  0
    46  -.2662113477275434E-05   4   1 0  1 1  0 1  0
    47  -.6971048350584523E-04   4   0 1  1 1  0 1  0
    48  -.6451247500434424E-05   4   0 0  2 1  0 1  0
    49  0.1072163175635062E-03   4   1 0  0 2  0 1  0
    50  0.1173182958718517E-01   4   0 1  0 2  0 1  0
    51  -.6470670519932931E-07   4   0 0  1 2  0 1  0
    52  -.3708692537607483E-01   4   0 0  0 3  0 1  0
    53  0.1474662012563187E-04   4   1 0  0 0  0 3  0
    54  0.6591485345583365E-02   4   0 1  0 0  0 3  0
    55  0.4246779860208845E-05   4   0 0  1 0  0 3  0
    56  -.1472385169096523E-01   4   0 0  0 1  0 3  0
    57  0.7958869512006371E-04   5   5 0  0 0  0 0  0
    58  -.6198414796721977E-04   5   4 1  0 0  0 0  0
    59  0.3570452040567059E-04   5   3 2  0 0  0 0  0
    60  0.2103224967320056E-04   5   2 3  0 0  0 0  0
    61  -.1413205212702757E-04   5   1 4  0 0  0 0  0
    62  -.4302986706196099E-02   5   0 5  0 0  0 0  0
    63  0.5479556429576381E-05   5   4 0  1 0  0 0  0
    64  0.1360739430305227E-06   5   3 1  1 0  0 0  0
    65  0.2310389515980925E-04   5   2 2  1 0  0 0  0
    66  0.3701047446950400E-06   5   1 3  1 0  0 0  0
    67  -.1926627577497905E-04   5   0 4  1 0  0 0  0
    68  0.1591773902401274E-03   5   3 0  2 0  0 0  0
    69  -.1287249061341327E-03   5   2 1  2 0  0 0  0
    70  0.3560536524551443E-04   5   1 2  2 0  0 0  0
    71  0.1903672559188741E-04   5   0 3  2 0  0 0  0
    72  0.1095911285915277E-04   5   2 0  3 0  0 0  0
    73  0.1360739430305365E-06   5   1 1  3 0  0 0  0
    74  0.2310778903905168E-04   5   0 2  3 0  0 0  0
    75  0.7958869512006367E-04   5   1 0  4 0  0 0  0
    76  -.6674075816691311E-04   5   0 1  4 0  0 0  0
    77  0.5479556429576318E-05   5   0 0  5 0  0 0  0
    78  -.1023148166498186E-04   5   4 0  0 1  0 0  0
    79  -.2370341601295334E-04   5   3 1  0 1  0 0  0
    80  0.4070718609590518E-05   5   2 2  0 1  0 0  0
    81  0.2207259499125151E-04   5   1 3  0 1  0 0  0
    82  0.1360272100762606E-01   5   0 4  0 1  0 0  0
    83  0.4756610199693153E-05   5   3 0  1 1  0 0  0
    84  -.7494413934464320E-04   5   2 1  1 1  0 0  0
    85  0.1800815683998588E-06   5   1 2  1 1  0 0  0
    86  0.5111882817997309E-04   5   0 3  1 1  0 0  0
    87  -.2032688938693322E-04   5   2 0  2 1  0 0  0
    88  -.2371120377143816E-04   5   1 1  2 1  0 0  0
    89  0.5291072975548576E-05   5   0 2  2 1  0 0  0
    90  0.4756610199693145E-05   5   1 0  3 1  0 0  0
    91  -.7514244966495556E-04   5   0 1  3 1  0 0  0
    92  -.1009540772195134E-04   5   0 0  4 1  0 0  0
    93  0.1107478149104699E-03   5   3 0  0 2  0 0  0
    94  0.2284769218611395E-04   5   2 1  0 2  0 0  0
    95  -.7938293243402824E-04   5   1 2  0 2  0 0  0
    96  -.8605973412392196E-02   5   0 3  0 2  0 0  0
    97  -.5956269739016352E-06   5   2 0  1 2  0 0  0
    98  -.1330394497831098E-05   5   1 1  1 2  0 0  0
    99  -.1645995655870656E-04   5   0 2  1 2  0 0  0
   100  0.1108469700706262E-03   5   1 0  2 2  0 0  0
   101  0.1722128307897400E-04   5   0 1  2 2  0 0  0
   102  -.5995208531441064E-06   5   0 0  3 2  0 0  0
   103  0.4920968230853584E-05   5   2 0  0 3  0 0  0
   104  0.2207259499125153E-04   5   1 1  0 3  0 0  0
   105  0.2720544201525211E-01   5   0 2  0 3  0 0  0
   106  0.3810966594226584E-05   5   1 0  1 3  0 0  0
   107  0.5111882817997309E-04   5   0 1  1 3  0 0  0
   108  0.4440823354285538E-05   5   0 0  2 3  0 0  0
   109  -.6525088030700068E-04   5   1 0  0 4  0 0  0
   110  -.4302986706196099E-02   5   0 1  0 4  0 0  0
   111  0.2806319216272440E-05   5   0 0  1 4  0 0  0
   112  0.1360272100762606E-01   5   0 0  0 5  0 0  0
   113  0.3804726288877697E-04   5   3 0  0 0  0 2  0
   114  0.3095037044901235E-04   5   2 1  0 0  0 2  0
   115  -.5484467998802528E-04   5   1 2  0 0  0 2  0
   116  -.2075744752500525E-01   5   0 3  0 0  0 2  0
   117  0.8524051272097501E-05   5   2 0  1 0  0 2  0
   118  -.1429040699307857E-06   5   1 1  1 0  0 2  0
   119  -.5307133525097378E-04   5   0 2  1 0  0 2  0
   120  0.3804726288877699E-04   5   1 0  2 0  0 2  0
   121  0.2803539027529904E-04   5   0 1  2 0  0 2  0
   122  0.8524051272097447E-05   5   0 0  3 0  0 2  0
   123  0.9375652843156548E-05   5   2 0  0 1  0 2  0
   124  0.5300045500182754E-04   5   1 1  0 1  0 2  0
   125  0.5216559781501739E-01   5   0 2  0 1  0 2  0
   126  0.2914980173713348E-05   5   1 0  1 1  0 2  0
   127  0.9616188853024840E-04   5   0 1  1 1  0 2  0
   128  0.9232748773225720E-05   5   0 0  2 1  0 2  0
   129  -.1510065685182737E-03   5   1 0  0 2  0 2  0
   130  -.2075744752500525E-01   5   0 1  0 2  0 2  0
   131  -.7088024914623927E-07   5   0 0  1 2  0 2  0
   132  0.5216559781501739E-01   5   0 0  0 3  0 2  0
   133  -.1248333101527876E-04   5   1 0  0 0  0 4  0
   134  -.6621708460420527E-02   5   0 1  0 0  0 4  0
   135  -.4277770915542216E-05   5   0 0  1 0  0 4  0
   136  0.1226772282449733E-01   5   0 0  0 1  0 4  0
   --------------------------------------------------
     I  COEFFICIENT            ORDER EXPONENTS
     1  -.1920105208603737E-02   1   1 0  0 0  0 0  0
     2  -.2279093038271680       1   0 1  0 0  0 0  0
     3  -.2201457106949899E-03   1   0 0  1 0  0 0  0
     4  0.9736852811324178       1   0 0  0 1  0 0  0
     5  -.2290204881495573E-04   2   1 0  0 0  0 1  0
     6  0.1525987125037684       2   0 1  0 0  0 1  0
     7  0.1487374931014329E-03   2   0 0  1 0  0 1  0
     8  0.3571462715287959E-01   2   0 0  0 1  0 1  0
     9  0.4044141728396121E-02   3   3 0  0 0  0 0  0
    10  0.1294022451890122E-02   3   2 1  0 0  0 0  0
    11  0.5000822464735554E-04   3   1 2  0 0  0 0  0
    12  -.1119393814422770       3   0 3  0 0  0 0  0
    13  0.4581079871197475E-03   3   2 0  1 0  0 0  0
    14  -.2819021275813708E-06   3   1 1  1 0  0 0  0
    15  -.3271856306925000E-03   3   0 2  1 0  0 0  0
    16  0.4044141728396120E-02   3   1 0  2 0  0 0  0
    17  0.1136378401197774E-02   3   0 1  2 0  0 0  0
    18  0.4581079871197461E-03   3   0 0  3 0  0 0  0
    19  0.2720628068176628E-03   3   2 0  0 1  0 0  0
    20  0.2251386040582431E-03   3   1 1  0 1  0 0  0
    21  -.2619860964710352E-01   3   0 2  0 1  0 0  0
    22  0.1576440506923485E-03   3   1 0  1 1  0 0  0
    23  -.1983477500377143E-04   3   0 1  1 1  0 0  0
    24  0.2717809046900812E-03   3   0 0  2 1  0 0  0
    25  0.6984299965112690E-04   3   1 0  0 2  0 0  0
    26  -.1119393814422770       3   0 1  0 2  0 0  0
    27  -.1020470266342568E-03   3   0 0  1 2  0 0  0
    28  -.2619860964710352E-01   3   0 0  0 3  0 0  0
    29  0.2503608409760898E-04   3   1 0  0 0  0 2  0
    30  -.1125621552797657       3   0 1  0 0  0 2  0
    31  -.1110990177704205E-03   3   0 0  1 0  0 2  0
    32  -.3895580524363024E-01   3   0 0  0 1  0 2  0
    33  0.4740175743223893E-04   4   3 0  0 0  0 1  0
    34  -.8396951463508762E-03   4   2 1  0 0  0 1  0
    35  -.6704254659830611E-04   4   1 2  0 0  0 1  0
    36  0.2247919536446629       4   0 3  0 0  0 1  0
    37  -.3095342204719154E-03   4   2 0  1 0  0 1  0
    38  0.3613340198971855E-06   4   1 1  1 0  0 1  0
    39  0.6577590318833521E-03   4   0 2  1 0  0 1  0
    40  0.4740175743223941E-04   4   1 0  2 0  0 1  0
    41  -.7328010879869541E-03   4   0 1  2 0  0 1  0
    42  -.3095342204719126E-03   4   0 0  3 0  0 1  0
    43  -.3676205652212061E-03   4   2 0  0 1  0 1  0
    44  -.4456367535207510E-03   4   1 1  0 1  0 1  0
    45  0.7111329901411734E-01   4   0 2  0 1  0 1  0
    46  -.1068940583639219E-03   4   1 0  1 1  0 1  0
    47  0.1195846242766560E-03   4   0 1  1 1  0 1  0
    48  -.3672592312013083E-03   4   0 0  2 1  0 1  0
    49  -.1866271708749621E-03   4   1 0  0 2  0 1  0
    50  0.2247919536446629       4   0 1  0 2  0 1  0
    51  0.2121222783626014E-03   4   0 0  1 2  0 1  0
    52  0.7111329901411734E-01   4   0 0  0 3  0 1  0
    53  -.2574295698613589E-04   4   1 0  0 0  0 3  0
    54  0.8924473162918403E-01   4   0 1  0 0  0 3  0
    55  0.8938796754191104E-04   4   0 0  1 0  0 3  0
    56  0.3995490056113862E-01   4   0 0  0 1  0 3  0
    57  0.5003913914994267E-02   5   5 0  0 0  0 0  0
    58  -.2799043761177254E-02   5   4 1  0 0  0 0  0
    59  -.2090671018880926E-03   5   3 2  0 0  0 0  0
    60  0.6097711202514314E-03   5   2 3  0 0  0 0  0
    61  0.3230610079950922E-04   5   1 4  0 0  0 0  0
    62  -.8244858788119014E-01   5   0 5  0 0  0 0  0
    63  0.4769264301068585E-03   5   4 0  1 0  0 0  0
    64  -.8137078320331588E-05   5   3 1  1 0  0 0  0
    65  0.6884951393521128E-03   5   2 2  1 0  0 0  0
    66  0.1198611935402347E-04   5   1 3  1 0  0 0  0
    67  -.4012724624487897E-03   5   0 4  1 0  0 0  0
    68  0.1000782782998854E-01   5   3 0  2 0  0 0  0
    69  -.6039802053417918E-02   5   2 1  2 0  0 0  0
    70  -.2209650056263619E-03   5   1 2  2 0  0 0  0
    71  0.5340112236452617E-03   5   0 3  2 0  0 0  0
    72  0.9538528602137179E-03   5   2 0  3 0  0 0  0
    73  -.8137078320330092E-05   5   1 1  3 0  0 0  0
    74  0.6899610813652620E-03   5   0 2  3 0  0 0  0
    75  0.5003913914994266E-02   5   1 0  4 0  0 0  0
    76  -.3240758292240665E-02   5   0 1  4 0  0 0  0
    77  0.4769264301068555E-03   5   0 0  5 0  0 0  0
    78  -.7318506906541434E-03   5   4 0  0 1  0 0  0
    79  -.5066878633432577E-03   5   3 1  0 1  0 0  0
    80  0.2558482802932552E-03   5   2 2  0 1  0 0  0
    81  0.3267476276639112E-03   5   1 3  0 1  0 0  0
    82  -.2608274336102278E-01   5   0 4  0 1  0 0  0
    83  0.4417145310634118E-03   5   3 0  1 1  0 0  0
    84  -.5986202739472185E-04   5   2 1  1 1  0 0  0
    85  0.7563537170617372E-04   5   1 2  1 1  0 0  0
    86  -.8781372466540819E-04   5   0 3  1 1  0 0  0
    87  -.1471838459628619E-02   5   2 0  2 1  0 0  0
    88  -.5096197473695550E-03   5   1 1  2 1  0 0  0
    89  0.2808152816390576E-03   5   0 2  2 1  0 0  0
    90  0.4417145310634116E-03   5   1 0  3 1  0 0  0
    91  -.8365783487126023E-04   5   0 1  3 1  0 0  0
    92  -.7399877689744756E-03   5   0 0  4 1  0 0  0
    93  -.1373071707551008E-03   5   3 0  0 2  0 0  0
    94  0.6098956451514342E-03   5   2 1  0 2  0 0  0
    95  0.1524259262644260E-03   5   1 2  0 2  0 0  0
    96  -.1648971757623802       5   0 3  0 2  0 0  0
    97  0.1832732180220043E-03   5   2 0  1 2  0 0  0
    98  -.1397564462953740E-04   5   1 1  1 2  0 0  0
    99  -.4757972972336677E-03   5   0 2  1 2  0 0  0
   100  -.1254092670168311E-03   5   1 0  2 2  0 0  0
   101  0.5338866987452574E-03   5   0 1  2 2  0 0  0
   102  0.1818072760088554E-03   5   0 0  3 2  0 0  0
   103  0.2688291622850361E-03   5   2 0  0 3  0 0  0
   104  0.3267476276639115E-03   5   1 1  0 3  0 0  0
   105  -.5216548672204556E-01   5   0 2  0 3  0 0  0
   106  0.7588442150617222E-04   5   1 0  1 3  0 0  0
   107  -.8781372466540781E-04   5   0 1  1 3  0 0  0
   108  0.2678343996472775E-03   5   0 0  2 3  0 0  0
   109  0.1201198254649167E-03   5   1 0  0 4  0 0  0
   110  -.8244858788119014E-01   5   0 1  0 4  0 0  0
   111  -.7452483478488066E-04   5   0 0  1 4  0 0  0
   112  -.2608274336102278E-01   5   0 0  0 5  0 0  0
   113  -.5181928473129557E-04   5   3 0  0 0  0 2  0
   114  0.5917742884473125E-03   5   2 1  0 0  0 2  0
   115  0.7275209635829599E-04   5   1 2  0 0  0 2  0
   116  -.3161864867808362       5   0 3  0 0  0 2  0
   117  0.2312280649890471E-03   5   2 0  1 0  0 2  0
   118  -.3651087771013815E-06   5   1 1  1 0  0 2  0
   119  -.9264686822937461E-03   5   0 2  1 0  0 2  0
   120  -.5181928473129589E-04   5   1 0  2 0  0 2  0
   121  0.5115360613864064E-03   5   0 1  2 0  0 2  0
   122  0.2312280649890473E-03   5   0 0  3 0  0 2  0
   123  0.3987651472953911E-03   5   2 0  0 1  0 2  0
   124  0.6157168076991290E-03   5   1 1  0 1  0 2  0
   125  -.1258226805110175       5   0 2  0 1  0 2  0
   126  0.8023822706090576E-04   5   1 0  1 1  0 2  0
   127  -.2551406552648074E-03   5   0 1  1 1  0 2  0
   128  0.3984000385182890E-03   5   0 0  2 1  0 2  0
   129  0.3278927516231033E-03   5   1 0  0 2  0 2  0
   130  -.3161864867808362       5   0 1  0 2  0 2  0
   131  -.3107518745946166E-03   5   0 0  1 2  0 2  0
   132  -.1258226805110175       5   0 0  0 3  0 2  0
   133  0.2593081453776474E-04   5   1 0  0 0  0 4  0
   134  -.7435735907518058E-01   5   0 1  0 0  0 4  0
   135  -.7566878800937815E-04   5   0 0  1 0  0 4  0
   136  -.4013808913592762E-01   5   0 0  0 1  0 4  0
   --------------------------------------------------
     I  COEFFICIENT            ORDER EXPONENTS
     1  1.0000000000000000       1   0 0  0 0  1 0  0
     2  0.3845463487677054E-02   1   0 0  0 0  0 1  0
     3  -.1595087152209775E-07   2   2 0  0 0  0 0  0
     4  -.1913054614897051E-05   2   1 1  0 0  0 0  0
     5  -.1292817673131014E-01   2   0 2  0 0  0 0  0
     6  -.2475304081509828E-04   2   0 1  1 0  0 0  0
     7  -.1595087152209775E-07   2   0 0  2 0  0 0  0
     8  0.2475304081509828E-04   2   1 0  0 1  0 0  0
     9  -.1913054614897051E-05   2   0 0  1 1  0 0  0
    10  -.1292817673131014E-01   2   0 0  0 2  0 0  0
    11  -.3931661018608461E-02   2   0 0  0 0  0 2  0
    12  0.2405914883293312E-07   3   2 0  0 0  0 1  0
    13  0.4189450065651961E-05   3   1 1  0 0  0 1  0
    14  0.1954671493225071E-01   3   0 2  0 0  0 1  0
    15  0.3727488010811854E-04   3   0 1  1 0  0 1  0
    16  0.2405914883293312E-07   3   0 0  2 0  0 1  0
    17  -.3727488010811854E-04   3   1 0  0 1  0 1  0
    18  0.4189450065651961E-05   3   0 0  1 1  0 1  0
    19  0.1954671493225071E-01   3   0 0  0 2  0 1  0
    20  0.3768058509294900E-02   3   0 0  0 0  0 3  0
    21  0.6647434838179603E-07   4   4 0  0 0  0 0  0
    22  0.4043284092264497E-05   4   3 1  0 0  0 0  0
    23  0.1690375303438343E-06   4   2 2  0 0  0 0  0
    24  -.3817479459702611E-05   4   1 3  0 0  0 0  0
    25  -.9696164408577571E-02   4   0 4  0 0  0 0  0
    26  0.5136672744501352E-04   4   2 1  1 0  0 0  0
    27  0.1300285740523004E-05   4   1 2  1 0  0 0  0
    28  -.3700685148666184E-04   4   0 3  1 0  0 0  0
    29  0.1329486967635923E-06   4   2 0  2 0  0 0  0
    30  0.4043284092264487E-05   4   1 1  2 0  0 0  0
    31  -.1090392476469695E-06   4   0 2  2 0  0 0  0
    32  0.5136672744501351E-04   4   0 1  3 0  0 0  0
    33  0.6647434838179613E-07   4   0 0  4 0  0 0  0
    34  -.5136672744501346E-04   4   3 0  0 1  0 0  0
    35  -.1300285740522987E-05   4   2 1  0 1  0 0  0
    36  0.3700685148666183E-04   4   1 2  0 1  0 0  0
    37  0.4043284092264489E-05   4   2 0  1 1  0 0  0
    38  0.5561535559816101E-06   4   1 1  1 1  0 0  0
    39  -.3817479459702616E-05   4   0 2  1 1  0 0  0
    40  -.5136672744501351E-04   4   1 0  2 1  0 0  0
    41  0.1300285740522993E-05   4   0 1  2 1  0 0  0
    42  0.4043284092264511E-05   4   0 0  3 1  0 0  0
    43  -.1090392476469697E-06   4   2 0  0 2  0 0  0
    44  -.3817479459702617E-05   4   1 1  0 2  0 0  0
    45  -.1939232881715514E-01   4   0 2  0 2  0 0  0
    46  -.1300285740523006E-05   4   1 0  1 2  0 0  0
    47  -.3700685148666183E-04   4   0 1  1 2  0 0  0
    48  0.1690375303438343E-06   4   0 0  2 2  0 0  0
    49  0.3700685148666184E-04   4   1 0  0 3  0 0  0
    50  -.3817479459702611E-05   4   0 0  1 3  0 0  0
    51  -.9696164408577571E-02   4   0 0  0 4  0 0  0
    52  -.2935794713619364E-07   4   2 0  0 0  0 2  0
    53  -.6473501744661769E-05   4   1 1  0 0  0 2  0
    54  -.2391656787591009E-01   4   0 2  0 0  0 2  0
    55  -.4540006706525768E-04   4   0 1  1 0  0 2  0
    56  -.2935794713619364E-07   4   0 0  2 0  0 2  0
    57  0.4540006706525768E-04   4   1 0  0 1  0 2  0
    58  -.6473501744661769E-05   4   0 0  1 1  0 2  0
    59  -.2391656787591009E-01   4   0 0  0 2  0 2  0
    60  -.3542567864577323E-02   4   0 0  0 0  0 4  0
    61  -.1002638401559896E-06   5   4 0  0 0  0 1  0
    62  -.8854208104955679E-05   5   3 1  0 0  0 1  0
    63  -.4839783853976942E-06   5   2 2  0 0  0 1  0
    64  0.1355715703924649E-04   5   1 3  0 0  0 1  0
    65  0.2787813785765358E-01   5   0 4  0 0  0 1  0
    66  -.7734241340178280E-04   5   2 1  1 0  0 1  0
    67  -.2805859329345745E-05   5   1 2  1 0  0 1  0
    68  0.1060260137231445E-03   5   0 3  1 0  0 1  0
    69  -.2005276803119793E-06   5   2 0  2 0  0 1  0
    70  -.8854208104955637E-05   5   1 1  2 0  0 1  0
    71  0.3112784603389850E-06   5   0 2  2 0  0 1  0
    72  -.7734241340178280E-04   5   0 1  3 0  0 1  0
    73  -.1002638401559897E-06   5   0 0  4 0  0 1  0
    74  0.7734241340178269E-04   5   3 0  0 1  0 1  0
    75  0.2805859329345700E-05   5   2 1  0 1  0 1  0
    76  -.1060260137231445E-03   5   1 2  0 1  0 1  0
    77  -.8854208104955635E-05   5   2 0  1 1  0 1  0
    78  -.1590513691473356E-05   5   1 1  1 1  0 1  0
    79  0.1355715703924650E-04   5   0 2  1 1  0 1  0
    80  0.7734241340178281E-04   5   1 0  2 1  0 1  0
    81  -.2805859329345709E-05   5   0 1  2 1  0 1  0
    82  -.8854208104955703E-05   5   0 0  3 1  0 1  0
    83  0.3112784603389838E-06   5   2 0  0 2  0 1  0
    84  0.1355715703924650E-04   5   1 1  0 2  0 1  0
    85  0.5575627571530718E-01   5   0 2  0 2  0 1  0
    86  0.2805859329345745E-05   5   1 0  1 2  0 1  0
    87  0.1060260137231445E-03   5   0 1  1 2  0 1  0
    88  -.4839783853976942E-06   5   0 0  2 2  0 1  0
    89  -.1060260137231445E-03   5   1 0  0 3  0 1  0
    90  0.1355715703924649E-04   5   0 0  1 3  0 1  0
    91  0.2787813785765358E-01   5   0 0  0 4  0 1  0
    92  0.3352386074303949E-07   5   2 0  0 0  0 3  0
    93  0.8711400014444371E-05   5   1 1  0 0  0 3  0
    94  0.2738785576911905E-01   5   0 2  0 0  0 3  0
    95  0.5174185357965162E-04   5   0 1  1 0  0 3  0
    96  0.3352386074303949E-07   5   0 0  2 0  0 3  0
    97  -.5174185357965162E-04   5   1 0  0 1  0 3  0
    98  0.8711400014444371E-05   5   0 0  1 1  0 3  0
    99  0.2738785576911905E-01   5   0 0  0 2  0 3  0
   100  0.3319893953354099E-02   5   0 0  0 0  0 5  0
   --------------------------------------------------
     I  COEFFICIENT            ORDER EXPONENTS
     1  1.0000000000000000       1   0 0  0 0  0 1  0
     ------------------------------------------------
     ALL COMPONENTS ZERO 
     ------------------- 
     ALL COMPONENTS ZERO 
     ------------------- 
