 L    0.3793416666666671E-01
 P (  0.0000000000000000E+00,  0.0000000000000000E+00,  0.0000000000000000E+00)
 A (  0.0000000000000000E+00,  0.0000000000000000E+00,  0.0000000000000000E+00)
     I  COEFFICIENT            ORDER EXPONENTS
     1  0.9999699372049312       1   1 0  0 0  0 0  0
     2  0.7540086934542679E-01   1   0 1  0 0  0 0  0
     3  -.1194839540568513E-01   1   0 0  1 0  0 0  0
     4  0.7105764506761637E-02   1   0 0  0 1  0 0  0
     5  0.4087952200595968E-04   2   1 0  0 0  0 1  0
     6  -.5075794163728613E-01   2   0 1  0 0  0 1  0
     7  0.8093149921974926E-02   2   0 0  1 0  0 1  0
     8  -.9656337695034056E-02   2   0 0  0 1  0 1  0
     9  -.1027526731401594E-02   3   3 0  0 0  0 0  0
    10  0.6090914749498817E-03   3   2 1  0 0  0 0  0
    11  -.1153023249218435E-02   3   1 2  0 0  0 0  0
    12  0.3722385957272346E-01   3   0 3  0 0  0 0  0
    13  -.1517048113936916       3   2 0  1 0  0 0  0
    14  -.7342006213893058E-02   3   1 1  1 0  0 0  0
    15  -.1788639092729772E-01   3   0 2  1 0  0 0  0
    16  -.1027526731401591E-02   3   1 0  2 0  0 0  0
    17  0.4120674126889383E-02   3   0 1  2 0  0 0  0
    18  -.1517048113936917       3   0 0  3 0  0 0  0
    19  0.3337593020748423E-03   3   2 0  0 1  0 0  0
    20  0.1144236491823711E-01   3   1 1  0 1  0 0  0
    21  0.7074056421500829E-02   3   0 2  0 1  0 0  0
    22  -.3511582651939500E-02   3   1 0  1 1  0 0  0
    23  -.2139666267201346E-02   3   0 1  1 1  0 0  0
    24  -.7008246911818238E-02   3   0 0  2 1  0 0  0
    25  0.9866430179829111E-03   3   1 0  0 2  0 0  0
    26  0.3722385957272347E-01   3   0 1  0 2  0 0  0
    27  -.6444026009060609E-02   3   0 0  1 2  0 0  0
    28  0.7074056421500829E-02   3   0 0  0 3  0 0  0
    29  -.4469588467245766E-04   3   1 0  0 0  0 2  0
    30  0.3772290635025251E-01   3   0 1  0 0  0 2  0
    31  -.6066143156505853E-02   3   0 0  1 0  0 2  0
    32  0.1054948323824338E-01   3   0 0  0 1  0 2  0
    33  0.1434494632166579E-02   4   3 0  0 0  0 1  0
    34  -.1264402837706975E-02   4   2 1  0 0  0 1  0
    35  0.3128866220291057E-02   4   1 2  0 0  0 1  0
    36  -.7515128425920334E-01   4   0 3  0 0  0 1  0
    37  0.1031667190659313       4   2 0  1 0  0 1  0
    38  0.9327232899403846E-02   4   1 1  1 0  0 1  0
    39  0.3624711778634701E-01   4   0 2  1 0  0 1  0
    40  0.1434494632166564E-02   4   1 0  2 0  0 1  0
    41  -.8359243732938055E-02   4   0 1  2 0  0 1  0
    42  0.1031667190659313       4   0 0  3 0  0 1  0
    43  -.2409966874517246E-03   4   2 0  0 1  0 1  0
    44  -.2306446162142287E-01   4   1 1  0 1  0 1  0
    45  -.1922549705025897E-01   4   0 2  0 1  0 1  0
    46  0.7094840895231081E-02   4   1 0  1 1  0 1  0
    47  0.5806021809109435E-02   4   0 1  1 1  0 1  0
    48  0.9086236211952143E-02   4   0 0  2 1  0 1  0
    49  -.2677155588818377E-02   4   1 0  0 2  0 1  0
    50  -.7515128425920332E-01   4   0 1  0 2  0 1  0
    51  0.1318265616492416E-01   4   0 0  1 2  0 1  0
    52  -.1922549705025898E-01   4   0 0  0 3  0 1  0
    53  0.4596612986556008E-04   4   1 0  0 0  0 3  0
    54  -.3017357593606527E-01   4   0 1  0 0  0 3  0
    55  0.4900213152026983E-02   4   0 0  1 0  0 3  0
    56  -.1083961092142521E-01   4   0 0  0 1  0 3  0
    57  -.1571232305408808E-01   5   5 0  0 0  0 0  0
    58  0.1246663104144172E-01   5   4 1  0 0  0 0  0
    59  -.1465028408142269E-01   5   3 2  0 0  0 0  0
    60  -.3060955310064849E-05   5   2 3  0 0  0 0  0
    61  -.2286006127201375E-02   5   1 4  0 0  0 0  0
    62  0.2755142123937374E-01   5   0 5  0 0  0 0  0
    63  -1.619683939563030       5   4 0  1 0  0 0  0
    64  -.1544773068146092       5   3 1  1 0  0 0  0
    65  -.2346757760663354       5   2 2  1 0  0 0  0
    66  -.1394630072689726E-01   5   1 3  1 0  0 0  0
    67  -.2230883322233320E-01   5   0 4  1 0  0 0  0
    68  -.3142464610817598E-01   5   3 0  2 0  0 0  0
    69  0.1123517216522219       5   2 1  2 0  0 0  0
    70  -.9111964452306274E-02   5   1 2  2 0  0 0  0
    71  0.1057383638426908E-01   5   0 3  2 0  0 0  0
    72  -3.239367879126061       5   2 0  3 0  0 0  0
    73  -.1544773068146093       5   1 1  3 0  0 0  0
    74  -.2307414397580429       5   0 2  3 0  0 0  0
    75  -.1571232305408821E-01   5   1 0  4 0  0 0  0
    76  0.9988509061078019E-01   5   0 1  4 0  0 0  0
    77  -1.619683939563032       5   0 0  5 0  0 0  0
    78  0.6385490054435154E-01   5   4 0  0 1  0 0  0
    79  0.1430148973525166       5   3 1  0 1  0 0  0
    80  0.6196692358907300E-02   5   2 2  0 1  0 0  0
    81  0.1702686601071638E-01   5   1 3  0 1  0 0  0
    82  0.7041288390783240E-02   5   0 4  0 1  0 0  0
    83  -.8741845956933851E-01   5   3 0  1 1  0 0  0
    84  -.3023825385108519E-01   5   2 1  1 1  0 0  0
    85  -.1581057609112144E-01   5   1 2  1 1  0 0  0
    86  -.4272064767851600E-02   5   0 3  1 1  0 0  0
    87  -.2676750572590609E-01   5   2 0  2 1  0 0  0
    88  0.1351462247359316       5   1 1  2 1  0 0  0
    89  -.1397426469098860E-01   5   0 2  2 1  0 0  0
    90  -.8741845956933862E-01   5   1 0  3 1  0 0  0
    91  -.1916161459285239E-01   5   0 1  3 1  0 0  0
    92  -.9062240627025814E-01   5   0 0  4 1  0 0  0
    93  0.1004965014054613E-01   5   3 0  0 2  0 0  0
    94  0.5230617796232241E-02   5   2 1  0 2  0 0  0
    95  -.2999474865511547E-03   5   1 2  0 2  0 0  0
    96  0.5510284247874747E-01   5   0 3  0 2  0 0  0
    97  -.8772654240552624E-01   5   2 0  1 2  0 0  0
    98  -.1496988080900053E-02   5   1 1  1 2  0 0  0
    99  -.2759080043395007E-01   5   0 2  1 2  0 0  0
   100  0.4511330511429721E-02   5   1 0  2 2  0 0  0
   101  0.5340157632726794E-02   5   0 1  2 2  0 0  0
   102  -.9166087871381888E-01   5   0 0  3 2  0 0  0
   103  -.2796396409131242E-04   5   2 0  0 3  0 0  0
   104  0.1702686601071641E-01   5   1 1  0 3  0 0  0
   105  0.1408257678156650E-01   5   0 2  0 3  0 0  0
   106  -.5343218588036858E-02   5   1 0  1 3  0 0  0
   107  -.4272064767851596E-02   5   0 1  1 3  0 0  0
   108  -.7749608367989999E-02   5   0 0  2 3  0 0  0
   109  0.1986058640650221E-02   5   1 0  0 4  0 0  0
   110  0.2755142123937377E-01   5   0 1  0 4  0 0  0
   111  -.5281967211616822E-02   5   0 0  1 4  0 0  0
   112  0.7041288390783244E-02   5   0 0  0 5  0 0  0
   113  -.1619021958387689E-02   5   3 0  0 0  0 2  0
   114  0.1849705983213633E-02   5   2 1  0 0  0 2  0
   115  -.5534183732428271E-02   5   1 2  0 0  0 2  0
   116  0.1063956587927795       5   0 3  0 0  0 2  0
   117  -.7774425195740554E-01   5   2 0  1 0  0 2  0
   118  -.9310219387777458E-02   5   1 1  1 0  0 2  0
   119  -.5155190892933532E-01   5   0 2  1 0  0 2  0
   120  -.1619021958387670E-02   5   1 0  2 0  0 2  0
   121  0.1190365798942222E-01   5   0 1  2 0  0 2  0
   122  -.7774425195740557E-01   5   0 0  3 0  0 2  0
   123  -.2421340099865641E-04   5   2 0  0 1  0 2  0
   124  0.3259175911713539E-01   5   1 1  0 1  0 2  0
   125  0.3406479591341942E-01   5   0 2  0 1  0 2  0
   126  -.1005395200620858E-01   5   1 0  1 1  0 2  0
   127  -.1026895804010911E-01   5   0 1  1 1  0 2  0
   128  -.9334432788776149E-02   5   0 0  2 1  0 2  0
   129  0.4734774307680851E-02   5   1 0  0 2  0 2  0
   130  0.1063956587927795       5   0 1  0 2  0 2  0
   131  -.1896014981219995E-01   5   0 0  1 2  0 2  0
   132  0.3406479591341945E-01   5   0 0  0 3  0 2  0
   133  -.4631044124577737E-04   5   1 0  0 0  0 4  0
   134  0.2538217730889847E-01   5   0 1  0 0  0 4  0
   135  -.4165743607001103E-02   5   0 0  1 0  0 4  0
   136  0.1091038824072525E-01   5   0 0  0 1  0 4  0
   --------------------------------------------------
     I  COEFFICIENT            ORDER EXPONENTS
     1  -.3227072196125604E-01   1   1 0  0 0  0 0  0
     2  0.9999699372049313       1   0 1  0 0  0 0  0
     3  -.3138791961124897       1   0 0  1 0  0 0  0
     4  -.1194839540568515E-01   1   0 0  0 1  0 0  0
     5  0.2185549179842379E-01   2   1 0  0 0  0 1  0
     6  0.4087952200596684E-04   2   0 1  0 0  0 1  0
     7  -.2837401437993301E-02   2   0 0  1 0  0 1  0
     8  0.8093149921974949E-02   2   0 0  0 1  0 1  0
     9  -.4525903628833547       3   3 0  0 0  0 0  0
    10  -.3534151100891682E-01   3   2 1  0 0  0 0  0
    11  -.1673282132841276E-01   3   1 2  0 0  0 0  0
    12  -.2192790860725176E-04   3   0 3  0 0  0 0  0
    13  -3.974502591233229       3   2 0  1 0  0 0  0
    14  -.2859440623705845       3   1 1  1 0  0 0  0
    15  -.5216062544287725E-02   3   0 2  1 0  0 0  0
    16  -.4525903628833547       3   1 0  2 0  0 0  0
    17  0.2839706653091532E-01   3   0 1  2 0  0 0  0
    18  -3.974502591233231       3   0 0  3 0  0 0  0
    19  -.1699649662716711       3   2 0  0 1  0 0  0
    20  -.2009633936974928E-01   3   1 1  0 1  0 0  0
    21  -.6660217332751669E-02   3   0 2  0 1  0 0  0
    22  -.6373857753983213E-01   3   1 0  1 1  0 0  0
    23  0.3492442637211692E-01   3   0 1  1 1  0 0  0
    24  -.4559090286422559       3   0 0  2 1  0 0  0
    25  -.5165724770052971E-01   3   1 0  0 2  0 0  0
    26  -.2192790860722910E-04   3   0 1  0 2  0 0  0
    27  -.2531240191403704E-01   3   0 0  1 2  0 0  0
    28  -.6660217332751711E-02   3   0 0  0 3  0 0  0
    29  -.1637867716671286E-01   3   1 0  0 0  0 2  0
    30  -.4469588467245766E-04   3   0 1  0 0  0 2  0
    31  0.3104599882057744E-02   3   0 0  1 0  0 2  0
    32  -.6066143156505874E-02   3   0 0  0 1  0 2  0
    33  0.3084227522966942       4   3 0  0 0  0 1  0
    34  0.4629274388298450E-01   4   2 1  0 0  0 1  0
    35  0.3394907315560609E-01   4   1 2  0 0  0 1  0
    36  0.5935663749060023E-04   4   0 3  0 0  0 1  0
    37  -.3990851615157513E-01   4   2 0  1 0  0 1  0
    38  0.1710711950983705       4   1 1  1 0  0 1  0
    39  0.3878379153389712E-02   4   0 2  1 0  0 1  0
    40  0.3084227522966941       4   1 0  2 0  0 1  0
    41  -.3663160501592758E-01   4   0 1  2 0  0 1  0
    42  -.3990851615157533E-01   4   0 0  3 0  0 1  0
    43  0.1402441822623671       4   2 0  0 1  0 1  0
    44  0.2205153656890433E-01   4   1 1  0 1  0 1  0
    45  0.1348921743998314E-01   4   0 2  0 1  0 1  0
    46  0.8292434889891204E-01   4   1 0  1 1  0 1  0
    47  -.7102481700184937E-01   4   0 1  1 1  0 1  0
    48  0.3113153773607377       4   0 0  2 1  0 1  0
    49  0.1049738901574555       4   1 0  0 2  0 1  0
    50  0.5935663749060717E-04   4   0 1  0 2  0 1  0
    51  0.2592991572229410E-01   4   0 0  1 2  0 1  0
    52  0.1348921743998324E-01   4   0 0  0 3  0 1  0
    53  0.1322795774461392E-01   4   1 0  0 0  0 3  0
    54  0.4596612986556073E-04   4   0 1  0 0  0 3  0
    55  -.3195517870836605E-02   4   0 0  1 0  0 3  0
    56  0.4900213152027016E-02   4   0 0  0 1  0 3  0
    57  -5.546195606938857       5   5 0  0 0  0 0  0
    58  -.9048350166319692       5   4 1  0 0  0 0  0
    59  -.2917104923723122       5   3 2  0 0  0 0  0
    60  -.3615591218103287E-01   5   2 3  0 0  0 0  0
    61  -.1298046567971250E-01   5   1 4  0 0  0 0  0
    62  -.1341045786225938E-04   5   0 5  0 0  0 0  0
    63  -42.17259558135295       5   4 0  1 0  0 0  0
    64  -5.985989759885280       5   3 1  1 0  0 0  0
    65  -.4059888294559058       5   2 2  1 0  0 0  0
    66  -.1416753664460148       5   1 3  1 0  0 0  0
    67  -.5172305285667925E-02   5   0 4  1 0  0 0  0
    68  -11.09239121387771       5   3 0  2 0  0 0  0
    69  -.2721343436954988       5   2 1  2 0  0 0  0
    70  -.1597696284072678       5   1 2  2 0  0 0  0
    71  0.2987955610869013E-01   5   0 3  2 0  0 0  0
    72  -84.34519116270593       5   2 0  3 0  0 0  0
    73  -5.985989759885286       5   1 1  3 0  0 0  0
    74  -.1315846973947609       5   0 2  3 0  0 0  0
    75  -5.546195606938861       5   1 0  4 0  0 0  0
    76  0.6327006729364708       5   0 1  4 0  0 0  0
    77  -42.17259558135298       5   0 0  5 0  0 0  0
    78  -2.105296459602253       5   4 0  0 1  0 0  0
    79  -.7482585993300679       5   3 1  0 1  0 0  0
    80  -.1763888449514598       5   2 2  0 1  0 0  0
    81  -.1940634425617923E-01   5   1 3  0 1  0 0  0
    82  -.5525671936465556E-02   5   0 4  0 1  0 0  0
    83  -1.537535689568441       5   3 0  1 1  0 0  0
    84  0.3801924652883987       5   2 1  1 1  0 0  0
    85  -.1903914843213068E-01   5   1 2  1 1  0 0  0
    86  0.5349067706568656E-01   5   0 3  1 1  0 0  0
    87  -10.19658267908980       5   2 0  2 1  0 0  0
    88  -1.297066863452359       5   1 1  2 1  0 0  0
    89  -.2904203913107129       5   0 2  2 1  0 0  0
    90  -1.537535689568441       5   1 0  3 1  0 0  0
    91  0.6440741932184881       5   0 1  3 1  0 0  0
    92  -8.091286219487548       5   0 0  4 1  0 0  0
    93  -.8038438216257551       5   3 0  0 2  0 0  0
    94  -.8315223203862532E-01   5   2 1  0 2  0 0  0
    95  -.7945160842511181E-01   5   1 2  0 2  0 0  0
    96  -.2682091572448267E-04   5   0 3  0 2  0 0  0
    97  -.8798432967248292       5   2 0  1 2  0 0  0
    98  -.1969630066195381       5   1 1  1 2  0 0  0
    99  -.2975095482751559E-01   5   0 2  1 2  0 0  0
   100  -.9357846855908002       5   1 0  2 2  0 0  0
   101  0.7687587596628274E-01   5   0 1  2 2  0 0  0
   102  -1.154247428785975       5   0 0  3 2  0 0  0
   103  -.1487450248646980       5   2 0  0 3  0 0  0
   104  -.1940634425617956E-01   5   1 1  0 3  0 0  0
   105  -.1105134387293124E-01   5   0 2  0 3  0 0  0
   106  -.1130317881473153       5   1 0  1 3  0 0  0
   107  0.5349067706568674E-01   5   0 1  1 3  0 0  0
   108  -.3180642113974748       5   0 0  2 3  0 0  0
   109  -.6647114274539914E-01   5   1 0  0 4  0 0  0
   110  -.1341045786223960E-04   5   0 1  0 4  0 0  0
   111  -.2457864954184689E-01   5   0 0  1 4  0 0  0
   112  -.5525671936465588E-02   5   0 0  0 5  0 0  0
   113  -.2330657684742442       5   3 0  0 0  0 2  0
   114  -.4822702729888840E-01   5   2 1  0 0  0 2  0
   115  -.4835123972959165E-01   5   1 2  0 0  0 2  0
   116  -.1046850766823759E-03   5   0 3  0 0  0 2  0
   117  0.4396604069729663E-01   5   2 0  1 0  0 2  0
   118  -.1055626389506839       5   1 1  1 0  0 2  0
   119  0.1304253538427255E-03   5   0 2  1 0  0 2  0
   120  -.2330657684742440       5   1 0  2 0  0 2  0
   121  0.3736764948866170E-01   5   0 1  2 0  0 2  0
   122  0.4396604069729673E-01   5   0 0  3 0  0 2  0
   123  -.1306024126477691       5   2 0  0 1  0 2  0
   124  -.1692524907415144E-01   5   1 1  0 1  0 2  0
   125  -.1917108835991061E-01   5   0 2  0 1  0 2  0
   126  -.8559467678755001E-01   5   1 0  1 1  0 2  0
   127  0.1014409061041876       5   0 1  1 1  0 2  0
   128  -.2361650515984531       5   0 0  2 1  0 2  0
   129  -.1497921458337793       5   1 0  0 2  0 2  0
   130  -.1046850766822753E-03   5   0 1  0 2  0 2  0
   131  -.1679482372030870E-01   5   0 0  1 2  0 2  0
   132  -.1917108835991083E-01   5   0 0  0 3  0 2  0
   133  -.1124285872940533E-01   5   1 0  0 0  0 4  0
   134  -.4631044124577856E-04   5   0 1  0 0  0 4  0
   135  0.3222346327039481E-02   5   0 0  1 0  0 4  0
   136  -.4165743607001116E-02   5   0 0  0 1  0 4  0
   --------------------------------------------------
     I  COEFFICIENT            ORDER EXPONENTS
     1  0.1194839540568513E-01   1   1 0  0 0  0 0  0
     2  -.7105764506761639E-02   1   0 1  0 0  0 0  0
     3  0.9999699372049314       1   0 0  1 0  0 0  0
     4  0.7540086934542684E-01   1   0 0  0 1  0 0  0
     5  -.8093149921974930E-02   2   1 0  0 0  0 1  0
     6  0.9656337695034059E-02   2   0 1  0 0  0 1  0
     7  0.4087952200595979E-04   2   0 0  1 0  0 1  0
     8  -.5075794163728616E-01   2   0 0  0 1  0 1  0
     9  0.1517048113936917       3   3 0  0 0  0 0  0
    10  0.7008246911818236E-02   3   2 1  0 0  0 0  0
    11  0.6444026009060610E-02   3   1 2  0 0  0 0  0
    12  -.7074056421500832E-02   3   0 3  0 0  0 0  0
    13  -.1027526731401592E-02   3   2 0  1 0  0 0  0
    14  -.3511582651939500E-02   3   1 1  1 0  0 0  0
    15  0.9866430179829126E-03   3   0 2  1 0  0 0  0
    16  0.1517048113936918       3   1 0  2 0  0 0  0
    17  -.3337593020748391E-03   3   0 1  2 0  0 0  0
    18  -.1027526731401614E-02   3   0 0  3 0  0 0  0
    19  0.4120674126889385E-02   3   2 0  0 1  0 0  0
    20  -.2139666267201347E-02   3   1 1  0 1  0 0  0
    21  0.3722385957272348E-01   3   0 2  0 1  0 0  0
    22  0.7342006213893066E-02   3   1 0  1 1  0 0  0
    23  -.1144236491823710E-01   3   0 1  1 1  0 0  0
    24  0.6090914749498792E-03   3   0 0  2 1  0 0  0
    25  0.1788639092729772E-01   3   1 0  0 2  0 0  0
    26  -.7074056421500829E-02   3   0 1  0 2  0 0  0
    27  -.1153023249218436E-02   3   0 0  1 2  0 0  0
    28  0.3722385957272348E-01   3   0 0  0 3  0 0  0
    29  0.6066143156505856E-02   3   1 0  0 0  0 2  0
    30  -.1054948323824339E-01   3   0 1  0 0  0 2  0
    31  -.4469588467245777E-04   3   0 0  1 0  0 2  0
    32  0.3772290635025251E-01   3   0 0  0 1  0 2  0
    33  -.1031667190659314       4   3 0  0 0  0 1  0
    34  -.9086236211952141E-02   4   2 1  0 0  0 1  0
    35  -.1318265616492416E-01   4   1 2  0 0  0 1  0
    36  0.1922549705025900E-01   4   0 3  0 0  0 1  0
    37  0.1434494632166564E-02   4   2 0  1 0  0 1  0
    38  0.7094840895231082E-02   4   1 1  1 0  0 1  0
    39  -.2677155588818377E-02   4   0 2  1 0  0 1  0
    40  -.1031667190659314       4   1 0  2 0  0 1  0
    41  0.2409966874517191E-03   4   0 1  2 0  0 1  0
    42  0.1434494632166594E-02   4   0 0  3 0  0 1  0
    43  -.8359243732938063E-02   4   2 0  0 1  0 1  0
    44  0.5806021809109438E-02   4   1 1  0 1  0 1  0
    45  -.7515128425920335E-01   4   0 2  0 1  0 1  0
    46  -.9327232899403856E-02   4   1 0  1 1  0 1  0
    47  0.2306446162142286E-01   4   0 1  1 1  0 1  0
    48  -.1264402837706973E-02   4   0 0  2 1  0 1  0
    49  -.3624711778634702E-01   4   1 0  0 2  0 1  0
    50  0.1922549705025900E-01   4   0 1  0 2  0 1  0
    51  0.3128866220291059E-02   4   0 0  1 2  0 1  0
    52  -.7515128425920337E-01   4   0 0  0 3  0 1  0
    53  -.4900213152026986E-02   4   1 0  0 0  0 3  0
    54  0.1083961092142522E-01   4   0 1  0 0  0 3  0
    55  0.4596612986556011E-04   4   0 0  1 0  0 3  0
    56  -.3017357593606527E-01   4   0 0  0 1  0 3  0
    57   1.619683939563032       5   5 0  0 0  0 0  0
    58  0.9062240627025818E-01   5   4 1  0 0  0 0  0
    59  0.9166087871381882E-01   5   3 2  0 0  0 0  0
    60  0.7749608367989996E-02   5   2 3  0 0  0 0  0
    61  0.5281967211616822E-02   5   1 4  0 0  0 0  0
    62  -.7041288390783247E-02   5   0 5  0 0  0 0  0
    63  -.1571232305408793E-01   5   4 0  1 0  0 0  0
    64  -.8741845956933854E-01   5   3 1  1 0  0 0  0
    65  0.4511330511429712E-02   5   2 2  1 0  0 0  0
    66  -.5343218588036859E-02   5   1 3  1 0  0 0  0
    67  0.1986058640650223E-02   5   0 4  1 0  0 0  0
    68   3.239367879126063       5   3 0  2 0  0 0  0
    69  0.2676750572590650E-01   5   2 1  2 0  0 0  0
    70  0.8772654240552634E-01   5   1 2  2 0  0 0  0
    71  0.2796396409131431E-04   5   0 3  2 0  0 0  0
    72  -.3142464610817580E-01   5   2 0  3 0  0 0  0
    73  -.8741845956933864E-01   5   1 1  3 0  0 0  0
    74  0.1004965014054615E-01   5   0 2  3 0  0 0  0
    75   1.619683939563032       5   1 0  4 0  0 0  0
    76  -.6385490054435143E-01   5   0 1  4 0  0 0  0
    77  -.1571232305408808E-01   5   0 0  5 0  0 0  0
    78  0.9988509061078020E-01   5   4 0  0 1  0 0  0
    79  -.1916161459285240E-01   5   3 1  0 1  0 0  0
    80  0.5340157632726797E-02   5   2 2  0 1  0 0  0
    81  -.4272064767851601E-02   5   1 3  0 1  0 0  0
    82  0.2755142123937379E-01   5   0 4  0 1  0 0  0
    83  0.1544773068146096       5   3 0  1 1  0 0  0
    84  -.1351462247359315       5   2 1  1 1  0 0  0
    85  0.1496988080900075E-02   5   1 2  1 1  0 0  0
    86  -.1702686601071640E-01   5   0 3  1 1  0 0  0
    87  0.1123517216522221       5   2 0  2 1  0 0  0
    88  -.3023825385108524E-01   5   1 1  2 1  0 0  0
    89  0.5230617796232240E-02   5   0 2  2 1  0 0  0
    90  0.1544773068146098       5   1 0  3 1  0 0  0
    91  -.1430148973525167       5   0 1  3 1  0 0  0
    92  0.1246663104144172E-01   5   0 0  4 1  0 0  0
    93  0.2307414397580430       5   3 0  0 2  0 0  0
    94  0.1397426469098859E-01   5   2 1  0 2  0 0  0
    95  0.2759080043395007E-01   5   1 2  0 2  0 0  0
    96  -.1408257678156651E-01   5   0 3  0 2  0 0  0
    97  -.9111964452306234E-02   5   2 0  1 2  0 0  0
    98  -.1581057609112145E-01   5   1 1  1 2  0 0  0
    99  -.2999474865511475E-03   5   0 2  1 2  0 0  0
   100  0.2346757760663356       5   1 0  2 2  0 0  0
   101  -.6196692358907304E-02   5   0 1  2 2  0 0  0
   102  -.1465028408142271E-01   5   0 0  3 2  0 0  0
   103  0.1057383638426910E-01   5   2 0  0 3  0 0  0
   104  -.4272064767851601E-02   5   1 1  0 3  0 0  0
   105  0.5510284247874751E-01   5   0 2  0 3  0 0  0
   106  0.1394630072689728E-01   5   1 0  1 3  0 0  0
   107  -.1702686601071639E-01   5   0 1  1 3  0 0  0
   108  -.3060955310069872E-05   5   0 0  2 3  0 0  0
   109  0.2230883322233323E-01   5   1 0  0 4  0 0  0
   110  -.7041288390783251E-02   5   0 1  0 4  0 0  0
   111  -.2286006127201376E-02   5   0 0  1 4  0 0  0
   112  0.2755142123937376E-01   5   0 0  0 5  0 0  0
   113  0.7774425195740561E-01   5   3 0  0 0  0 2  0
   114  0.9334432788776149E-02   5   2 1  0 0  0 2  0
   115  0.1896014981219994E-01   5   1 2  0 0  0 2  0
   116  -.3406479591341944E-01   5   0 3  0 0  0 2  0
   117  -.1619021958387673E-02   5   2 0  1 0  0 2  0
   118  -.1005395200620858E-01   5   1 1  1 0  0 2  0
   119  0.4734774307680846E-02   5   0 2  1 0  0 2  0
   120  0.7774425195740561E-01   5   1 0  2 0  0 2  0
   121  0.2421340099866595E-04   5   0 1  2 0  0 2  0
   122  -.1619021958387706E-02   5   0 0  3 0  0 2  0
   123  0.1190365798942223E-01   5   2 0  0 1  0 2  0
   124  -.1026895804010912E-01   5   1 1  0 1  0 2  0
   125  0.1063956587927795       5   0 2  0 1  0 2  0
   126  0.9310219387777466E-02   5   1 0  1 1  0 2  0
   127  -.3259175911713539E-01   5   0 1  1 1  0 2  0
   128  0.1849705983213629E-02   5   0 0  2 1  0 2  0
   129  0.5155190892933537E-01   5   1 0  0 2  0 2  0
   130  -.3406479591341944E-01   5   0 1  0 2  0 2  0
   131  -.5534183732428274E-02   5   0 0  1 2  0 2  0
   132  0.1063956587927795       5   0 0  0 3  0 2  0
   133  0.4165743607001105E-02   5   1 0  0 0  0 4  0
   134  -.1091038824072525E-01   5   0 1  0 0  0 4  0
   135  -.4631044124577764E-04   5   0 0  1 0  0 4  0
   136  0.2538217730889848E-01   5   0 0  0 1  0 4  0
   --------------------------------------------------
     I  COEFFICIENT            ORDER EXPONENTS
     1  0.3138791961124897       1   1 0  0 0  0 0  0
     2  0.1194839540568512E-01   1   0 1  0 0  0 0  0
     3  -.3227072196125604E-01   1   0 0  1 0  0 0  0
     4  0.9999699372049315       1   0 0  0 1  0 0  0
     5  0.2837401437993300E-02   2   1 0  0 0  0 1  0
     6  -.8093149921974964E-02   2   0 1  0 0  0 1  0
     7  0.2185549179842378E-01   2   0 0  1 0  0 1  0
     8  0.4087952200595296E-04   2   0 0  0 1  0 1  0
     9   3.974502591233231       3   3 0  0 0  0 0  0
    10  0.4559090286422555       3   2 1  0 0  0 0  0
    11  0.2531240191403701E-01   3   1 2  0 0  0 0  0
    12  0.6660217332751632E-02   3   0 3  0 0  0 0  0
    13  -.4525903628833542       3   2 0  1 0  0 0  0
    14  -.6373857753983211E-01   3   1 1  1 0  0 0  0
    15  -.5165724770052965E-01   3   0 2  1 0  0 0  0
    16   3.974502591233232       3   1 0  2 0  0 0  0
    17  0.1699649662716712       3   0 1  2 0  0 0  0
    18  -.4525903628833550       3   0 0  3 0  0 0  0
    19  0.2839706653091530E-01   3   2 0  0 1  0 0  0
    20  0.3492442637211694E-01   3   1 1  0 1  0 0  0
    21  -.2192790860726162E-04   3   0 2  0 1  0 0  0
    22  0.2859440623705848       3   1 0  1 1  0 0  0
    23  0.2009633936974932E-01   3   0 1  1 1  0 0  0
    24  -.3534151100891687E-01   3   0 0  2 1  0 0  0
    25  0.5216062544287725E-02   3   1 0  0 2  0 0  0
    26  0.6660217332751682E-02   3   0 1  0 2  0 0  0
    27  -.1673282132841276E-01   3   0 0  1 2  0 0  0
    28  -.2192790860725338E-04   3   0 0  0 3  0 0  0
    29  -.3104599882057744E-02   3   1 0  0 0  0 2  0
    30  0.6066143156505891E-02   3   0 1  0 0  0 2  0
    31  -.1637867716671286E-01   3   0 0  1 0  0 2  0
    32  -.4469588467246460E-04   3   0 0  0 1  0 2  0
    33  0.3990851615157528E-01   4   3 0  0 0  0 1  0
    34  -.3113153773607375       4   2 1  0 0  0 1  0
    35  -.2592991572229403E-01   4   1 2  0 0  0 1  0
    36  -.1348921743998305E-01   4   0 3  0 0  0 1  0
    37  0.3084227522966939       4   2 0  1 0  0 1  0
    38  0.8292434889891201E-01   4   1 1  1 0  0 1  0
    39  0.1049738901574554       4   0 2  1 0  0 1  0
    40  0.3990851615157513E-01   4   1 0  2 0  0 1  0
    41  -.1402441822623672       4   0 1  2 0  0 1  0
    42  0.3084227522966945       4   0 0  3 0  0 1  0
    43  -.3663160501592754E-01   4   2 0  0 1  0 1  0
    44  -.7102481700184939E-01   4   1 1  0 1  0 1  0
    45  0.5935663749066946E-04   4   0 2  0 1  0 1  0
    46  -.1710711950983706       4   1 0  1 1  0 1  0
    47  -.2205153656890439E-01   4   0 1  1 1  0 1  0
    48  0.4629274388298450E-01   4   0 0  2 1  0 1  0
    49  -.3878379153389717E-02   4   1 0  0 2  0 1  0
    50  -.1348921743998317E-01   4   0 1  0 2  0 1  0
    51  0.3394907315560610E-01   4   0 0  1 2  0 1  0
    52  0.5935663749062782E-04   4   0 0  0 3  0 1  0
    53  0.3195517870836609E-02   4   1 0  0 0  0 3  0
    54  -.4900213152026949E-02   4   0 1  0 0  0 3  0
    55  0.1322795774461391E-01   4   0 0  1 0  0 3  0
    56  0.4596612986557114E-04   4   0 0  0 1  0 3  0
    57   42.17259558135297       5   5 0  0 0  0 0  0
    58   8.091286219487547       5   4 1  0 0  0 0  0
    59   1.154247428785973       5   3 2  0 0  0 0  0
    60  0.3180642113974746       5   2 3  0 0  0 0  0
    61  0.2457864954184685E-01   5   1 4  0 0  0 0  0
    62  0.5525671936465479E-02   5   0 5  0 0  0 0  0
    63  -5.546195606938846       5   4 0  1 0  0 0  0
    64  -1.537535689568439       5   3 1  1 0  0 0  0
    65  -.9357846855907993       5   2 2  1 0  0 0  0
    66  -.1130317881473151       5   1 3  1 0  0 0  0
    67  -.6647114274539902E-01   5   0 4  1 0  0 0  0
    68   84.34519116270592       5   3 0  2 0  0 0  0
    69   10.19658267908979       5   2 1  2 0  0 0  0
    70  0.8798432967248291       5   1 2  2 0  0 0  0
    71  0.1487450248646981       5   0 3  2 0  0 0  0
    72  -11.09239121387770       5   2 0  3 0  0 0  0
    73  -1.537535689568440       5   1 1  3 0  0 0  0
    74  -.8038438216257553       5   0 2  3 0  0 0  0
    75   42.17259558135298       5   1 0  4 0  0 0  0
    76   2.105296459602258       5   0 1  4 0  0 0  0
    77  -5.546195606938856       5   0 0  5 0  0 0  0
    78  0.6327006729364707       5   4 0  0 1  0 0  0
    79  0.6440741932184877       5   3 1  0 1  0 0  0
    80  0.7687587596628274E-01   5   2 2  0 1  0 0  0
    81  0.5349067706568677E-01   5   1 3  0 1  0 0  0
    82  -.1341045786226515E-04   5   0 4  0 1  0 0  0
    83   5.985989759885290       5   3 0  1 1  0 0  0
    84   1.297066863452359       5   2 1  1 1  0 0  0
    85  0.1969630066195382       5   1 2  1 1  0 0  0
    86  0.1940634425617963E-01   5   0 3  1 1  0 0  0
    87  -.2721343436954977       5   2 0  2 1  0 0  0
    88  0.3801924652883998       5   1 1  2 1  0 0  0
    89  -.8315223203862541E-01   5   0 2  2 1  0 0  0
    90   5.985989759885292       5   1 0  3 1  0 0  0
    91  0.7482585993300688       5   0 1  3 1  0 0  0
    92  -.9048350166319697       5   0 0  4 1  0 0  0
    93  0.1315846973947609       5   3 0  0 2  0 0  0
    94  0.2904203913107128       5   2 1  0 2  0 0  0
    95  0.2975095482751553E-01   5   1 2  0 2  0 0  0
    96  0.1105134387293116E-01   5   0 3  0 2  0 0  0
    97  -.1597696284072673       5   2 0  1 2  0 0  0
    98  -.1903914843213057E-01   5   1 1  1 2  0 0  0
    99  -.7945160842511176E-01   5   0 2  1 2  0 0  0
   100  0.4059888294559066       5   1 0  2 2  0 0  0
   101  0.1763888449514599       5   0 1  2 2  0 0  0
   102  -.2917104923723123       5   0 0  3 2  0 0  0
   103  0.2987955610869012E-01   5   2 0  0 3  0 0  0
   104  0.5349067706568661E-01   5   1 1  0 3  0 0  0
   105  -.2682091572459369E-04   5   0 2  0 3  0 0  0
   106  0.1416753664460149       5   1 0  1 3  0 0  0
   107  0.1940634425617928E-01   5   0 1  1 3  0 0  0
   108  -.3615591218103290E-01   5   0 0  2 3  0 0  0
   109  0.5172305285667925E-02   5   1 0  0 4  0 0  0
   110  0.5525671936465620E-02   5   0 1  0 4  0 0  0
   111  -.1298046567971253E-01   5   0 0  1 4  0 0  0
   112  -.1341045786227429E-04   5   0 0  0 5  0 0  0
   113  -.4396604069729670E-01   5   3 0  0 0  0 2  0
   114  0.2361650515984529       5   2 1  0 0  0 2  0
   115  0.1679482372030866E-01   5   1 2  0 0  0 2  0
   116  0.1917108835991067E-01   5   0 3  0 0  0 2  0
   117  -.2330657684742438       5   2 0  1 0  0 2  0
   118  -.8559467678755005E-01   5   1 1  1 0  0 2  0
   119  -.1497921458337792       5   0 2  1 0  0 2  0
   120  -.4396604069729662E-01   5   1 0  2 0  0 2  0
   121  0.1306024126477690       5   0 1  2 0  0 2  0
   122  -.2330657684742443       5   0 0  3 0  0 2  0
   123  0.3736764948866168E-01   5   2 0  0 1  0 2  0
   124  0.1014409061041876       5   1 1  0 1  0 2  0
   125  -.1046850766824301E-03   5   0 2  0 1  0 2  0
   126  0.1055626389506841       5   1 0  1 1  0 2  0
   127  0.1692524907415149E-01   5   0 1  1 1  0 2  0
   128  -.4822702729888842E-01   5   0 0  2 1  0 2  0
   129  -.1304253538427276E-03   5   1 0  0 2  0 2  0
   130  0.1917108835991074E-01   5   0 1  0 2  0 2  0
   131  -.4835123972959164E-01   5   0 0  1 2  0 2  0
   132  -.1046850766823052E-03   5   0 0  0 3  0 2  0
   133  -.3222346327039481E-02   5   1 0  0 0  0 4  0
   134  0.4165743607001098E-02   5   0 1  0 0  0 4  0
   135  -.1124285872940533E-01   5   0 0  1 0  0 4  0
   136  -.4631044124578376E-04   5   0 0  0 1  0 4  0
   --------------------------------------------------
     I  COEFFICIENT            ORDER EXPONENTS
     1  1.0000000000000000       1   0 0  0 0  1 0  0
     2  0.7690926975354118E-02   1   0 0  0 0  0 1  0
     3  -.8601614214584374E-03   2   2 0  0 0  0 0  0
     4  0.7693396023046644E-03   2   1 1  0 0  0 0  0
     5  -.2584923243312399E-01   2   0 2  0 0  0 0  0
     6  0.8119892507396965E-02   2   0 1  1 0  0 0  0
     7  -.8601614214584372E-03   2   0 0  2 0  0 0  0
     8  -.8119892507396968E-02   2   1 0  0 1  0 0  0
     9  0.7693396023046640E-03   2   0 0  1 1  0 0  0
    10  -.2584923243312399E-01   2   0 0  0 2  0 0  0
    11  -.7863322037216932E-02   2   0 0  0 0  0 2  0
    12  0.1297434361773944E-02   3   2 0  0 0  0 1  0
    13  -.1684455145955326E-02   3   1 1  0 0  0 1  0
    14  0.3907297371257562E-01   3   0 2  0 0  0 1  0
    15  -.1220907317773585E-01   3   0 1  1 0  0 1  0
    16  0.1297434361773943E-02   3   0 0  2 0  0 1  0
    17  0.1220907317773586E-01   3   1 0  0 1  0 1  0
    18  -.1684455145955326E-02   3   0 0  1 1  0 1  0
    19  0.3907297371257562E-01   3   0 0  0 2  0 1  0
    20  0.7536117018589807E-02   3   0 0  0 0  0 3  0
    21  -.2193605739634451E-01   4   4 0  0 0  0 0  0
    22  0.8812379299277756E-02   4   3 1  0 0  0 0  0
    23  -.6509438358976994E-03   4   2 2  0 0  0 0  0
    24  0.1551113959995510E-02   4   1 3  0 0  0 0  0
    25  -.1937451584414119E-01   4   0 4  0 0  0 0  0
    26  0.1035952706629245       4   2 1  1 0  0 0  0
    27  0.4684879805486126E-02   4   1 2  1 0  0 0  0
    28  0.1222598738983853E-01   4   0 3  1 0  0 0  0
    29  -.4387211479268903E-01   4   2 0  2 0  0 0  0
    30  0.8812379299277752E-02   4   1 1  2 0  0 0  0
    31  -.4240130802338033E-02   4   0 2  2 0  0 0  0
    32  0.1035952706629245       4   0 1  3 0  0 0  0
    33  -.2193605739634450E-01   4   0 0  4 0  0 0  0
    34  -.1035952706629245       4   3 0  0 1  0 0  0
    35  -.4684879805486134E-02   4   2 1  0 1  0 0  0
    36  -.1222598738983854E-01   4   1 2  0 1  0 0  0
    37  0.8812379299277747E-02   4   2 0  1 1  0 0  0
    38  0.7178373932880667E-02   4   1 1  1 1  0 0  0
    39  0.1551113959995508E-02   4   0 2  1 1  0 0  0
    40  -.1035952706629246       4   1 0  2 1  0 0  0
    41  0.4684879805486139E-02   4   0 1  2 1  0 0  0
    42  0.8812379299277764E-02   4   0 0  3 1  0 0  0
    43  -.4240130802338035E-02   4   2 0  0 2  0 0  0
    44  0.1551113959995511E-02   4   1 1  0 2  0 0  0
    45  -.3874903168828239E-01   4   0 2  0 2  0 0  0
    46  -.4684879805486131E-02   4   1 0  1 2  0 0  0
    47  0.1222598738983854E-01   4   0 1  1 2  0 0  0
    48  -.6509438358976972E-03   4   0 0  2 2  0 0  0
    49  -.1222598738983854E-01   4   1 0  0 3  0 0  0
    50  0.1551113959995510E-02   4   0 0  1 3  0 0  0
    51  -.1937451584414120E-01   4   0 0  0 4  0 0  0
    52  -.1583220596987552E-02   4   2 0  0 0  0 2  0
    53  0.2602207446199246E-02   4   1 1  0 0  0 2  0
    54  -.4779470935237032E-01   4   0 2  0 0  0 2  0
    55  0.1484480873304441E-01   4   0 1  1 0  0 2  0
    56  -.1583220596987551E-02   4   0 0  2 0  0 2  0
    57  -.1484480873304441E-01   4   1 0  0 1  0 2  0
    58  0.2602207446199243E-02   4   0 0  1 1  0 2  0
    59  -.4779470935237033E-01   4   0 0  0 2  0 2  0
    60  -.7085135729154654E-02   4   0 0  0 0  0 4  0
    61  0.3314833822758398E-01   5   4 0  0 0  0 1  0
    62  -.1938957132104231E-01   5   3 1  0 0  0 1  0
    63  0.1906049939084339E-02   5   2 2  0 0  0 1  0
    64  -.5506954001151359E-02   5   1 3  0 0  0 1  0
    65  0.5568084212207139E-01   5   0 4  0 0  0 1  0
    66  -.1567245724044457       5   2 1  1 0  0 1  0
    67  -.9380047951243680E-02   5   1 2  1 0  0 1  0
    68  -.3497499636985847E-01   5   0 3  1 0  0 1  0
    69  0.6629667645516800E-01   5   2 0  2 0  0 1  0
    70  -.1938957132104230E-01   5   1 1  2 0  0 1  0
    71  0.1212370105737619E-01   5   0 2  2 0  0 1  0
    72  -.1567245724044457       5   0 1  3 0  0 1  0
    73  0.3314833822758400E-01   5   0 0  4 0  0 1  0
    74  0.1567245724044457       5   3 0  0 1  0 1  0
    75  0.9380047951243697E-02   5   2 1  0 1  0 1  0
    76  0.3497499636985847E-01   5   1 2  0 1  0 1  0
    77  -.1938957132104229E-01   5   2 0  1 1  0 1  0
    78  -.2043530223658369E-01   5   1 1  1 1  0 1  0
    79  -.5506954001151348E-02   5   0 2  1 1  0 1  0
    80  0.1567245724044458       5   1 0  2 1  0 1  0
    81  -.9380047951243704E-02   5   0 1  2 1  0 1  0
    82  -.1938957132104231E-01   5   0 0  3 1  0 1  0
    83  0.1212370105737621E-01   5   2 0  0 2  0 1  0
    84  -.5506954001151369E-02   5   1 1  0 2  0 1  0
    85  0.1113616842441428       5   0 2  0 2  0 1  0
    86  0.9380047951243694E-02   5   1 0  1 2  0 1  0
    87  -.3497499636985847E-01   5   0 1  1 2  0 1  0
    88  0.1906049939084333E-02   5   0 0  2 2  0 1  0
    89  0.3497499636985850E-01   5   1 0  0 3  0 1  0
    90  -.5506954001151356E-02   5   0 0  1 3  0 1  0
    91  0.5568084212207140E-01   5   0 0  0 4  0 1  0
    92  0.1807925482574918E-02   5   2 0  0 0  0 3  0
    93  -.3500934961478752E-02   5   1 1  0 0  0 3  0
    94  0.5471575580457731E-01   5   0 2  0 0  0 3  0
    95  -.1688779639686936E-01   5   0 1  1 0  0 3  0
    96  0.1807925482574917E-02   5   0 0  2 0  0 3  0
    97  0.1688779639686937E-01   5   1 0  0 1  0 3  0
    98  -.3500934961478750E-02   5   0 0  1 1  0 3  0
    99  0.5471575580457732E-01   5   0 0  0 2  0 3  0
   100  0.6639787906708204E-02   5   0 0  0 0  0 5  0
   --------------------------------------------------
     I  COEFFICIENT            ORDER EXPONENTS
     1  1.0000000000000000       1   0 0  0 0  0 1  0
     ------------------------------------------------
     ALL COMPONENTS ZERO 
     ------------------- 
     ALL COMPONENTS ZERO 
     ------------------- 
