 L    0.3793416666666660E-01
 P (  0.0000000000000000E+00,  0.0000000000000000E+00,  0.0000000000000000E+00)
 A (  0.0000000000000000E+00,  0.0000000000000000E+00,  0.0000000000000000E+00)
     I  COEFFICIENT            ORDER EXPONENTS
     1  0.9999916203177058       1   1 0  0 0  0 0  0
     2  0.7550958851801727E-01   1   0 1  0 0  0 0  0
     3  0.8609526524450104E-02   1   0 0  1 0  0 0  0
     4  0.6501859425725576E-02   1   0 0  0 1  0 0  0
     5  0.1140204197693791E-04   2   1 0  0 0  0 1  0
     6  -.5097975028785734E-01   2   0 1  0 0  0 1  0
     7  -.5841008614479890E-02   2   0 0  1 0  0 1  0
     8  -.8842743594654113E-02   2   0 0  0 1  0 1  0
     9  -.7652549997860819E-04   3   3 0  0 0  0 0  0
    10  0.1131451296828880E-02   3   2 1  0 0  0 0  0
    11  0.7271683231174358E-03   3   1 2  0 0  0 0  0
    12  0.3740339066495242E-01   3   0 3  0 0  0 0  0
    13  0.1824096356221687       3   2 0  1 0  0 0  0
    14  0.9552518562241003E-02   3   1 1  1 0  0 0  0
    15  0.1299333184084683E-01   3   0 2  1 0  0 0  0
    16  -.7652549997859713E-04   3   1 0  2 0  0 0  0
    17  0.1488795854640898E-02   3   0 1  2 0  0 0  0
    18  0.1824096356221686       3   0 0  3 0  0 0  0
    19  0.5450054237326162E-03   3   2 0  0 1  0 0  0
    20  -.8128790062265577E-02   3   1 1  0 1  0 0  0
    21  0.6496847557750660E-02   3   0 2  0 1  0 0  0
    22  -.3573445578120149E-03   3   1 0  1 1  0 0  0
    23  0.1453231014442335E-02   3   0 1  1 1  0 0  0
    24  0.1009752398597361E-01   3   0 0  2 1  0 0  0
    25  -.7260626913248983E-03   3   1 0  0 2  0 0  0
    26  0.3740339066495243E-01   3   0 1  0 2  0 0  0
    27  0.4864541778581256E-02   3   0 0  1 2  0 0  0
    28  0.6496847557750656E-02   3   0 0  0 3  0 0  0
    29  -.1247647148671044E-04   3   1 0  0 0  0 2  0
    30  0.3804091720101553E-01   3   0 1  0 0  0 2  0
    31  0.4387730528785253E-02   3   0 0  1 0  0 2  0
    32  0.9670296967379352E-02   3   0 0  0 1  0 2  0
    33  0.9524007404381613E-04   4   3 0  0 0  0 1  0
    34  -.2314979521671728E-02   4   2 1  0 0  0 1  0
    35  -.1975752814136399E-02   4   1 2  0 0  0 1  0
    36  -.7576170158049587E-01   4   0 3  0 0  0 1  0
    37  -.1238911111102214       4   2 0  1 0  0 1  0
    38  -.1315431073120648E-01   4   1 1  1 0  0 1  0
    39  -.2639194068070988E-01   4   0 2  1 0  0 1  0
    40  0.9524007404381613E-04   4   1 0  2 0  0 1  0
    41  -.3022540132306514E-02   4   0 1  2 0  0 1  0
    42  -.1238911111102214       4   0 0  3 0  0 1  0
    43  -.7525725203153790E-03   4   2 0  0 1  0 1  0
    44  0.1642900749207792E-01   4   1 1  0 1  0 1  0
    45  -.1767236890094720E-01   4   0 2  0 1  0 1  0
    46  0.7075606106347839E-03   4   1 0  1 1  0 1  0
    47  -.3948114306010725E-02   4   0 1  1 1  0 1  0
    48  -.1390688325152185E-01   4   0 0  2 1  0 1  0
    49  0.1972361491874321E-02   4   1 0  0 2  0 1  0
    50  -.7576170158049585E-01   4   0 1  0 2  0 1  0
    51  -.9962933188631944E-02   4   0 0  1 2  0 1  0
    52  -.1767236890094718E-01   4   0 0  0 3  0 1  0
    53  0.1284264972231241E-04   4   1 0  0 0  0 3  0
    54  -.3057102195357559E-01   4   0 1  0 0  0 3  0
    55  -.3553359630125861E-02   4   0 0  1 0  0 3  0
    56  -.9947480575656238E-02   4   0 0  0 1  0 3  0
    57  -.1927139768556578E-02   5   5 0  0 0  0 0  0
    58  0.4300294462279481E-01   5   4 1  0 0  0 0  0
    59  0.1804743622667511E-01   5   3 2  0 0  0 0  0
    60  0.2956244672408378E-02   5   2 3  0 0  0 0  0
    61  0.1486521481033652E-02   5   1 4  0 0  0 0  0
    62  0.2779638615181339E-01   5   0 5  0 0  0 0  0
    63   1.382634561046476       5   4 0  1 0  0 0  0
    64  0.1535670903682011       5   3 1  1 0  0 0  0
    65  0.2806465548068300       5   2 2  1 0  0 0  0
    66  0.1953576166690818E-01   5   1 3  1 0  0 0  0
    67  0.1634470339934801E-01   5   0 4  1 0  0 0  0
    68  -.3854279537112960E-02   5   3 0  2 0  0 0  0
    69  0.1287467429640480       5   2 1  2 0  0 0  0
    70  0.2078410431802045E-01   5   1 2  2 0  0 0  0
    71  0.3744383359751532E-02   5   0 3  2 0  0 0  0
    72   2.765269122092952       5   2 0  3 0  0 0  0
    73  0.1535670903682011       5   1 1  3 0  0 0  0
    74  0.2745992401633538       5   0 2  3 0  0 0  0
    75  -.1927139768556652E-02   5   1 0  4 0  0 0  0
    76  0.8574379834125323E-01   5   0 1  4 0  0 0  0
    77   1.382634561046477       5   0 0  5 0  0 0  0
    78  -.9408845740639460E-01   5   4 0  0 1  0 0  0
    79  -.1745328187785824       5   3 1  0 1  0 0  0
    80  -.8173301006358257E-02   5   2 2  0 1  0 0  0
    81  -.1219416827463892E-01   5   1 3  0 1  0 0  0
    82  0.6492781134792128E-02   5   0 4  0 1  0 0  0
    83  -.4274085371845845E-01   5   3 0  1 1  0 0  0
    84  0.3076308273035932E-01   5   2 1  1 1  0 0  0
    85  -.5347926076592994E-03   5   1 2  1 1  0 0  0
    86  0.2930867925063833E-02   5   0 3  1 1  0 0  0
    87  -.3460982444458727E-01   5   2 0  2 1  0 0  0
    88  -.1624381894916299       5   1 1  2 1  0 0  0
    89  0.2041970120560025E-01   5   0 2  2 1  0 0  0
    90  -.4274085371845845E-01   5   1 0  3 1  0 0  0
    91  0.3623641891305000E-01   5   0 1  3 1  0 0  0
    92  0.5947863296180662E-01   5   0 0  4 1  0 0  0
    93  -.1545231459502954E-01   5   3 0  0 2  0 0  0
    94  0.2702898592724540E-02   5   2 1  0 2  0 0  0
    95  0.4217503700347779E-04   5   1 2  0 2  0 0  0
    96  0.5559277230362680E-01   5   0 3  0 2  0 0  0
    97  0.1000664213847716       5   2 0  1 2  0 0  0
    98  0.1421280576807567E-02   5   1 1  1 2  0 0  0
    99  0.2049523852405714E-01   5   0 2  1 2  0 0  0
   100  -.1818898268637485E-01   5   1 0  2 2  0 0  0
   101  0.3997729439435372E-02   5   0 1  2 2  0 0  0
   102  0.1061137360282477       5   0 0  3 2  0 0  0
   103  0.8839395386920476E-03   5   2 0  0 3  0 0  0
   104  -.1219416827463893E-01   5   1 1  0 3  0 0  0
   105  0.1298556226958427E-01   5   0 2  0 3  0 0  0
   106  -.1041484767026987E-02   5   1 0  1 3  0 0  0
   107  0.2930867925063832E-02   5   0 1  1 3  0 0  0
   108  0.1136246066054991E-01   5   0 0  2 3  0 0  0
   109  -.1444346444030172E-02   5   1 0  0 4  0 0  0
   110  0.2779638615181337E-01   5   0 1  0 4  0 0  0
   111  0.4150535124709111E-02   5   0 0  1 4  0 0  0
   112  0.6492781134792129E-02   5   0 0  0 5  0 0  0
   113  -.9214216252838130E-04   5   3 0  0 0  0 2  0
   114  0.3330232928802108E-02   5   2 1  0 0  0 2  0
   115  0.3499716909475805E-02   5   1 2  0 0  0 2  0
   116  0.1076858338964318       5   0 3  0 0  0 2  0
   117  0.9320645452580871E-01   5   2 0  1 0  0 2  0
   118  0.1460495244225641E-01   5   1 1  1 0  0 2  0
   119  0.3763930179926745E-01   5   0 2  1 0  0 2  0
   120  -.9214216252836221E-04   5   1 0  2 0  0 2  0
   121  0.4308131759664957E-02   5   0 1  2 0  0 2  0
   122  0.9320645452580863E-01   5   0 0  3 0  0 2  0
   123  0.8390887853050120E-03   5   2 0  0 1  0 2  0
   124  -.2329029689354493E-01   5   1 1  0 1  0 2  0
   125  0.3134476111572123E-01   5   0 2  0 1  0 2  0
   126  -.9778988308628506E-03   5   1 0  1 1  0 2  0
   127  0.6992634405638617E-02   5   0 1  1 1  0 2  0
   128  0.1544404122756141E-01   5   0 0  2 1  0 2  0
   129  -.3492917496162804E-02   5   1 0  0 2  0 2  0
   130  0.1076858338964319       5   0 1  0 2  0 2  0
   131  0.1434900490572252E-01   5   0 0  1 2  0 2  0
   132  0.3134476111572127E-01   5   0 0  0 3  0 2  0
   133  -.1295133227425312E-04   5   1 0  0 0  0 4  0
   134  0.2584626537991465E-01   5   0 1  0 0  0 4  0
   135  0.3028830474121427E-02   5   0 0  1 0  0 4  0
   136  0.1002452759060316E-01   5   0 0  0 1  0 4  0
   --------------------------------------------------
     I  COEFFICIENT            ORDER EXPONENTS
     1  0.1829611383933254E-01   1   1 0  0 0  0 0  0
     2  0.9999916203177058       1   0 1  0 0  0 0  0
     3  0.2264606433977009       1   0 0  1 0  0 0  0
     4  0.8609526524450101E-02   1   0 0  0 1  0 0  0
     5  -.1241328075937668E-01   2   1 0  0 0  0 1  0
     6  0.1140204197693298E-04   2   0 1  0 0  0 1  0
     7  0.1399574510795479E-02   2   0 0  1 0  0 1  0
     8  -.5841008614479878E-02   2   0 0  0 1  0 1  0
     9  0.3711519712027121       3   3 0  0 0  0 0  0
    10  0.2741934530857644E-01   3   2 1  0 0  0 0  0
    11  0.9336655696912236E-02   3   1 2  0 0  0 0  0
    12  -.2495880352414804E-04   3   0 3  0 0  0 0  0
    13   4.795448748830159       3   2 0  1 0  0 0  0
    14  0.3643167709258543       3   1 1  1 0  0 0  0
    15  0.8194123548313581E-02   3   0 2  1 0  0 0  0
    16  0.3711519712027123       3   1 0  2 0  0 0  0
    17  -.2960470285907046E-01   3   0 1  2 0  0 0  0
    18   4.795448748830159       3   0 0  3 0  0 0  0
    19  0.1781457940612384       3   2 0  0 1  0 0  0
    20  0.2419318309542822E-01   3   1 1  0 1  0 0  0
    21  0.5092139414765971E-02   3   0 2  0 1  0 0  0
    22  0.5702404816764694E-01   3   1 0  1 1  0 0  0
    23  -.2084205224310599E-01   3   0 1  1 1  0 0  0
    24  0.5424625649870926       3   0 0  2 1  0 0  0
    25  0.3017870794001822E-01   3   1 0  0 2  0 0  0
    26  -.2495880352415547E-04   3   0 1  0 2  0 0  0
    27  0.3238730664374179E-01   3   0 0  1 2  0 0  0
    28  0.5092139414765981E-02   3   0 0  0 3  0 0  0
    29  0.9325342942172651E-02   3   1 0  0 0  0 2  0
    30  -.1247647148672204E-04   3   0 1  0 0  0 2  0
    31  -.1532381779162005E-02   3   0 0  1 0  0 2  0
    32  0.4387730528785286E-02   3   0 0  0 1  0 2  0
    33  -.2523141872651695       4   3 0  0 0  0 1  0
    34  -.3772860287372526E-01   4   2 1  0 0  0 1  0
    35  -.1902677112964600E-01   4   1 2  0 0  0 1  0
    36  0.6779497520549398E-04   4   0 3  0 0  0 1  0
    37  0.2952873987778159E-01   4   2 0  1 0  0 1  0
    38  -.2466612497383967       4   1 1  1 0  0 1  0
    39  -.9887788941594672E-02   4   0 2  1 0  0 1  0
    40  -.2523141872651695       4   1 0  2 0  0 1  0
    41  0.4063528959907834E-01   4   0 1  2 0  0 1  0
    42  0.2952873987778150E-01   4   0 0  3 0  0 1  0
    43  -.1152347053566572       4   2 0  0 1  0 1  0
    44  -.2964044891282895E-01   4   1 1  0 1  0 1  0
    45  -.1033864706652460E-01   4   0 2  0 1  0 1  0
    46  -.7836389247280361E-01   4   1 0  1 1  0 1  0
    47  0.4241034241987058E-01   4   0 1  1 1  0 1  0
    48  -.3618959550950538       4   0 0  2 1  0 1  0
    49  -.6143711354951655E-01   4   1 0  0 2  0 1  0
    50  0.6779497520552000E-04   4   0 1  0 2  0 1  0
    51  -.3952823785442362E-01   4   0 0  1 2  0 1  0
    52  -.1033864706652483E-01   4   0 0  0 3  0 1  0
    53  -.7552555920787159E-02   4   1 0  0 0  0 3  0
    54  0.1284264972231837E-04   4   0 1  0 0  0 3  0
    55  0.1578430304257143E-02   4   0 0  1 0  0 3  0
    56  -.3553359630125860E-02   4   0 0  0 1  0 3  0
    57   2.079621494665837       5   5 0  0 0  0 0  0
    58  0.2503034546096939       5   4 1  0 0  0 0  0
    59  0.1881073424129441       5   3 2  0 0  0 0  0
    60  0.2669071107657726E-01   5   2 3  0 0  0 0  0
    61  0.7098578164796983E-02   5   1 4  0 0  0 0  0
    62  -.4247813925865319E-04   5   0 5  0 0  0 0  0
    63   36.21407331198520       5   4 0  1 0  0 0  0
    64   5.643546662537965       5   3 1  1 0  0 0  0
    65  0.4025604851783416       5   2 2  1 0  0 0  0
    66  0.1969039440974364       5   1 3  1 0  0 0  0
    67  0.8516493304316053E-02   5   0 4  1 0  0 0  0
    68   4.159242989331680       5   3 0  2 0  0 0  0
    69  -.1682651805188206       5   2 1  2 0  0 0  0
    70  0.1600851954924280       5   1 2  2 0  0 0  0
    71  -.3016733222834696E-01   5   0 3  2 0  0 0  0
    72   72.42814662397039       5   2 0  3 0  0 0  0
    73   5.643546662537968       5   1 1  3 0  0 0  0
    74  0.1175572690665351       5   0 2  3 0  0 0  0
    75   2.079621494665834       5   1 0  4 0  0 0  0
    76  -.4185686351285142       5   0 1  4 0  0 0  0
    77   36.21407331198519       5   0 0  5 0  0 0  0
    78   1.124688786674824       5   4 0  0 1  0 0  0
    79  0.7203315049518315       5   3 1  0 1  0 0  0
    80  0.1611401546785289       5   2 2  0 1  0 0  0
    81  0.2520019307008405E-01   5   1 3  0 1  0 0  0
    82  0.4443820903594622E-02   5   0 4  0 1  0 0  0
    83  0.6688720897382073       5   3 0  1 1  0 0  0
    84  -.4132617432199179       5   2 1  1 1  0 0  0
    85  0.2116054194673390E-01   5   1 2  1 1  0 0  0
    86  -.3189047550898647E-01   5   0 3  1 1  0 0  0
    87   7.892924235887613       5   2 0  2 1  0 0  0
    88   1.290337937175445       5   1 1  2 1  0 0  0
    89  0.3038274816397993       5   0 2  2 1  0 0  0
    90  0.6688720897382066       5   1 0  3 1  0 0  0
    91  -.4693060370609509       5   0 1  3 1  0 0  0
    92   6.768235449212792       5   0 0  4 1  0 0  0
    93  0.6293912325533788       5   3 0  0 2  0 0  0
    94  0.6238821243476757E-01   5   2 1  0 2  0 0  0
    95  0.4608763183858054E-01   5   1 2  0 2  0 0  0
    96  -.8495627851727453E-04   5   0 3  0 2  0 0  0
    97  0.8378887740183667       5   2 0  1 2  0 0  0
    98  0.3053371783697689       5   1 1  1 2  0 0  0
    99  0.4223317967871725E-01   5   0 2  1 2  0 0  0
   100  0.6574133794738953       5   1 0  2 2  0 0  0
   101  -.6586483358653690E-01   5   0 1  2 2  0 0  0
   102   1.122891990130173       5   0 0  3 2  0 0  0
   103  0.1069235375423629       5   2 0  0 3  0 0  0
   104  0.2520019307008366E-01   5   1 1  0 3  0 0  0
   105  0.8887641807189289E-02   5   0 2  0 3  0 0  0
   106  0.9255554466311415E-01   5   1 0  1 3  0 0  0
   107  -.3189047550898638E-01   5   0 1  1 3  0 0  0
   108  0.3580440987759655       5   0 0  2 3  0 0  0
   109  0.3898905367378350E-01   5   1 0  0 4  0 0  0
   110  -.4247813925864485E-04   5   0 1  0 4  0 0  0
   111  0.3371668637440062E-01   5   0 0  1 4  0 0  0
   112  0.4443820903594652E-02   5   0 0  0 5  0 0  0
   113  0.1900567379644379       5   3 0  0 0  0 2  0
   114  0.4185121426993673E-01   5   2 1  0 0  0 2  0
   115  0.2724162413458196E-01   5   1 2  0 0  0 2  0
   116  -.1200479428991007E-03   5   0 3  0 0  0 2  0
   117  -.3239572477108531E-01   5   2 0  1 0  0 2  0
   118  0.1846429018826549       5   1 1  1 0  0 2  0
   119  0.9099064087553822E-02   5   0 2  1 0  0 2  0
   120  0.1900567379644381       5   1 0  2 0  0 2  0
   121  -.4494087186141723E-01   5   0 1  2 0  0 2  0
   122  -.3239572477108518E-01   5   0 0  3 0  0 2  0
   123  0.8086815392579255E-01   5   2 0  0 1  0 2  0
   124  0.2796915162222585E-01   5   1 1  0 1  0 2  0
   125  0.1473687251089107E-01   5   0 2  0 1  0 2  0
   126  0.8679208613135406E-01   5   1 0  1 1  0 2  0
   127  -.6061422596027621E-01   5   0 1  1 1  0 2  0
   128  0.2655110558084474       5   0 0  2 1  0 2  0
   129  0.8785585009485812E-01   5   1 0  0 2  0 2  0
   130  -.1200479428991041E-03   5   0 1  0 2  0 2  0
   131  0.3706821570977963E-01   5   0 0  1 2  0 2  0
   132  0.1473687251089120E-01   5   0 0  0 3  0 2  0
   133  0.6438153277833364E-02   5   1 0  0 0  0 4  0
   134  -.1295133227426082E-04   5   0 1  0 0  0 4  0
   135  -.1592943757354291E-02   5   0 0  1 0  0 4  0
   136  0.3028830474121426E-02   5   0 0  0 1  0 4  0
   --------------------------------------------------
     I  COEFFICIENT            ORDER EXPONENTS
     1  -.8609526524450102E-02   1   1 0  0 0  0 0  0
     2  -.6501859425725576E-02   1   0 1  0 0  0 0  0
     3  0.9999916203177057       1   0 0  1 0  0 0  0
     4  0.7550958851801727E-01   1   0 0  0 1  0 0  0
     5  0.5841008614479891E-02   2   1 0  0 0  0 1  0
     6  0.8842743594654111E-02   2   0 1  0 0  0 1  0
     7  0.1140204197693743E-04   2   0 0  1 0  0 1  0
     8  -.5097975028785734E-01   2   0 0  0 1  0 1  0
     9  -.1824096356221687       3   3 0  0 0  0 0  0
    10  -.1009752398597362E-01   3   2 1  0 0  0 0  0
    11  -.4864541778581257E-02   3   1 2  0 0  0 0  0
    12  -.6496847557750656E-02   3   0 3  0 0  0 0  0
    13  -.7652549997859995E-04   3   2 0  1 0  0 0  0
    14  -.3573445578120146E-03   3   1 1  1 0  0 0  0
    15  -.7260626913248982E-03   3   0 2  1 0  0 0  0
    16  -.1824096356221687       3   1 0  2 0  0 0  0
    17  -.5450054237326190E-03   3   0 1  2 0  0 0  0
    18  -.7652549997860896E-04   3   0 0  3 0  0 0  0
    19  0.1488795854640896E-02   3   2 0  0 1  0 0  0
    20  0.1453231014442334E-02   3   1 1  0 1  0 0  0
    21  0.3740339066495242E-01   3   0 2  0 1  0 0  0
    22  -.9552518562241003E-02   3   1 0  1 1  0 0  0
    23  0.8128790062265577E-02   3   0 1  1 1  0 0  0
    24  0.1131451296828880E-02   3   0 0  2 1  0 0  0
    25  -.1299333184084683E-01   3   1 0  0 2  0 0  0
    26  -.6496847557750653E-02   3   0 1  0 2  0 0  0
    27  0.7271683231174364E-03   3   0 0  1 2  0 0  0
    28  0.3740339066495242E-01   3   0 0  0 3  0 0  0
    29  -.4387730528785254E-02   3   1 0  0 0  0 2  0
    30  -.9670296967379349E-02   3   0 1  0 0  0 2  0
    31  -.1247647148671020E-04   3   0 0  1 0  0 2  0
    32  0.3804091720101553E-01   3   0 0  0 1  0 2  0
    33  0.1238911111102214       4   3 0  0 0  0 1  0
    34  0.1390688325152186E-01   4   2 1  0 0  0 1  0
    35  0.9962933188631944E-02   4   1 2  0 0  0 1  0
    36  0.1767236890094718E-01   4   0 3  0 0  0 1  0
    37  0.9524007404379704E-04   4   2 0  1 0  0 1  0
    38  0.7075606106347822E-03   4   1 1  1 0  0 1  0
    39  0.1972361491874317E-02   4   0 2  1 0  0 1  0
    40  0.1238911111102214       4   1 0  2 0  0 1  0
    41  0.7525725203153876E-03   4   0 1  2 0  0 1  0
    42  0.9524007404381526E-04   4   0 0  3 0  0 1  0
    43  -.3022540132306512E-02   4   2 0  0 1  0 1  0
    44  -.3948114306010718E-02   4   1 1  0 1  0 1  0
    45  -.7576170158049585E-01   4   0 2  0 1  0 1  0
    46  0.1315431073120648E-01   4   1 0  1 1  0 1  0
    47  -.1642900749207792E-01   4   0 1  1 1  0 1  0
    48  -.2314979521671727E-02   4   0 0  2 1  0 1  0
    49  0.2639194068070987E-01   4   1 0  0 2  0 1  0
    50  0.1767236890094716E-01   4   0 1  0 2  0 1  0
    51  -.1975752814136401E-02   4   0 0  1 2  0 1  0
    52  -.7576170158049583E-01   4   0 0  0 3  0 1  0
    53  0.3553359630125861E-02   4   1 0  0 0  0 3  0
    54  0.9947480575656236E-02   4   0 1  0 0  0 3  0
    55  0.1284264972231235E-04   4   0 0  1 0  0 3  0
    56  -.3057102195357558E-01   4   0 0  0 1  0 3  0
    57  -1.382634561046477       5   5 0  0 0  0 0  0
    58  -.5947863296180692E-01   5   4 1  0 0  0 0  0
    59  -.1061137360282478       5   3 2  0 0  0 0  0
    60  -.1136246066054993E-01   5   2 3  0 0  0 0  0
    61  -.4150535124709111E-02   5   1 4  0 0  0 0  0
    62  -.6492781134792130E-02   5   0 5  0 0  0 0  0
    63  -.1927139768556673E-02   5   4 0  1 0  0 0  0
    64  -.4274085371845845E-01   5   3 1  1 0  0 0  0
    65  -.1818898268637486E-01   5   2 2  1 0  0 0  0
    66  -.1041484767026987E-02   5   1 3  1 0  0 0  0
    67  -.1444346444030172E-02   5   0 4  1 0  0 0  0
    68  -2.765269122092954       5   3 0  2 0  0 0  0
    69  0.3460982444458729E-01   5   2 1  2 0  0 0  0
    70  -.1000664213847716       5   1 2  2 0  0 0  0
    71  -.8839395386920493E-03   5   0 3  2 0  0 0  0
    72  -.3854279537113172E-02   5   2 0  3 0  0 0  0
    73  -.4274085371845846E-01   5   1 1  3 0  0 0  0
    74  -.1545231459502952E-01   5   0 2  3 0  0 0  0
    75  -1.382634561046476       5   1 0  4 0  0 0  0
    76  0.9408845740639464E-01   5   0 1  4 0  0 0  0
    77  -.1927139768556619E-02   5   0 0  5 0  0 0  0
    78  0.8574379834125320E-01   5   4 0  0 1  0 0  0
    79  0.3623641891304995E-01   5   3 1  0 1  0 0  0
    80  0.3997729439435365E-02   5   2 2  0 1  0 0  0
    81  0.2930867925063829E-02   5   1 3  0 1  0 0  0
    82  0.2779638615181339E-01   5   0 4  0 1  0 0  0
    83  -.1535670903682013       5   3 0  1 1  0 0  0
    84  0.1624381894916299       5   2 1  1 1  0 0  0
    85  -.1421280576807575E-02   5   1 2  1 1  0 0  0
    86  0.1219416827463894E-01   5   0 3  1 1  0 0  0
    87  0.1287467429640479       5   2 0  2 1  0 0  0
    88  0.3076308273035931E-01   5   1 1  2 1  0 0  0
    89  0.2702898592724546E-02   5   0 2  2 1  0 0  0
    90  -.1535670903682011       5   1 0  3 1  0 0  0
    91  0.1745328187785823       5   0 1  3 1  0 0  0
    92  0.4300294462279483E-01   5   0 0  4 1  0 0  0
    93  -.2745992401633539       5   3 0  0 2  0 0  0
    94  -.2041970120560024E-01   5   2 1  0 2  0 0  0
    95  -.2049523852405714E-01   5   1 2  0 2  0 0  0
    96  -.1298556226958426E-01   5   0 3  0 2  0 0  0
    97  0.2078410431802046E-01   5   2 0  1 2  0 0  0
    98  -.5347926076592986E-03   5   1 1  1 2  0 0  0
    99  0.4217503700348159E-04   5   0 2  1 2  0 0  0
   100  -.2806465548068300       5   1 0  2 2  0 0  0
   101  0.8173301006358267E-02   5   0 1  2 2  0 0  0
   102  0.1804743622667511E-01   5   0 0  3 2  0 0  0
   103  0.3744383359751528E-02   5   2 0  0 3  0 0  0
   104  0.2930867925063827E-02   5   1 1  0 3  0 0  0
   105  0.5559277230362679E-01   5   0 2  0 3  0 0  0
   106  -.1953576166690819E-01   5   1 0  1 3  0 0  0
   107  0.1219416827463892E-01   5   0 1  1 3  0 0  0
   108  0.2956244672408379E-02   5   0 0  2 3  0 0  0
   109  -.1634470339934801E-01   5   1 0  0 4  0 0  0
   110  -.6492781134792124E-02   5   0 1  0 4  0 0  0
   111  0.1486521481033652E-02   5   0 0  1 4  0 0  0
   112  0.2779638615181338E-01   5   0 0  0 5  0 0  0
   113  -.9320645452580871E-01   5   3 0  0 0  0 2  0
   114  -.1544404122756141E-01   5   2 1  0 0  0 2  0
   115  -.1434900490572253E-01   5   1 2  0 0  0 2  0
   116  -.3134476111572127E-01   5   0 3  0 0  0 2  0
   117  -.9214216252835831E-04   5   2 0  1 0  0 2  0
   118  -.9778988308628488E-03   5   1 1  1 0  0 2  0
   119  -.3492917496162803E-02   5   0 2  1 0  0 2  0
   120  -.9320645452580872E-01   5   1 0  2 0  0 2  0
   121  -.8390887853050202E-03   5   0 1  2 0  0 2  0
   122  -.9214216252837392E-04   5   0 0  3 0  0 2  0
   123  0.4308131759664955E-02   5   2 0  0 1  0 2  0
   124  0.6992634405638604E-02   5   1 1  0 1  0 2  0
   125  0.1076858338964318       5   0 2  0 1  0 2  0
   126  -.1460495244225641E-01   5   1 0  1 1  0 2  0
   127  0.2329029689354493E-01   5   0 1  1 1  0 2  0
   128  0.3330232928802104E-02   5   0 0  2 1  0 2  0
   129  -.3763930179926744E-01   5   1 0  0 2  0 2  0
   130  -.3134476111572127E-01   5   0 1  0 2  0 2  0
   131  0.3499716909475807E-02   5   0 0  1 2  0 2  0
   132  0.1076858338964318       5   0 0  0 3  0 2  0
   133  -.3028830474121427E-02   5   1 0  0 0  0 4  0
   134  -.1002452759060316E-01   5   0 1  0 0  0 4  0
   135  -.1295133227425281E-04   5   0 0  1 0  0 4  0
   136  0.2584626537991466E-01   5   0 0  0 1  0 4  0
   --------------------------------------------------
     I  COEFFICIENT            ORDER EXPONENTS
     1  -.2264606433977009       1   1 0  0 0  0 0  0
     2  -.8609526524450045E-02   1   0 1  0 0  0 0  0
     3  0.1829611383933255E-01   1   0 0  1 0  0 0  0
     4  0.9999916203177057       1   0 0  0 1  0 0  0
     5  -.1399574510795479E-02   2   1 0  0 0  0 1  0
     6  0.5841008614479897E-02   2   0 1  0 0  0 1  0
     7  -.1241328075937668E-01   2   0 0  1 0  0 1  0
     8  0.1140204197693645E-04   2   0 0  0 1  0 1  0
     9  -4.795448748830159       3   3 0  0 0  0 0  0
    10  -.5424625649870927       3   2 1  0 0  0 0  0
    11  -.3238730664374179E-01   3   1 2  0 0  0 0  0
    12  -.5092139414765964E-02   3   0 3  0 0  0 0  0
    13  0.3711519712027123       3   2 0  1 0  0 0  0
    14  0.5702404816764695E-01   3   1 1  1 0  0 0  0
    15  0.3017870794001823E-01   3   0 2  1 0  0 0  0
    16  -4.795448748830159       3   1 0  2 0  0 0  0
    17  -.1781457940612383       3   0 1  2 0  0 0  0
    18  0.3711519712027121       3   0 0  3 0  0 0  0
    19  -.2960470285907046E-01   3   2 0  0 1  0 0  0
    20  -.2084205224310600E-01   3   1 1  0 1  0 0  0
    21  -.2495880352413444E-04   3   0 2  0 1  0 0  0
    22  -.3643167709258543       3   1 0  1 1  0 0  0
    23  -.2419318309542820E-01   3   0 1  1 1  0 0  0
    24  0.2741934530857645E-01   3   0 0  2 1  0 0  0
    25  -.8194123548313583E-02   3   1 0  0 2  0 0  0
    26  -.5092139414765962E-02   3   0 1  0 2  0 0  0
    27  0.9336655696912237E-02   3   0 0  1 2  0 0  0
    28  -.2495880352414159E-04   3   0 0  0 3  0 0  0
    29  0.1532381779162004E-02   3   1 0  0 0  0 2  0
    30  -.4387730528785246E-02   3   0 1  0 0  0 2  0
    31  0.9325342942172656E-02   3   0 0  1 0  0 2  0
    32  -.1247647148670816E-04   3   0 0  0 1  0 2  0
    33  -.2952873987778155E-01   4   3 0  0 0  0 1  0
    34  0.3618959550950537       4   2 1  0 0  0 1  0
    35  0.3952823785442359E-01   4   1 2  0 0  0 1  0
    36  0.1033864706652473E-01   4   0 3  0 0  0 1  0
    37  -.2523141872651695       4   2 0  1 0  0 1  0
    38  -.7836389247280362E-01   4   1 1  1 0  0 1  0
    39  -.6143711354951663E-01   4   0 2  1 0  0 1  0
    40  -.2952873987778157E-01   4   1 0  2 0  0 1  0
    41  0.1152347053566572       4   0 1  2 0  0 1  0
    42  -.2523141872651694       4   0 0  3 0  0 1  0
    43  0.4063528959907837E-01   4   2 0  0 1  0 1  0
    44  0.4241034241987057E-01   4   1 1  0 1  0 1  0
    45  0.6779497520553930E-04   4   0 2  0 1  0 1  0
    46  0.2466612497383966       4   1 0  1 1  0 1  0
    47  0.2964044891282895E-01   4   0 1  1 1  0 1  0
    48  -.3772860287372523E-01   4   0 0  2 1  0 1  0
    49  0.9887788941594661E-02   4   1 0  0 2  0 1  0
    50  0.1033864706652476E-01   4   0 1  0 2  0 1  0
    51  -.1902677112964600E-01   4   0 0  1 2  0 1  0
    52  0.6779497520552368E-04   4   0 0  0 3  0 1  0
    53  -.1578430304257144E-02   4   1 0  0 0  0 3  0
    54  0.3553359630125876E-02   4   0 1  0 0  0 3  0
    55  -.7552555920787158E-02   4   0 0  1 0  0 3  0
    56  0.1284264972231317E-04   4   0 0  0 1  0 3  0
    57  -36.21407331198520       5   5 0  0 0  0 0  0
    58  -6.768235449212791       5   4 1  0 0  0 0  0
    59  -1.122891990130173       5   3 2  0 0  0 0  0
    60  -.3580440987759654       5   2 3  0 0  0 0  0
    61  -.3371668637440061E-01   5   1 4  0 0  0 0  0
    62  -.4443820903594626E-02   5   0 5  0 0  0 0  0
    63   2.079621494665836       5   4 0  1 0  0 0  0
    64  0.6688720897382064       5   3 1  1 0  0 0  0
    65  0.6574133794738950       5   2 2  1 0  0 0  0
    66  0.9255554466311412E-01   5   1 3  1 0  0 0  0
    67  0.3898905367378354E-01   5   0 4  1 0  0 0  0
    68  -72.42814662397036       5   3 0  2 0  0 0  0
    69  -7.892924235887608       5   2 1  2 0  0 0  0
    70  -.8378887740183659       5   1 2  2 0  0 0  0
    71  -.1069235375423628       5   0 3  2 0  0 0  0
    72   4.159242989331680       5   2 0  3 0  0 0  0
    73  0.6688720897382074       5   1 1  3 0  0 0  0
    74  0.6293912325533786       5   0 2  3 0  0 0  0
    75  -36.21407331198517       5   1 0  4 0  0 0  0
    76  -1.124688786674821       5   0 1  4 0  0 0  0
    77   2.079621494665839       5   0 0  5 0  0 0  0
    78  -.4185686351285141       5   4 0  0 1  0 0  0
    79  -.4693060370609508       5   3 1  0 1  0 0  0
    80  -.6586483358653690E-01   5   2 2  0 1  0 0  0
    81  -.3189047550898640E-01   5   1 3  0 1  0 0  0
    82  -.4247813925863649E-04   5   0 4  0 1  0 0  0
    83  -5.643546662537966       5   3 0  1 1  0 0  0
    84  -1.290337937175444       5   2 1  1 1  0 0  0
    85  -.3053371783697686       5   1 2  1 1  0 0  0
    86  -.2520019307008361E-01   5   0 3  1 1  0 0  0
    87  -.1682651805188199       5   2 0  2 1  0 0  0
    88  -.4132617432199180       5   1 1  2 1  0 0  0
    89  0.6238821243476761E-01   5   0 2  2 1  0 0  0
    90  -5.643546662537962       5   1 0  3 1  0 0  0
    91  -.7203315049518305       5   0 1  3 1  0 0  0
    92  0.2503034546096938       5   0 0  4 1  0 0  0
    93  -.1175572690665350       5   3 0  0 2  0 0  0
    94  -.3038274816397993       5   2 1  0 2  0 0  0
    95  -.4223317967871722E-01   5   1 2  0 2  0 0  0
    96  -.8887641807189281E-02   5   0 3  0 2  0 0  0
    97  0.1600851954924280       5   2 0  1 2  0 0  0
    98  0.2116054194673389E-01   5   1 1  1 2  0 0  0
    99  0.4608763183858051E-01   5   0 2  1 2  0 0  0
   100  -.4025604851783416       5   1 0  2 2  0 0  0
   101  -.1611401546785290       5   0 1  2 2  0 0  0
   102  0.1881073424129440       5   0 0  3 2  0 0  0
   103  -.3016733222834695E-01   5   2 0  0 3  0 0  0
   104  -.3189047550898647E-01   5   1 1  0 3  0 0  0
   105  -.8495627851727453E-04   5   0 2  0 3  0 0  0
   106  -.1969039440974363       5   1 0  1 3  0 0  0
   107  -.2520019307008401E-01   5   0 1  1 3  0 0  0
   108  0.2669071107657725E-01   5   0 0  2 3  0 0  0
   109  -.8516493304316039E-02   5   1 0  0 4  0 0  0
   110  -.4443820903594615E-02   5   0 1  0 4  0 0  0
   111  0.7098578164796985E-02   5   0 0  1 4  0 0  0
   112  -.4247813925865179E-04   5   0 0  0 5  0 0  0
   113  0.3239572477108522E-01   5   3 0  0 0  0 2  0
   114  -.2655110558084474       5   2 1  0 0  0 2  0
   115  -.3706821570977961E-01   5   1 2  0 0  0 2  0
   116  -.1473687251089115E-01   5   0 3  0 0  0 2  0
   117  0.1900567379644381       5   2 0  1 0  0 2  0
   118  0.8679208613135404E-01   5   1 1  1 0  0 2  0
   119  0.8785585009485822E-01   5   0 2  1 0  0 2  0
   120  0.3239572477108529E-01   5   1 0  2 0  0 2  0
   121  -.8086815392579245E-01   5   0 1  2 0  0 2  0
   122  0.1900567379644379       5   0 0  3 0  0 2  0
   123  -.4494087186141722E-01   5   2 0  0 1  0 2  0
   124  -.6061422596027615E-01   5   1 1  0 1  0 2  0
   125  -.1200479428990337E-03   5   0 2  0 1  0 2  0
   126  -.1846429018826548       5   1 0  1 1  0 2  0
   127  -.2796915162222579E-01   5   0 1  1 1  0 2  0
   128  0.4185121426993671E-01   5   0 0  2 1  0 2  0
   129  -.9099064087553817E-02   5   1 0  0 2  0 2  0
   130  -.1473687251089119E-01   5   0 1  0 2  0 2  0
   131  0.2724162413458197E-01   5   0 0  1 2  0 2  0
   132  -.1200479428991325E-03   5   0 0  0 3  0 2  0
   133  0.1592943757354290E-02   5   1 0  0 0  0 4  0
   134  -.3028830474121435E-02   5   0 1  0 0  0 4  0
   135  0.6438153277833367E-02   5   0 0  1 0  0 4  0
   136  -.1295133227425735E-04   5   0 0  0 1  0 4  0
   --------------------------------------------------
     I  COEFFICIENT            ORDER EXPONENTS
     1  1.0000000000000000       1   0 0  0 0  1 0  0
     2  0.7690926975354095E-02   1   0 0  0 0  0 1  0
     3  -.4462195031398425E-03   2   2 0  0 0  0 0  0
     4  -.5068588178265523E-03   2   1 1  0 0  0 0  0
     5  -.2586126887900631E-01   2   0 2  0 0  0 0  0
     6  -.5853707385146407E-02   2   0 1  1 0  0 0  0
     7  -.4462195031398426E-03   2   0 0  2 0  0 0  0
     8  0.5853707385146406E-02   2   1 0  0 1  0 0  0
     9  -.5068588178265528E-03   2   0 0  1 1  0 0  0
    10  -.2586126887900631E-01   2   0 0  0 2  0 0  0
    11  -.7863322037216909E-02   2   0 0  0 0  0 2  0
    12  0.6733260603764273E-03   3   2 0  0 0  0 1  0
    13  0.1110145214117416E-02   3   1 1  0 0  0 1  0
    14  0.3910755117294618E-01   3   0 2  0 0  0 1  0
    15  0.8811943337051457E-02   3   0 1  1 0  0 1  0
    16  0.6733260603764275E-03   3   0 0  2 0  0 1  0
    17  -.8811943337051455E-02   3   1 0  0 1  0 1  0
    18  0.1110145214117417E-02   3   0 0  1 1  0 1  0
    19  0.3910755117294618E-01   3   0 0  0 2  0 1  0
    20  0.7536117018589785E-02   3   0 0  0 0  0 3  0
    21  -.1898888980278798E-01   4   4 0  0 0  0 0  0
    22  -.1213946133098273E-01   4   3 1  0 0  0 0  0
    23  -.1542739049259252E-02   4   2 2  0 0  0 0  0
    24  -.1033166777861820E-02   4   1 3  0 0  0 0  0
    25  -.1940469214314051E-01   4   0 4  0 0  0 0  0
    26  -.1240734380059236       4   2 1  1 0  0 0  0
    27  -.6579652665895841E-02   4   1 2  1 0  0 0  0
    28  -.8875239162248872E-02   4   0 3  1 0  0 0  0
    29  -.3797777960557597E-01   4   2 0  2 0  0 0  0
    30  -.1213946133098274E-01   4   1 1  2 0  0 0  0
    31  -.1675307935553517E-02   4   0 2  2 0  0 0  0
    32  -.1240734380059236       4   0 1  3 0  0 0  0
    33  -.1898888980278798E-01   4   0 0  4 0  0 0  0
    34  0.1240734380059236       4   3 0  0 1  0 0  0
    35  0.6579652665895838E-02   4   2 1  0 1  0 0  0
    36  0.8875239162248867E-02   4   1 2  0 1  0 0  0
    37  -.1213946133098275E-01   4   2 0  1 1  0 0  0
    38  0.2651377725885245E-03   4   1 1  1 1  0 0  0
    39  -.1033166777861821E-02   4   0 2  1 1  0 0  0
    40  0.1240734380059236       4   1 0  2 1  0 0  0
    41  -.6579652665895840E-02   4   0 1  2 1  0 0  0
    42  -.1213946133098274E-01   4   0 0  3 1  0 0  0
    43  -.1675307935553516E-02   4   2 0  0 2  0 0  0
    44  -.1033166777861819E-02   4   1 1  0 2  0 0  0
    45  -.3880938428628101E-01   4   0 2  0 2  0 0  0
    46  0.6579652665895844E-02   4   1 0  1 2  0 0  0
    47  -.8875239162248865E-02   4   0 1  1 2  0 0  0
    48  -.1542739049259252E-02   4   0 0  2 2  0 0  0
    49  0.8875239162248865E-02   4   1 0  0 3  0 0  0
    50  -.1033166777861820E-02   4   0 0  1 3  0 0  0
    51  -.1940469214314051E-01   4   0 0  0 4  0 0  0
    52  -.8220083524348331E-03   4   2 0  0 0  0 2  0
    53  -.1715667549694181E-02   4   1 1  0 0  0 2  0
    54  -.4785966457802865E-01   4   0 2  0 0  0 2  0
    55  -.1072861686671314E-01   4   0 1  1 0  0 2  0
    56  -.8220083524348331E-03   4   0 0  2 0  0 2  0
    57  0.1072861686671314E-01   4   1 0  0 1  0 2  0
    58  -.1715667549694182E-02   4   0 0  1 1  0 2  0
    59  -.4785966457802866E-01   4   0 0  0 2  0 2  0
    60  -.7085135729154634E-02   4   0 0  0 0  0 4  0
    61  0.2866347582341068E-01   5   4 0  0 0  0 1  0
    62  0.2660886288247919E-01   5   3 1  0 0  0 1  0
    63  0.4441036858014960E-02   5   2 2  0 0  0 1  0
    64  0.3669813441707855E-02   5   1 3  0 0  0 1  0
    65  0.5580863693899427E-01   5   0 4  0 0  0 1  0
    66  0.1869383447859354       5   2 1  1 0  0 1  0
    67  0.1461544427591743E-01   5   1 2  1 0  0 1  0
    68  0.2542252003965080E-01   5   0 3  1 0  0 1  0
    69  0.5732695164682136E-01   5   2 0  2 0  0 1  0
    70  0.2660886288247920E-01   5   1 1  2 0  0 1  0
    71  0.4797224470411297E-02   5   0 2  2 0  0 1  0
    72  0.1869383447859354       5   0 1  3 0  0 1  0
    73  0.2866347582341068E-01   5   0 0  4 0  0 1  0
    74  -.1869383447859355       5   3 0  0 1  0 1  0
    75  -.1461544427591741E-01   5   2 1  0 1  0 1  0
    76  -.2542252003965080E-01   5   1 2  0 1  0 1  0
    77  0.2660886288247919E-01   5   2 0  1 1  0 1  0
    78  -.7123752247926606E-03   5   1 1  1 1  0 1  0
    79  0.3669813441707856E-02   5   0 2  1 1  0 1  0
    80  -.1869383447859354       5   1 0  2 1  0 1  0
    81  0.1461544427591742E-01   5   0 1  2 1  0 1  0
    82  0.2660886288247920E-01   5   0 0  3 1  0 1  0
    83  0.4797224470411292E-02   5   2 0  0 2  0 1  0
    84  0.3669813441707851E-02   5   1 1  0 2  0 1  0
    85  0.1116172738779885       5   0 2  0 2  0 1  0
    86  -.1461544427591742E-01   5   1 0  1 2  0 1  0
    87  0.2542252003965080E-01   5   0 1  1 2  0 1  0
    88  0.4441036858014961E-02   5   0 0  2 2  0 1  0
    89  -.2542252003965079E-01   5   1 0  0 3  0 1  0
    90  0.3669813441707855E-02   5   0 0  1 3  0 1  0
    91  0.5580863693899427E-01   5   0 0  0 4  0 1  0
    92  0.9391155675632502E-03   5   2 0  0 0  0 3  0
    93  0.2309178110374020E-02   5   1 1  0 0  0 3  0
    94  0.5481710760337295E-01   5   0 2  0 0  0 3  0
    95  0.1222227141773882E-01   5   0 1  1 0  0 3  0
    96  0.9391155675632507E-03   5   0 0  2 0  0 3  0
    97  -.1222227141773882E-01   5   1 0  0 1  0 3  0
    98  0.2309178110374021E-02   5   0 0  1 1  0 3  0
    99  0.5481710760337294E-01   5   0 0  0 2  0 3  0
   100  0.6639787906708185E-02   5   0 0  0 0  0 5  0
   --------------------------------------------------
     I  COEFFICIENT            ORDER EXPONENTS
     1  1.0000000000000000       1   0 0  0 0  0 1  0
     ------------------------------------------------
     ALL COMPONENTS ZERO 
     ------------------- 
     ALL COMPONENTS ZERO 
     ------------------- 
