 L    0.3793416666666671E-01
 P (  0.0000000000000000E+00,  0.0000000000000000E+00,  0.0000000000000000E+00)
 A (  0.0000000000000000E+00,  0.0000000000000000E+00,  0.0000000000000000E+00)
     I  COEFFICIENT            ORDER EXPONENTS
     1  0.9999406729230059       1   1 0  0 0  0 0  0
     2  0.7528995905824629E-01   1   0 1  0 0  0 0  0
     3  -.8436674540282909E-02   1   0 0  1 0  0 0  0
     4  0.7961885259433789E-02   1   0 0  0 1  0 0  0
     5  0.8062613937466240E-04   2   1 0  0 0  0 1  0
     6  -.5053177601268107E-01   2   0 1  0 0  0 1  0
     7  0.5706065572375929E-02   2   0 0  1 0  0 1  0
     8  -.1081188245560468E-01   2   0 0  0 1  0 1  0
     9  -.1556802605836607E-02   3   3 0  0 0  0 0  0
    10  -.2017614310793512E-02   3   2 1  0 0  0 0  0
    11  -.1039355979046274E-02   3   1 2  0 0  0 0  0
    12  0.3705894580066216E-01   3   0 3  0 0  0 0  0
    13  -.2632562772400650E-01   3   2 0  1 0  0 0  0
    14  -.1520219741756504E-02   3   1 1  1 0  0 0  0
    15  -.1252705115491355E-01   3   0 2  1 0  0 0  0
    16  -.1556802605836603E-02   3   1 0  2 0  0 0  0
    17  -.3904480270649578E-03   3   0 1  2 0  0 0  0
    18  -.2632562772400650E-01   3   0 0  3 0  0 0  0
    19  0.1651894572674421E-01   3   2 0  0 1  0 0  0
    20  0.8180924950906197E-02   3   1 1  0 1  0 0  0
    21  0.7916537912620498E-02   3   0 2  0 1  0 0  0
    22  -.1627166283728558E-02   3   1 0  1 1  0 0  0
    23  -.1728336436034611E-02   3   0 1  1 1  0 0  0
    24  0.1499872598498771E-01   3   0 0  2 1  0 0  0
    25  0.6889804569883337E-03   3   1 0  0 2  0 0  0
    26  0.3705894580066215E-01   3   0 1  0 2  0 0  0
    27  -.4346126204007352E-02   3   0 0  1 2  0 0  0
    28  0.7916537912620494E-02   3   0 0  0 3  0 0  0
    29  -.8808889913277122E-04   3   1 0  0 0  0 2  0
    30  0.3739884195504673E-01   3   0 1  0 0  0 2  0
    31  -.4268267016416377E-02   3   0 0  1 0  0 2  0
    32  0.1180116815432797E-01   3   0 0  0 1  0 2  0
    33  0.2130725427153730E-02   4   3 0  0 0  0 1  0
    34  0.4095750001686892E-02   4   2 1  0 0  0 1  0
    35  0.2818357857577341E-02   4   1 2  0 0  0 1  0
    36  -.7459082156869253E-01   4   0 3  0 0  0 1  0
    37  0.1776578742367863E-01   4   2 0  1 0  0 1  0
    38  0.1669656235865429E-02   4   1 1  1 0  0 1  0
    39  0.2532885106065410E-01   4   0 2  1 0  0 1  0
    40  0.2130725427153723E-02   4   1 0  2 0  0 1  0
    41  0.8267936534645955E-03   4   0 1  2 0  0 1  0
    42  0.1776578742367862E-01   4   0 0  3 0  0 1  0
    43  -.2212521171746683E-01   4   2 0  0 1  0 1  0
    44  -.1643160141821388E-01   4   1 1  0 1  0 1  0
    45  -.2149953423460446E-01   4   0 2  0 1  0 1  0
    46  0.3268956348222299E-02   4   1 0  1 1  0 1  0
    47  0.4684718036946916E-02   4   0 1  1 1  0 1  0
    48  -.2045555548160140E-01   4   0 0  2 1  0 1  0
    49  -.1866360179369574E-02   4   1 0  0 2  0 1  0
    50  -.7459082156869257E-01   4   0 1  0 2  0 1  0
    51  0.8897249642440224E-02   4   0 0  1 2  0 1  0
    52  -.2149953423460447E-01   4   0 0  0 3  0 1  0
    53  0.9051775454783234E-04   4   1 0  0 0  0 3  0
    54  -.2976883359738481E-01   4   0 1  0 0  0 3  0
    55  0.3439865144083004E-02   4   0 0  1 0  0 3  0
    56  -.1211323688103189E-01   4   0 0  0 1  0 3  0
    57  -.2486690186110554E-01   5   5 0  0 0  0 0  0
    58  -.3622290335364865E-01   5   4 1  0 0  0 0  0
    59  -.9141375991895628E-02   5   3 2  0 0  0 0  0
    60  -.3374263324914821E-02   5   2 3  0 0  0 0  0
    61  -.2015839898296950E-02   5   1 4  0 0  0 0  0
    62  0.2734709370689861E-01   5   0 5  0 0  0 0  0
    63  0.4536163411163541       5   4 0  1 0  0 0  0
    64  0.3421509138267778E-01   5   3 1  1 0  0 0  0
    65  -.3661031139530459E-01   5   2 2  1 0  0 0  0
    66  -.2420819531345131E-02   5   1 3  1 0  0 0  0
    67  -.1549393877218316E-01   5   0 4  1 0  0 0  0
    68  -.4973380372221141E-01   5   3 0  2 0  0 0  0
    69  -.6367035812003041E-01   5   2 1  2 0  0 0  0
    70  -.8723024612784496E-02   5   1 2  2 0  0 0  0
    71  0.1394248328047301E-02   5   0 3  2 0  0 0  0
    72  0.9072326822327079       5   2 0  3 0  0 0  0
    73  0.3421509138267773E-01   5   1 1  3 0  0 0  0
    74  -.3841603971273286E-01   5   0 2  3 0  0 0  0
    75  -.2486690186110561E-01   5   1 0  4 0  0 0  0
    76  -.2744745476638194E-01   5   0 1  4 0  0 0  0
    77  0.4536163411163540       5   0 0  5 0  0 0  0
    78  0.2446490000506803       5   4 0  0 1  0 0  0
    79  0.2618298692135899E-01   5   3 1  0 1  0 0  0
    80  0.1652769654152652E-01   5   2 2  0 1  0 0  0
    81  0.1203392403398934E-01   5   1 3  0 1  0 0  0
    82  0.7869918370698644E-02   5   0 4  0 1  0 0  0
    83  -.8775448587266659E-02   5   3 0  1 1  0 0  0
    84  -.9351236211189379E-02   5   2 1  1 1  0 0  0
    85  -.6790662954277943E-02   5   1 2  1 1  0 0  0
    86  -.3428366014407859E-02   5   0 3  1 1  0 0  0
    87  0.5235130914840369       5   2 0  2 1  0 0  0
    88  0.2979444355621547E-01   5   1 1  2 1  0 0  0
    89  0.1346943581363238E-01   5   0 2  2 1  0 0  0
    90  -.8775448587266614E-02   5   1 0  3 1  0 0  0
    91  -.8514533452967101E-02   5   0 1  3 1  0 0  0
    92  0.2788640914333581       5   0 0  4 1  0 0  0
    93  -.2084911598173885E-03   5   3 0  0 2  0 0  0
    94  -.1352112023599027E-02   5   2 1  0 2  0 0  0
    95  -.6033137821860435E-03   5   1 2  0 2  0 0  0
    96  0.5469418741379722E-01   5   0 3  0 2  0 0  0
    97  -.1223305279137399E-01   5   2 0  1 2  0 0  0
    98  -.1145937138247152E-02   5   1 1  1 2  0 0  0
    99  -.1895395351037694E-01   5   0 2  1 2  0 0  0
   100  -.6268425389285257E-03   5   1 0  2 2  0 0  0
   101  -.6279029732685023E-03   5   0 1  2 2  0 0  0
   102  -.1042732447394561E-01   5   0 0  3 2  0 0  0
   103  0.1589025534497747E-01   5   2 0  0 3  0 0  0
   104  0.1203392403398935E-01   5   1 1  0 3  0 0  0
   105  0.1573983674139730E-01   5   0 2  0 3  0 0  0
   106  -.2746360351646326E-02   5   1 0  1 3  0 0  0
   107  -.3428366014407863E-02   5   0 1  1 3  0 0  0
   108  0.1410687701018134E-01   5   0 0  2 3  0 0  0
   109  0.1412526116110906E-02   5   1 0  0 4  0 0  0
   110  0.2734709370689860E-01   5   0 1  0 4  0 0  0
   111  -.3460014738193813E-02   5   0 0  1 4  0 0  0
   112  0.7869918370698639E-02   5   0 0  0 5  0 0  0
   113  -.2348308858640638E-02   5   3 0  0 0  0 2  0
   114  -.5837219597282469E-02   5   2 1  0 0  0 2  0
   115  -.4980769166846335E-02   5   1 2  0 0  0 2  0
   116  0.1052116755726527       5   0 3  0 0  0 2  0
   117  -.1324675863428680E-01   5   2 0  1 0  0 2  0
   118  -.1289693139995092E-02   5   1 1  1 0  0 2  0
   119  -.3592546563698941E-01   5   0 2  1 0  0 2  0
   120  -.2348308858640632E-02   5   1 0  2 0  0 2  0
   121  -.1236619565519605E-02   5   0 1  2 0  0 2  0
   122  -.1324675863428680E-01   5   0 0  3 0  0 2  0
   123  0.2373329458423361E-01   5   2 0  0 1  0 2  0
   124  0.2311848357449529E-01   5   1 1  0 1  0 2  0
   125  0.3806211974427141E-01   5   0 2  0 1  0 2  0
   126  -.4600600031762851E-02   5   1 0  1 1  0 2  0
   127  -.8275211641650494E-02   5   0 1  1 1  0 2  0
   128  0.2244360144423854E-01   5   0 0  2 1  0 2  0
   129  0.3294442474804166E-02   5   1 0  0 2  0 2  0
   130  0.1052116755726527       5   0 1  0 2  0 2  0
   131  -.1280698206249412E-01   5   0 0  1 2  0 2  0
   132  0.3806211974427141E-01   5   0 0  0 3  0 2  0
   133  -.9111554067209988E-04   5   1 0  0 0  0 4  0
   134  0.2490990637016293E-01   5   0 1  0 0  0 4  0
   135  -.2917062598869425E-02   5   0 0  1 0  0 4  0
   136  0.1217890341565202E-01   5   0 0  0 1  0 4  0
   --------------------------------------------------
     I  COEFFICIENT            ORDER EXPONENTS
     1  -.2592963003532760E-01   1   1 0  0 0  0 0  0
     2  0.9999406729230060       1   0 1  0 0  0 0  0
     3  -.2213562007920837       1   0 0  1 0  0 0  0
     4  -.8436674540282907E-02   1   0 0  0 1  0 0  0
     5  0.1753051394126908E-01   2   1 0  0 0  0 1  0
     6  0.8062613937467530E-04   2   0 1  0 0  0 1  0
     7  -.2594666660888772E-02   2   0 0  1 0  0 1  0
     8  0.5706065572375962E-02   2   0 0  0 1  0 1  0
     9  -.1690866105537666       3   3 0  0 0  0 0  0
    10  -.1740479461587434E-01   3   2 1  0 0  0 0  0
    11  -.1360825934025490E-01   3   1 2  0 0  0 0  0
    12  -.6965318158816641E-04   3   0 3  0 0  0 0  0
    13  -.6797407103279662       3   2 0  1 0  0 0  0
    14  -.4318188758491202E-01   3   1 1  1 0  0 0  0
    15  0.1046882748733787E-02   3   0 2  1 0  0 0  0
    16  -.1690866105537664       3   1 0  2 0  0 0  0
    17  0.3269893728289639E-02   3   0 1  2 0  0 0  0
    18  -.6797407103279663       3   0 0  3 0  0 0  0
    19  -.3682349430727302E-01   3   2 0  0 1  0 0  0
    20  -.3369680224719372E-01   3   1 1  0 1  0 0  0
    21  -.5536562335728135E-02   3   0 2  0 1  0 0  0
    22  -.2067468834416405E-01   3   1 0  1 1  0 0  0
    23  0.3089966194695296E-01   3   0 1  1 1  0 0  0
    24  -.8000538189218508E-01   3   0 0  2 1  0 0  0
    25  -.4450792128720786E-01   3   1 0  0 2  0 0  0
    26  -.6965318158817790E-04   3   0 1  0 2  0 0  0
    27  -.3264991949845991E-01   3   0 0  1 2  0 0  0
    28  -.5536562335728107E-02   3   0 0  0 3  0 0  0
    29  -.1310629136367066E-01   3   1 0  0 0  0 2  0
    30  -.8808889913277523E-04   3   0 1  0 0  0 2  0
    31  0.2837296118760951E-02   3   0 0  1 0  0 2  0
    32  -.4268267016416388E-02   3   0 0  0 1  0 2  0
    33  0.1143826022525010       4   3 0  0 0  0 1  0
    34  0.2240955459263698E-01   4   2 1  0 0  0 1  0
    35  0.2756296960461750E-01   4   1 2  0 0  0 1  0
    36  0.1890712817351464E-03   4   0 3  0 0  0 1  0
    37  -.2409158511297337E-01   4   2 0  1 0  0 1  0
    38  0.1651771916054314E-01   4   1 1  1 0  0 1  0
    39  -.4332567277371115E-02   4   0 2  1 0  0 1  0
    40  0.1143826022525009       4   1 0  2 0  0 1  0
    41  -.3113138654147411E-02   4   0 1  2 0  0 1  0
    42  -.2409158511297335E-01   4   0 0  3 0  0 1  0
    43  0.3903062254272600E-01   4   2 0  0 1  0 1  0
    44  0.4059211151623429E-01   4   1 1  0 1  0 1  0
    45  0.1119735681249798E-01   4   0 2  0 1  0 1  0
    46  0.2552269324678442E-01   4   1 0  1 1  0 1  0
    47  -.6275881587763299E-01   4   0 1  1 1  0 1  0
    48  0.5554834170326928E-01   4   0 0  2 1  0 1  0
    49  0.9032178548225055E-01   4   1 0  0 2  0 1  0
    50  0.1890712817352088E-03   4   0 1  0 2  0 1  0
    51  0.3625954423886318E-01   4   0 0  1 2  0 1  0
    52  0.1119735681249802E-01   4   0 0  0 3  0 1  0
    53  0.1055612497896141E-01   4   1 0  0 0  0 3  0
    54  0.9051775454784958E-04   4   0 1  0 0  0 3  0
    55  -.2918399138723698E-02   4   0 0  1 0  0 3  0
    56  0.3439865144083010E-02   4   0 0  0 1  0 3  0
    57  -.1844691457769580       5   5 0  0 0  0 0  0
    58  -.1601696820389989       5   4 1  0 0  0 0  0
    59  -.1117367642981167       5   3 2  0 0  0 0  0
    60  -.1900618038107210E-01   5   2 3  0 0  0 0  0
    61  -.1077011738633656E-01   5   1 4  0 0  0 0  0
    62  -.8171186062596938E-04   5   0 5  0 0  0 0  0
    63   12.09526652010889       5   4 0  1 0  0 0  0
    64   1.914783105103869       5   3 1  1 0  0 0  0
    65  0.1908200435490206       5   2 2  1 0  0 0  0
    66  -.3490828445491624E-02   5   1 3  1 0  0 0  0
    67  0.1450622415066802E-02   5   0 4  1 0  0 0  0
    68  -.3689382915539203       5   3 0  2 0  0 0  0
    69  -.3895536069123530       5   2 1  2 0  0 0  0
    70  -.1286028677092782       5   1 2  2 0  0 0  0
    71  0.4798682131118197E-03   5   0 3  2 0  0 0  0
    72   24.19053304021778       5   2 0  3 0  0 0  0
    73   1.914783105103869       5   1 1  3 0  0 0  0
    74  0.7696453523675278E-01   5   0 2  3 0  0 0  0
    75  -.1844691457769602       5   1 0  4 0  0 0  0
    76  -.2293839248733550       5   0 1  4 0  0 0  0
    77   12.09526652010890       5   0 0  5 0  0 0  0
    78  0.3442640741712674       5   4 0  0 1  0 0  0
    79  -.8277912046086323       5   3 1  0 1  0 0  0
    80  -.1251879192657240       5   2 2  0 1  0 0  0
    81  -.3403278501459607E-01   5   1 3  0 1  0 0  0
    82  -.5167968747795871E-02   5   0 4  0 1  0 0  0
    83  0.6921424283435587E-01   5   3 0  1 1  0 0  0
    84  0.3087278089047638       5   2 1  1 1  0 0  0
    85  0.1499111079599867E-01   5   1 2  1 1  0 0  0
    86  0.4716192991053957E-01   5   0 3  1 1  0 0  0
    87   2.603311253446401       5   2 0  2 1  0 0  0
    88  -.6000801879840975       5   1 1  2 1  0 0  0
    89  -.7739205401051676E-01   5   0 2  2 1  0 0  0
    90  0.6921424283435597E-01   5   1 0  3 1  0 0  0
    91  0.2749956020824425       5   0 1  3 1  0 0  0
    92   2.259047179275135       5   0 0  4 1  0 0  0
    93  -.4035984697917201       5   3 0  0 2  0 0  0
    94  -.5348333977125469E-01   5   2 1  0 2  0 0  0
    95  -.6870216468321273E-01   5   1 2  0 2  0 0  0
    96  -.1634237212519507E-03   5   0 3  0 2  0 0  0
    97  -.7508266693718811       5   2 0  1 2  0 0  0
    98  -.1060642158468897       5   1 1  1 2  0 0  0
    99  -.3113154018446205E-01   5   0 2  1 2  0 0  0
   100  -.3867323663805589       5   1 0  2 2  0 0  0
   101  0.3495702760329426E-01   5   0 1  2 2  0 0  0
   102  -.6369711610596129       5   0 0  3 2  0 0  0
   103  -.7390122556502510E-01   5   2 0  0 3  0 0  0
   104  -.3403278501459587E-01   5   1 1  0 3  0 0  0
   105  -.1033593749559174E-01   5   0 2  0 3  0 0  0
   106  -.5396320798436666E-01   5   1 0  1 3  0 0  0
   107  0.4716192991053954E-01   5   0 1  1 3  0 0  0
   108  -.1286787477112158       5   0 0  2 3  0 0  0
   109  -.5793204729687611E-01   5   1 0  0 4  0 0  0
   110  -.8171186062595759E-04   5   0 1  0 4  0 0  0
   111  -.3258216259952948E-01   5   0 0  1 4  0 0  0
   112  -.5167968747795890E-02   5   0 0  0 5  0 0  0
   113  -.8557242106162541E-01   5   3 0  0 0  0 2  0
   114  -.2280514029553927E-01   5   2 1  0 0  0 2  0
   115  -.3917615344768669E-01   5   1 2  0 0  0 2  0
   116  -.3345405120475254E-03   5   0 3  0 0  0 2  0
   117  0.2644523545577093E-01   5   2 0  1 0  0 2  0
   118  0.2485902609968531E-03   5   1 1  1 0  0 2  0
   119  0.8688786819637468E-02   5   0 2  1 0  0 2  0
   120  -.8557242106162530E-01   5   1 0  2 0  0 2  0
   121  0.1604671156538749E-02   5   0 1  2 0  0 2  0
   122  0.2644523545577095E-01   5   0 0  3 0  0 2  0
   123  -.4347511027218498E-01   5   2 0  0 1  0 2  0
   124  -.3726649902504143E-01   5   1 1  0 1  0 2  0
   125  -.1588633766754591E-01   5   0 2  0 1  0 2  0
   126  -.2440981145207785E-01   5   1 0  1 1  0 2  0
   127  0.8949680511744024E-01   5   0 1  1 1  0 2  0
   128  -.4322652001118792E-01   5   0 0  2 1  0 2  0
   129  -.1286729585651270       5   1 0  0 2  0 2  0
   130  -.3345405120474907E-03   5   0 1  0 2  0 2  0
   131  -.2857771220540400E-01   5   0 0  1 2  0 2  0
   132  -.1588633766754586E-01   5   0 0  0 3  0 2  0
   133  -.8945953876839628E-02   5   1 0  0 0  0 4  0
   134  -.9111554067211917E-04   5   0 1  0 0  0 4  0
   135  0.2940765058955767E-02   5   0 0  1 0  0 4  0
   136  -.2917062598869410E-02   5   0 0  0 1  0 4  0
   --------------------------------------------------
     I  COEFFICIENT            ORDER EXPONENTS
     1  0.8436674540282910E-02   1   1 0  0 0  0 0  0
     2  -.7961885259433785E-02   1   0 1  0 0  0 0  0
     3  0.9999406729230059       1   0 0  1 0  0 0  0
     4  0.7528995905824629E-01   1   0 0  0 1  0 0  0
     5  -.5706065572375929E-02   2   1 0  0 0  0 1  0
     6  0.1081188245560467E-01   2   0 1  0 0  0 1  0
     7  0.8062613937466256E-04   2   0 0  1 0  0 1  0
     8  -.5053177601268107E-01   2   0 0  0 1  0 1  0
     9  0.2632562772400650E-01   3   3 0  0 0  0 0  0
    10  -.1499872598498771E-01   3   2 1  0 0  0 0  0
    11  0.4346126204007355E-02   3   1 2  0 0  0 0  0
    12  -.7916537912620496E-02   3   0 3  0 0  0 0  0
    13  -.1556802605836608E-02   3   2 0  1 0  0 0  0
    14  -.1627166283728559E-02   3   1 1  1 0  0 0  0
    15  0.6889804569883348E-03   3   0 2  1 0  0 0  0
    16  0.2632562772400649E-01   3   1 0  2 0  0 0  0
    17  -.1651894572674422E-01   3   0 1  2 0  0 0  0
    18  -.1556802605836609E-02   3   0 0  3 0  0 0  0
    19  -.3904480270649572E-03   3   2 0  0 1  0 0  0
    20  -.1728336436034610E-02   3   1 1  0 1  0 0  0
    21  0.3705894580066216E-01   3   0 2  0 1  0 0  0
    22  0.1520219741756503E-02   3   1 0  1 1  0 0  0
    23  -.8180924950906200E-02   3   0 1  1 1  0 0  0
    24  -.2017614310793512E-02   3   0 0  2 1  0 0  0
    25  0.1252705115491355E-01   3   1 0  0 2  0 0  0
    26  -.7916537912620496E-02   3   0 1  0 2  0 0  0
    27  -.1039355979046275E-02   3   0 0  1 2  0 0  0
    28  0.3705894580066216E-01   3   0 0  0 3  0 0  0
    29  0.4268267016416379E-02   3   1 0  0 0  0 2  0
    30  -.1180116815432797E-01   3   0 1  0 0  0 2  0
    31  -.8808889913277117E-04   3   0 0  1 0  0 2  0
    32  0.3739884195504672E-01   3   0 0  0 1  0 2  0
    33  -.1776578742367863E-01   4   3 0  0 0  0 1  0
    34  0.2045555548160140E-01   4   2 1  0 0  0 1  0
    35  -.8897249642440231E-02   4   1 2  0 0  0 1  0
    36  0.2149953423460448E-01   4   0 3  0 0  0 1  0
    37  0.2130725427153729E-02   4   2 0  1 0  0 1  0
    38  0.3268956348222299E-02   4   1 1  1 0  0 1  0
    39  -.1866360179369574E-02   4   0 2  1 0  0 1  0
    40  -.1776578742367863E-01   4   1 0  2 0  0 1  0
    41  0.2212521171746682E-01   4   0 1  2 0  0 1  0
    42  0.2130725427153733E-02   4   0 0  3 0  0 1  0
    43  0.8267936534645951E-03   4   2 0  0 1  0 1  0
    44  0.4684718036946917E-02   4   1 1  0 1  0 1  0
    45  -.7459082156869257E-01   4   0 2  0 1  0 1  0
    46  -.1669656235865426E-02   4   1 0  1 1  0 1  0
    47  0.1643160141821388E-01   4   0 1  1 1  0 1  0
    48  0.4095750001686894E-02   4   0 0  2 1  0 1  0
    49  -.2532885106065410E-01   4   1 0  0 2  0 1  0
    50  0.2149953423460448E-01   4   0 1  0 2  0 1  0
    51  0.2818357857577341E-02   4   0 0  1 2  0 1  0
    52  -.7459082156869258E-01   4   0 0  0 3  0 1  0
    53  -.3439865144083004E-02   4   1 0  0 0  0 3  0
    54  0.1211323688103188E-01   4   0 1  0 0  0 3  0
    55  0.9051775454783237E-04   4   0 0  1 0  0 3  0
    56  -.2976883359738481E-01   4   0 0  0 1  0 3  0
    57  -.4536163411163540       5   5 0  0 0  0 0  0
    58  -.2788640914333579       5   4 1  0 0  0 0  0
    59  0.1042732447394562E-01   5   3 2  0 0  0 0  0
    60  -.1410687701018134E-01   5   2 3  0 0  0 0  0
    61  0.3460014738193813E-02   5   1 4  0 0  0 0  0
    62  -.7869918370698642E-02   5   0 5  0 0  0 0  0
    63  -.2486690186110558E-01   5   4 0  1 0  0 0  0
    64  -.8775448587266614E-02   5   3 1  1 0  0 0  0
    65  -.6268425389285285E-03   5   2 2  1 0  0 0  0
    66  -.2746360351646327E-02   5   1 3  1 0  0 0  0
    67  0.1412526116110907E-02   5   0 4  1 0  0 0  0
    68  -.9072326822327079       5   3 0  2 0  0 0  0
    69  -.5235130914840377       5   2 1  2 0  0 0  0
    70  0.1223305279137394E-01   5   1 2  2 0  0 0  0
    71  -.1589025534497749E-01   5   0 3  2 0  0 0  0
    72  -.4973380372221128E-01   5   2 0  3 0  0 0  0
    73  -.8775448587266636E-02   5   1 1  3 0  0 0  0
    74  -.2084911598173887E-03   5   0 2  3 0  0 0  0
    75  -.4536163411163537       5   1 0  4 0  0 0  0
    76  -.2446490000506804       5   0 1  4 0  0 0  0
    77  -.2486690186110552E-01   5   0 0  5 0  0 0  0
    78  -.2744745476638191E-01   5   4 0  0 1  0 0  0
    79  -.8514533452967092E-02   5   3 1  0 1  0 0  0
    80  -.6279029732684991E-03   5   2 2  0 1  0 0  0
    81  -.3428366014407862E-02   5   1 3  0 1  0 0  0
    82  0.2734709370689860E-01   5   0 4  0 1  0 0  0
    83  -.3421509138267774E-01   5   3 0  1 1  0 0  0
    84  -.2979444355621553E-01   5   2 1  1 1  0 0  0
    85  0.1145937138247140E-02   5   1 2  1 1  0 0  0
    86  -.1203392403398934E-01   5   0 3  1 1  0 0  0
    87  -.6367035812003047E-01   5   2 0  2 1  0 0  0
    88  -.9351236211189393E-02   5   1 1  2 1  0 0  0
    89  -.1352112023599018E-02   5   0 2  2 1  0 0  0
    90  -.3421509138267778E-01   5   1 0  3 1  0 0  0
    91  -.2618298692135900E-01   5   0 1  3 1  0 0  0
    92  -.3622290335364864E-01   5   0 0  4 1  0 0  0
    93  0.3841603971273286E-01   5   3 0  0 2  0 0  0
    94  -.1346943581363236E-01   5   2 1  0 2  0 0  0
    95  0.1895395351037695E-01   5   1 2  0 2  0 0  0
    96  -.1573983674139730E-01   5   0 3  0 2  0 0  0
    97  -.8723024612784531E-02   5   2 0  1 2  0 0  0
    98  -.6790662954277947E-02   5   1 1  1 2  0 0  0
    99  -.6033137821860405E-03   5   0 2  1 2  0 0  0
   100  0.3661031139530455E-01   5   1 0  2 2  0 0  0
   101  -.1652769654152650E-01   5   0 1  2 2  0 0  0
   102  -.9141375991895634E-02   5   0 0  3 2  0 0  0
   103  0.1394248328047302E-02   5   2 0  0 3  0 0  0
   104  -.3428366014407858E-02   5   1 1  0 3  0 0  0
   105  0.5469418741379723E-01   5   0 2  0 3  0 0  0
   106  0.2420819531345127E-02   5   1 0  1 3  0 0  0
   107  -.1203392403398935E-01   5   0 1  1 3  0 0  0
   108  -.3374263324914824E-02   5   0 0  2 3  0 0  0
   109  0.1549393877218316E-01   5   1 0  0 4  0 0  0
   110  -.7869918370698632E-02   5   0 1  0 4  0 0  0
   111  -.2015839898296952E-02   5   0 0  1 4  0 0  0
   112  0.2734709370689863E-01   5   0 0  0 5  0 0  0
   113  0.1324675863428680E-01   5   3 0  0 0  0 2  0
   114  -.2244360144423852E-01   5   2 1  0 0  0 2  0
   115  0.1280698206249412E-01   5   1 2  0 0  0 2  0
   116  -.3806211974427141E-01   5   0 3  0 0  0 2  0
   117  -.2348308858640634E-02   5   2 0  1 0  0 2  0
   118  -.4600600031762851E-02   5   1 1  1 0  0 2  0
   119  0.3294442474804158E-02   5   0 2  1 0  0 2  0
   120  0.1324675863428680E-01   5   1 0  2 0  0 2  0
   121  -.2373329458423359E-01   5   0 1  2 0  0 2  0
   122  -.2348308858640643E-02   5   0 0  3 0  0 2  0
   123  -.1236619565519610E-02   5   2 0  0 1  0 2  0
   124  -.8275211641650506E-02   5   1 1  0 1  0 2  0
   125  0.1052116755726527       5   0 2  0 1  0 2  0
   126  0.1289693139995090E-02   5   1 0  1 1  0 2  0
   127  -.2311848357449528E-01   5   0 1  1 1  0 2  0
   128  -.5837219597282470E-02   5   0 0  2 1  0 2  0
   129  0.3592546563698941E-01   5   1 0  0 2  0 2  0
   130  -.3806211974427144E-01   5   0 1  0 2  0 2  0
   131  -.4980769166846333E-02   5   0 0  1 2  0 2  0
   132  0.1052116755726527       5   0 0  0 3  0 2  0
   133  0.2917062598869426E-02   5   1 0  0 0  0 4  0
   134  -.1217890341565202E-01   5   0 1  0 0  0 4  0
   135  -.9111554067210012E-04   5   0 0  1 0  0 4  0
   136  0.2490990637016294E-01   5   0 0  0 1  0 4  0
   --------------------------------------------------
     I  COEFFICIENT            ORDER EXPONENTS
     1  0.2213562007920837       1   1 0  0 0  0 0  0
     2  0.8436674540282935E-02   1   0 1  0 0  0 0  0
     3  -.2592963003532760E-01   1   0 0  1 0  0 0  0
     4  0.9999406729230060       1   0 0  0 1  0 0  0
     5  0.2594666660888773E-02   2   1 0  0 0  0 1  0
     6  -.5706065572375923E-02   2   0 1  0 0  0 1  0
     7  0.1753051394126907E-01   2   0 0  1 0  0 1  0
     8  0.8062613937466143E-04   2   0 0  0 1  0 1  0
     9  0.6797407103279662       3   3 0  0 0  0 0  0
    10  0.8000538189218522E-01   3   2 1  0 0  0 0  0
    11  0.3264991949845992E-01   3   1 2  0 0  0 0  0
    12  0.5536562335728075E-02   3   0 3  0 0  0 0  0
    13  -.1690866105537665       3   2 0  1 0  0 0  0
    14  -.2067468834416405E-01   3   1 1  1 0  0 0  0
    15  -.4450792128720786E-01   3   0 2  1 0  0 0  0
    16  0.6797407103279661       3   1 0  2 0  0 0  0
    17  0.3682349430727311E-01   3   0 1  2 0  0 0  0
    18  -.1690866105537666       3   0 0  3 0  0 0  0
    19  0.3269893728289692E-02   3   2 0  0 1  0 0  0
    20  0.3089966194695297E-01   3   1 1  0 1  0 0  0
    21  -.6965318158816966E-04   3   0 2  0 1  0 0  0
    22  0.4318188758491202E-01   3   1 0  1 1  0 0  0
    23  0.3369680224719372E-01   3   0 1  1 1  0 0  0
    24  -.1740479461587434E-01   3   0 0  2 1  0 0  0
    25  -.1046882748733791E-02   3   1 0  0 2  0 0  0
    26  0.5536562335728136E-02   3   0 1  0 2  0 0  0
    27  -.1360825934025489E-01   3   0 0  1 2  0 0  0
    28  -.6965318158817790E-04   3   0 0  0 3  0 0  0
    29  -.2837296118760953E-02   3   1 0  0 0  0 2  0
    30  0.4268267016416387E-02   3   0 1  0 0  0 2  0
    31  -.1310629136367066E-01   3   0 0  1 0  0 2  0
    32  -.8808889913278217E-04   3   0 0  0 1  0 2  0
    33  0.2409158511297336E-01   4   3 0  0 0  0 1  0
    34  -.5554834170326926E-01   4   2 1  0 0  0 1  0
    35  -.3625954423886318E-01   4   1 2  0 0  0 1  0
    36  -.1119735681249802E-01   4   0 3  0 0  0 1  0
    37  0.1143826022525010       4   2 0  1 0  0 1  0
    38  0.2552269324678444E-01   4   1 1  1 0  0 1  0
    39  0.9032178548225056E-01   4   0 2  1 0  0 1  0
    40  0.2409158511297333E-01   4   1 0  2 0  0 1  0
    41  -.3903062254272606E-01   4   0 1  2 0  0 1  0
    42  0.1143826022525010       4   0 0  3 0  0 1  0
    43  -.3113138654147570E-02   4   2 0  0 1  0 1  0
    44  -.6275881587763296E-01   4   1 1  0 1  0 1  0
    45  0.1890712817351295E-03   4   0 2  0 1  0 1  0
    46  -.1651771916054314E-01   4   1 0  1 1  0 1  0
    47  -.4059211151623426E-01   4   0 1  1 1  0 1  0
    48  0.2240955459263692E-01   4   0 0  2 1  0 1  0
    49  0.4332567277371107E-02   4   1 0  0 2  0 1  0
    50  -.1119735681249795E-01   4   0 1  0 2  0 1  0
    51  0.2756296960461750E-01   4   0 0  1 2  0 1  0
    52  0.1890712817351590E-03   4   0 0  0 3  0 1  0
    53  0.2918399138723699E-02   4   1 0  0 0  0 3  0
    54  -.3439865144082989E-02   4   0 1  0 0  0 3  0
    55  0.1055612497896141E-01   4   0 0  1 0  0 3  0
    56  0.9051775454783917E-04   4   0 0  0 1  0 3  0
    57  -12.09526652010890       5   5 0  0 0  0 0  0
    58  -2.259047179275138       5   4 1  0 0  0 0  0
    59  0.6369711610596133       5   3 2  0 0  0 0  0
    60  0.1286787477112155       5   2 3  0 0  0 0  0
    61  0.3258216259952944E-01   5   1 4  0 0  0 0  0
    62  0.5167968747795925E-02   5   0 5  0 0  0 0  0
    63  -.1844691457769586       5   4 0  1 0  0 0  0
    64  0.6921424283435648E-01   5   3 1  1 0  0 0  0
    65  -.3867323663805592       5   2 2  1 0  0 0  0
    66  -.5396320798436668E-01   5   1 3  1 0  0 0  0
    67  -.5793204729687613E-01   5   0 4  1 0  0 0  0
    68  -24.19053304021779       5   3 0  2 0  0 0  0
    69  -2.603311253446403       5   2 1  2 0  0 0  0
    70  0.7508266693718800       5   1 2  2 0  0 0  0
    71  0.7390122556502500E-01   5   0 3  2 0  0 0  0
    72  -.3689382915539194       5   2 0  3 0  0 0  0
    73  0.6921424283435594E-01   5   1 1  3 0  0 0  0
    74  -.4035984697917201       5   0 2  3 0  0 0  0
    75  -12.09526652010889       5   1 0  4 0  0 0  0
    76  -.3442640741712638       5   0 1  4 0  0 0  0
    77  -.1844691457769578       5   0 0  5 0  0 0  0
    78  -.2293839248733545       5   4 0  0 1  0 0  0
    79  0.2749956020824426       5   3 1  0 1  0 0  0
    80  0.3495702760329451E-01   5   2 2  0 1  0 0  0
    81  0.4716192991053957E-01   5   1 3  0 1  0 0  0
    82  -.8171186062599014E-04   5   0 4  0 1  0 0  0
    83  -1.914783105103871       5   3 0  1 1  0 0  0
    84  0.6000801879840981       5   2 1  1 1  0 0  0
    85  0.1060642158468897       5   1 2  1 1  0 0  0
    86  0.3403278501459588E-01   5   0 3  1 1  0 0  0
    87  -.3895536069123523       5   2 0  2 1  0 0  0
    88  0.3087278089047636       5   1 1  2 1  0 0  0
    89  -.5348333977125481E-01   5   0 2  2 1  0 0  0
    90  -1.914783105103869       5   1 0  3 1  0 0  0
    91  0.8277912046086334       5   0 1  3 1  0 0  0
    92  -.1601696820389969       5   0 0  4 1  0 0  0
    93  -.7696453523675291E-01   5   3 0  0 2  0 0  0
    94  0.7739205401051670E-01   5   2 1  0 2  0 0  0
    95  0.3113154018446207E-01   5   1 2  0 2  0 0  0
    96  0.1033593749559181E-01   5   0 3  0 2  0 0  0
    97  -.1286028677092789       5   2 0  1 2  0 0  0
    98  0.1499111079599859E-01   5   1 1  1 2  0 0  0
    99  -.6870216468321270E-01   5   0 2  1 2  0 0  0
   100  -.1908200435490205       5   1 0  2 2  0 0  0
   101  0.1251879192657242       5   0 1  2 2  0 0  0
   102  -.1117367642981167       5   0 0  3 2  0 0  0
   103  0.4798682131117631E-03   5   2 0  0 3  0 0  0
   104  0.4716192991053957E-01   5   1 1  0 3  0 0  0
   105  -.1634237212518944E-03   5   0 2  0 3  0 0  0
   106  0.3490828445491612E-02   5   1 0  1 3  0 0  0
   107  0.3403278501459608E-01   5   0 1  1 3  0 0  0
   108  -.1900618038107208E-01   5   0 0  2 3  0 0  0
   109  -.1450622415066806E-02   5   1 0  0 4  0 0  0
   110  0.5167968747795876E-02   5   0 1  0 4  0 0  0
   111  -.1077011738633654E-01   5   0 0  1 4  0 0  0
   112  -.8171186062596453E-04   5   0 0  0 5  0 0  0
   113  -.2644523545577093E-01   5   3 0  0 0  0 2  0
   114  0.4322652001118794E-01   5   2 1  0 0  0 2  0
   115  0.2857771220540402E-01   5   1 2  0 0  0 2  0
   116  0.1588633766754600E-01   5   0 3  0 0  0 2  0
   117  -.8557242106162528E-01   5   2 0  1 0  0 2  0
   118  -.2440981145207786E-01   5   1 1  1 0  0 2  0
   119  -.1286729585651271       5   0 2  1 0  0 2  0
   120  -.2644523545577089E-01   5   1 0  2 0  0 2  0
   121  0.4347511027218487E-01   5   0 1  2 0  0 2  0
   122  -.8557242106162538E-01   5   0 0  3 0  0 2  0
   123  0.1604671156538711E-02   5   2 0  0 1  0 2  0
   124  0.8949680511744028E-01   5   1 1  0 1  0 2  0
   125  -.3345405120474457E-03   5   0 2  0 1  0 2  0
   126  -.2485902609968540E-03   5   1 0  1 1  0 2  0
   127  0.3726649902504142E-01   5   0 1  1 1  0 2  0
   128  -.2280514029553924E-01   5   0 0  2 1  0 2  0
   129  -.8688786819637459E-02   5   1 0  0 2  0 2  0
   130  0.1588633766754595E-01   5   0 1  0 2  0 2  0
   131  -.3917615344768669E-01   5   0 0  1 2  0 2  0
   132  -.3345405120475897E-03   5   0 0  0 3  0 2  0
   133  -.2940765058955770E-02   5   1 0  0 0  0 4  0
   134  0.2917062598869425E-02   5   0 1  0 0  0 4  0
   135  -.8945953876839626E-02   5   0 0  1 0  0 4  0
   136  -.9111554067211397E-04   5   0 0  0 1  0 4  0
   --------------------------------------------------
     I  COEFFICIENT            ORDER EXPONENTS
     1  1.0000000000000000       1   0 0  0 0  1 0  0
     2  0.7690926975354118E-02   1   0 0  0 0  0 1  0
     3  -.4368965685700120E-03   2   2 0  0 0  0 0  0
     4  0.6374256519056204E-03   2   1 1  0 0  0 0  0
     5  -.2585003176489586E-01   2   0 2  0 0  0 0  0
     6  0.5725883042085322E-02   2   0 1  1 0  0 0  0
     7  -.4368965685700119E-03   2   0 0  2 0  0 0  0
     8  -.5725883042085322E-02   2   1 0  0 1  0 0  0
     9  0.6374256519056204E-03   2   0 0  1 1  0 0  0
    10  -.2585003176489586E-01   2   0 0  0 2  0 0  0
    11  -.7863322037216932E-02   2   0 0  0 0  0 2  0
    12  0.6586173922103729E-03   3   2 0  0 0  0 1  0
    13  -.1394841477296376E-02   3   1 1  0 0  0 1  0
    14  0.3907527506872533E-01   3   0 2  0 0  0 1  0
    15  -.8593421207372465E-02   3   0 1  1 0  0 1  0
    16  0.6586173922103730E-03   3   0 0  2 0  0 1  0
    17  0.8593421207372463E-02   3   1 0  0 1  0 1  0
    18  -.1394841477296377E-02   3   0 0  1 1  0 1  0
    19  0.3907527506872533E-01   3   0 0  0 2  0 1  0
    20  0.7536117018589807E-02   3   0 0  0 0  0 3  0
    21  -.2963138902566176E-02   4   4 0  0 0  0 0  0
    22  0.3952490968615671E-02   4   3 1  0 0  0 0  0
    23  -.4099112734935518E-03   4   2 2  0 0  0 0  0
    24  0.1278127289687285E-02   4   1 3  0 0  0 0  0
    25  -.1937651134519171E-01   4   0 4  0 0  0 0  0
    26  0.1784563611492366E-01   4   2 1  1 0  0 0  0
    27  0.8703837544435885E-03   4   1 2  1 0  0 0  0
    28  0.8562110667100937E-02   4   0 3  1 0  0 0  0
    29  -.5926277805132353E-02   4   2 0  2 0  0 0  0
    30  0.3952490968615669E-02   4   1 1  2 0  0 0  0
    31  -.2022270843569767E-02   4   0 2  2 0  0 0  0
    32  0.1784563611492366E-01   4   0 1  3 0  0 0  0
    33  -.2963138902566178E-02   4   0 0  4 0  0 0  0
    34  -.1784563611492366E-01   4   3 0  0 1  0 0  0
    35  -.8703837544435975E-03   4   2 1  0 1  0 0  0
    36  -.8562110667100937E-02   4   1 2  0 1  0 0  0
    37  0.3952490968615672E-02   4   2 0  1 1  0 0  0
    38  0.3224719140152437E-02   4   1 1  1 1  0 0  0
    39  0.1278127289687285E-02   4   0 2  1 1  0 0  0
    40  -.1784563611492366E-01   4   1 0  2 1  0 0  0
    41  0.8703837544435950E-03   4   0 1  2 1  0 0  0
    42  0.3952490968615670E-02   4   0 0  3 1  0 0  0
    43  -.2022270843569766E-02   4   2 0  0 2  0 0  0
    44  0.1278127289687285E-02   4   1 1  0 2  0 0  0
    45  -.3875302269038343E-01   4   0 2  0 2  0 0  0
    46  -.8703837544435876E-03   4   1 0  1 2  0 0  0
    47  0.8562110667100937E-02   4   0 1  1 2  0 0  0
    48  -.4099112734935523E-03   4   0 0  2 2  0 0  0
    49  -.8562110667100935E-02   4   1 0  0 3  0 0  0
    50  0.1278127289687285E-02   4   0 0  1 3  0 0  0
    51  -.1937651134519171E-01   4   0 0  0 4  0 0  0
    52  -.8031641986157713E-03   4   2 0  0 0  0 2  0
    53  0.2153424843751260E-02   4   1 1  0 0  0 2  0
    54  -.4779904319199514E-01   4   0 2  0 0  0 2  0
    55  0.1042637038627628E-01   4   0 1  1 0  0 2  0
    56  -.8031641986157715E-03   4   0 0  2 0  0 2  0
    57  -.1042637038627628E-01   4   1 0  0 1  0 2  0
    58  0.2153424843751260E-02   4   0 0  1 1  0 2  0
    59  -.4779904319199513E-01   4   0 0  0 2  0 2  0
    60  -.7085135729154654E-02   4   0 0  0 0  0 4  0
    61  0.4474628415897525E-02   5   4 0  0 0  0 1  0
    62  -.8669981523487184E-02   5   3 1  0 0  0 1  0
    63  0.1202141969677681E-02   5   2 2  0 0  0 1  0
    64  -.4535394029168249E-02   5   1 3  0 0  0 1  0
    65  0.5568931079048555E-01   5   0 4  0 0  0 1  0
    66  -.2672494917205612E-01   5   2 1  1 0  0 1  0
    67  -.1411309897692927E-02   5   1 2  1 0  0 1  0
    68  -.2445362984292396E-01   5   0 3  1 0  0 1  0
    69  0.8949256831795052E-02   5   2 0  2 0  0 1  0
    70  -.8669981523487181E-02   5   1 1  2 0  0 1  0
    71  0.5771151420946349E-02   5   0 2  2 0  0 1  0
    72  -.2672494917205610E-01   5   0 1  3 0  0 1  0
    73  0.4474628415897527E-02   5   0 0  4 0  0 1  0
    74  0.2672494917205610E-01   5   3 0  0 1  0 1  0
    75  0.1411309897692927E-02   5   2 1  0 1  0 1  0
    76  0.2445362984292395E-01   5   1 2  0 1  0 1  0
    77  -.8669981523487190E-02   5   2 0  1 1  0 1  0
    78  -.9138018902537353E-02   5   1 1  1 1  0 1  0
    79  -.4535394029168251E-02   5   0 2  1 1  0 1  0
    80  0.2672494917205610E-01   5   1 0  2 1  0 1  0
    81  -.1411309897692921E-02   5   0 1  2 1  0 1  0
    82  -.8669981523487183E-02   5   0 0  3 1  0 1  0
    83  0.5771151420946351E-02   5   2 0  0 2  0 1  0
    84  -.4535394029168256E-02   5   1 1  0 2  0 1  0
    85  0.1113786215809711       5   0 2  0 2  0 1  0
    86  0.1411309897692925E-02   5   1 0  1 2  0 1  0
    87  -.2445362984292396E-01   5   0 1  1 2  0 1  0
    88  0.1202141969677678E-02   5   0 0  2 2  0 1  0
    89  0.2445362984292397E-01   5   1 0  0 3  0 1  0
    90  -.4535394029168246E-02   5   0 0  1 3  0 1  0
    91  0.5568931079048556E-01   5   0 0  0 4  0 1  0
    92  0.9165277843750576E-03   5   2 0  0 0  0 3  0
    93  -.2895182878271495E-02   5   1 1  0 0  0 3  0
    94  0.5472253577831095E-01   5   0 2  0 0  0 3  0
    95  -.1183470492479109E-01   5   0 1  1 0  0 3  0
    96  0.9165277843750577E-03   5   0 0  2 0  0 3  0
    97  0.1183470492479109E-01   5   1 0  0 1  0 3  0
    98  -.2895182878271497E-02   5   0 0  1 1  0 3  0
    99  0.5472253577831095E-01   5   0 0  0 2  0 3  0
   100  0.6639787906708204E-02   5   0 0  0 0  0 5  0
   --------------------------------------------------
     I  COEFFICIENT            ORDER EXPONENTS
     1  1.0000000000000000       1   0 0  0 0  0 1  0
     ------------------------------------------------
     ALL COMPONENTS ZERO 
     ------------------- 
     ALL COMPONENTS ZERO 
     ------------------- 
