 L    0.3793416666666660E-01
 P (  0.0000000000000000E+00,  0.0000000000000000E+00,  0.1707037499999999E+01)
 A (  0.0000000000000000E+00,  0.0000000000000000E+00,  0.0000000000000000E+00)
     I  COEFFICIENT            ORDER EXPONENTS
     1   1.000158481435321       1   1 0  0 0  0 0  0
     2  0.3776183191832277E-01   1   0 1  0 0  0 0  0
     3  -.2949322328466175E-02   1   0 0  1 0  0 0  0
     4  0.3126212779237102E-02   1   0 0  0 1  0 0  0
     5  -.2157579867597964E-03   2   1 0  0 0  0 1  0
     6  -.2550424228458555E-01   2   0 1  0 0  0 1  0
     7  0.2001508460631593E-02   2   0 0  1 0  0 1  0
     8  -.4252017604371524E-02   2   0 0  0 1  0 1  0
     9  0.2693841492819447E-02   3   3 0  0 0  0 0  0
    10  -.5692984193107156E-03   3   2 1  0 0  0 0  0
    11  -.2482043514419736E-04   3   1 2  0 0  0 0  0
    12  0.1870707171993535E-01   3   0 3  0 0  0 0  0
    13  -.4402967000416953E-01   3   2 0  1 0  0 0  0
    14  -.1150756293777803E-02   3   1 1  1 0  0 0  0
    15  -.4386936742964965E-02   3   0 2  1 0  0 0  0
    16  0.2693841492819446E-02   3   1 0  2 0  0 0  0
    17  -.2653399808928587E-03   3   0 1  2 0  0 0  0
    18  -.4402967000416952E-01   3   0 0  3 0  0 0  0
    19  0.7222671203201527E-02   3   2 0  0 1  0 0  0
    20  0.3025723624635753E-02   3   1 1  0 1  0 0  0
    21  0.3120005052580733E-02   3   0 2  0 1  0 0  0
    22  -.3039584384178580E-03   3   1 0  1 1  0 0  0
    23  -.6706205150229916E-03   3   0 1  1 1  0 0  0
    24  0.6071914909423734E-02   3   0 0  2 1  0 0  0
    25  0.6458000798787945E-03   3   1 0  0 2  0 0  0
    26  0.1870707171993535E-01   3   0 1  0 2  0 0  0
    27  -.1361213118329211E-02   3   0 0  1 2  0 0  0
    28  0.3120005052580733E-02   3   0 0  0 3  0 0  0
    29  0.2362473095283187E-03   3   1 0  0 0  0 2  0
    30  0.1904107222895040E-01   3   0 1  0 0  0 2  0
    31  -.1504119202991421E-02   3   0 0  1 0  0 2  0
    32  0.4650306550966975E-02   3   0 0  0 1  0 2  0
    33  -.3668696344448615E-02   4   3 0  0 0  0 1  0
    34  0.1167218776284484E-02   4   2 1  0 0  0 1  0
    35  0.6477996837096267E-04   4   1 2  0 0  0 1  0
    36  -.3789917606780723E-01   4   0 3  0 0  0 1  0
    37  0.2987067948715699E-01   4   2 0  1 0  0 1  0
    38  0.1581342050728215E-02   4   1 1  1 0  0 1  0
    39  0.8892236912369945E-02   4   0 2  1 0  0 1  0
    40  -.3668696344448616E-02   4   1 0  2 0  0 1  0
    41  0.5467814449635329E-03   4   0 1  2 0  0 1  0
    42  0.2987067948715699E-01   4   0 0  3 0  0 1  0
    43  -.9860615207160311E-02   4   2 0  0 1  0 1  0
    44  -.6083414043617673E-02   4   1 1  0 1  0 1  0
    45  -.8486757624112220E-02   4   0 2  0 1  0 1  0
    46  0.6204373313209521E-03   4   1 0  1 1  0 1  0
    47  0.1820255099051085E-02   4   0 1  1 1  0 1  0
    48  -.8279273156432104E-02   4   0 0  2 1  0 1  0
    49  -.1755475130680123E-02   4   1 0  0 2  0 1  0
    50  -.3789917606780723E-01   4   0 1  0 2  0 1  0
    51  0.2808822868752271E-02   4   0 0  1 2  0 1  0
    52  -.8486757624112220E-02   4   0 0  0 3  0 1  0
    53  -.2433649618371753E-03   4   1 0  0 0  0 3  0
    54  -.1531129486799316E-01   4   0 1  0 0  0 3  0
    55  0.1218650310966705E-02   4   0 0  1 0  0 3  0
    56  -.4784020205363468E-02   4   0 0  0 1  0 3  0
    57  0.2661232668773558E-01   5   5 0  0 0  0 0  0
    58  0.4904606708172029E-03   5   4 1  0 0  0 0  0
    59  -.1772172039799548E-03   5   3 2  0 0  0 0  0
    60  -.9814201612682071E-03   5   2 3  0 0  0 0  0
    61  -.2078074173450153E-03   5   1 4  0 0  0 0  0
    62  0.1389842055481545E-01   5   0 5  0 0  0 0  0
    63  -.3735055045625592       5   4 0  1 0  0 0  0
    64  -.1919651965933213E-01   5   3 1  1 0  0 0  0
    65  -.6572081616282871E-01   5   2 2  1 0  0 0  0
    66  -.2211752830404629E-02   5   1 3  1 0  0 0  0
    67  -.5436518660491029E-02   5   0 4  1 0  0 0  0
    68  0.5322465337547107E-01   5   3 0  2 0  0 0  0
    69  0.1011247340783829E-01   5   2 1  2 0  0 0  0
    70  0.1565731096679688E-03   5   1 2  2 0  0 0  0
    71  0.7979405525498479E-04   5   0 3  2 0  0 0  0
    72  -.7470110091251189       5   2 0  3 0  0 0  0
    73  -.1919651965933214E-01   5   1 1  3 0  0 0  0
    74  -.6543626079591858E-01   5   0 2  3 0  0 0  0
    75  0.2661232668773552E-01   5   1 0  4 0  0 0  0
    76  0.9622012737021084E-02   5   0 1  4 0  0 0  0
    77  -.3735055045625589       5   0 0  5 0  0 0  0
    78  0.4220122464325252E-01   5   4 0  0 1  0 0  0
    79  0.4401226490226224E-01   5   3 1  0 1  0 0  0
    80  0.8275594189198366E-02   5   2 2  0 1  0 0  0
    81  0.4472152198972667E-02   5   1 3  0 1  0 0  0
    82  0.3113530177072493E-02   5   0 4  0 1  0 0  0
    83  -.9131552066203896E-02   5   3 0  1 1  0 0  0
    84  -.1148149865384304E-01   5   2 1  1 1  0 0  0
    85  -.1866681006226057E-02   5   1 2  1 1  0 0  0
    86  -.1339448189484531E-02   5   0 3  1 1  0 0  0
    87  0.6520592962717303E-01   5   2 0  2 1  0 0  0
    88  0.4344315416844203E-01   5   1 1  2 1  0 0  0
    89  0.5127542723064189E-02   5   0 2  2 1  0 0  0
    90  -.9131552066203896E-02   5   1 0  3 1  0 0  0
    91  -.1081391802654720E-01   5   0 1  3 1  0 0  0
    92  0.2300470498392046E-01   5   0 0  4 1  0 0  0
    93  0.1097049113621518E-01   5   3 0  0 2  0 0  0
    94  -.1759533715653531E-03   5   2 1  0 2  0 0  0
    95  0.9238333547945068E-03   5   1 2  0 2  0 0  0
    96  0.2779684110963089E-01   5   0 3  0 2  0 0  0
    97  -.2142399589365636E-01   5   2 0  1 2  0 0  0
    98  -.3391555589454493E-03   5   1 1  1 2  0 0  0
    99  -.6400885122009431E-02   5   0 2  1 2  0 0  0
   100  0.1063670082256725E-01   5   1 0  2 2  0 0  0
   101  -.7256727344478703E-03   5   0 1  2 2  0 0  0
   102  -.2170855126056645E-01   5   0 0  3 2  0 0  0
   103  0.7339295553468790E-02   5   2 0  0 3  0 0  0
   104  0.4472152198972664E-02   5   1 1  0 3  0 0  0
   105  0.6227060354144991E-02   5   0 2  0 3  0 0  0
   106  -.2557474268203361E-03   5   1 0  1 3  0 0  0
   107  -.1339448189484531E-02   5   0 1  1 3  0 0  0
   108  0.6063841358793743E-02   5   0 0  2 3  0 0  0
   109  0.1131640772139518E-02   5   1 0  0 4  0 0  0
   110  0.1389842055481546E-01   5   0 1  0 4  0 0  0
   111  -.9643664615183777E-03   5   0 0  1 4  0 0  0
   112  0.3113530177072494E-02   5   0 0  0 5  0 0  0
   113  0.4018824847900311E-02   5   3 0  0 0  0 2  0
   114  -.1683230826566368E-02   5   2 1  0 0  0 2  0
   115  -.1093064701990325E-03   5   1 2  0 0  0 2  0
   116  0.5388175703870809E-01   5   0 3  0 0  0 2  0
   117  -.2243787188465310E-01   5   2 0  1 0  0 2  0
   118  -.1751529714280912E-02   5   1 1  1 0  0 2  0
   119  -.1265028445078771E-01   5   0 2  1 0  0 2  0
   120  0.4018824847900313E-02   5   1 0  2 0  0 2  0
   121  -.7931843508514511E-03   5   0 1  2 0  0 2  0
   122  -.2243787188465310E-01   5   0 0  3 0  0 2  0
   123  0.1083424152280368E-01   5   2 0  0 1  0 2  0
   124  0.8569413670569492E-02   5   1 1  0 1  0 2  0
   125  0.1505239527368633E-01   5   0 2  0 1  0 2  0
   126  -.8900464757149196E-03   5   1 0  1 1  0 2  0
   127  -.3220483399958084E-02   5   0 1  1 1  0 2  0
   128  0.9082711808522780E-02   5   0 0  2 1  0 2  0
   129  0.3111176929759052E-02   5   1 0  0 2  0 2  0
   130  0.5388175703870809E-01   5   0 1  0 2  0 2  0
   131  -.4080870780218220E-02   5   0 0  1 2  0 2  0
   132  0.1505239527368633E-01   5   0 0  0 3  0 2  0
   133  0.2456224021263319E-03   5   1 0  0 0  0 4  0
   134  0.1295326649814538E-01   5   0 1  0 0  0 4  0
   135  -.1039257600029239E-02   5   0 0  1 0  0 4  0
   136  0.4821526149180650E-02   5   0 0  0 1  0 4  0
   --------------------------------------------------
     I  COEFFICIENT            ORDER EXPONENTS
     1  0.1251965015183240E-01   1   1 0  0 0  0 0  0
     2  0.9867252006940838       1   0 1  0 0  0 0  0
     3  -.1596013623290611       1   0 0  1 0  0 0  0
     4  0.1613450771932290       1   0 0  0 1  0 0  0
     5  -.8496434412240499E-02   2   1 0  0 0  0 1  0
     6  0.1805550192188283E-01   2   0 1  0 0  0 1  0
     7  -.9131139579876079E-03   2   0 0  1 0  0 1  0
     8  -.1089814105622590       2   0 0  0 1  0 1  0
     9  0.2069688157181823       3   3 0  0 0  0 0  0
    10  -.4639412113744144E-01   3   2 1  0 0  0 0  0
    11  0.4857729805546689E-02   3   1 2  0 0  0 0  0
    12  -.1326058153703361E-01   3   0 3  0 0  0 0  0
    13  -2.356200988915653       3   2 0  1 0  0 0  0
    14  -.9249171881534708E-01   3   1 1  1 0  0 0  0
    15  0.1626284085355753E-02   3   0 2  1 0  0 0  0
    16  0.2069688157181823       3   1 0  2 0  0 0  0
    17  -.4691427676874989E-01   3   0 1  2 0  0 0  0
    18  -2.356200988915653       3   0 0  3 0  0 0  0
    19  0.3022834635633020       3   2 0  0 1  0 0  0
    20  0.5709869112626266E-02   3   1 1  0 1  0 0  0
    21  0.8002712791207454E-01   3   0 2  0 1  0 0  0
    22  0.5201556313084895E-03   3   1 0  1 1  0 0  0
    23  -.1418464295456610E-01   3   0 1  1 1  0 0  0
    24  0.2097917447479550       3   0 0  2 1  0 0  0
    25  0.1904237276011280E-01   3   1 0  0 2  0 0  0
    26  -.1326058153703361E-01   3   0 1  0 2  0 0  0
    27  0.7336153197982015E-02   3   0 0  1 2  0 0  0
    28  0.8002712791207454E-01   3   0 0  0 3  0 0  0
    29  0.6385196316593986E-02   3   1 0  0 0  0 2  0
    30  -.1974705952037557E-01   3   0 1  0 0  0 2  0
    31  0.9998324985366056E-03   3   0 0  1 0  0 2  0
    32  0.8137347585482382E-01   3   0 0  0 1  0 2  0
    33  -.1404298417739142       4   3 0  0 0  0 1  0
    34  0.6320460940073004E-01   4   2 1  0 0  0 1  0
    35  -.1004658061524683E-01   4   1 2  0 0  0 1  0
    36  0.3607068169275063E-01   4   0 3  0 0  0 1  0
    37  -.1660606252522776E-01   4   2 0  1 0  0 1  0
    38  0.6449876944199678E-01   4   1 1  1 0  0 1  0
    39  -.5997207312880152E-02   4   0 2  1 0  0 1  0
    40  -.1404298417739143       4   1 0  2 0  0 1  0
    41  0.6397552245547257E-01   4   0 1  2 0  0 1  0
    42  -.1660606252522775E-01   4   0 0  3 0  0 1  0
    43  -.2031050514313824       4   2 0  0 1  0 1  0
    44  -.3780003853036354E-02   4   1 1  0 1  0 1  0
    45  -.1621439427002224       4   0 2  0 1  0 1  0
    46  -.7709130547425040E-03   4   1 0  1 1  0 1  0
    47  0.2855555298747583E-01   4   0 1  1 1  0 1  0
    48  -.1386062819893857       4   0 0  2 1  0 1  0
    49  -.3860213360272268E-01   4   1 0  0 2  0 1  0
    50  0.3607068169275063E-01   4   0 1  0 2  0 1  0
    51  -.9777211165916504E-02   4   0 0  1 2  0 1  0
    52  -.1621439427002224       4   0 0  0 3  0 1  0
    53  -.5173514307136084E-02   4   1 0  0 0  0 3  0
    54  0.2031519641311322E-01   4   0 1  0 0  0 3  0
    55  -.1029961516325605E-02   4   0 0  1 0  0 3  0
    56  -.6544297705667669E-01   4   0 0  0 1  0 3  0
    57   1.935854163712686       5   5 0  0 0  0 0  0
    58  -.1827151679155510       5   4 1  0 0  0 0  0
    59  0.9761979932488873E-01   5   3 2  0 0  0 0  0
    60  -.4639399049887237E-01   5   2 3  0 0  0 0  0
    61  0.2717054303955176E-02   5   1 4  0 0  0 0  0
    62  -.1324517508172382E-01   5   0 5  0 0  0 0  0
    63  -19.36862087762681       5   4 0  1 0  0 0  0
    64  -1.498304588240379       5   3 1  1 0  0 0  0
    65  -.5459893484845111E-02   5   2 2  1 0  0 0  0
    66  -.4728773629697509E-01   5   1 3  1 0  0 0  0
    67  0.3734451162528549E-02   5   0 4  1 0  0 0  0
    68   3.871708327425371       5   3 0  2 0  0 0  0
    69  -.3718810604974541       5   2 1  2 0  0 0  0
    70  0.1055619033773884       5   1 2  2 0  0 0  0
    71  -.4722328765680685E-01   5   0 3  2 0  0 0  0
    72  -38.73724175525361       5   2 0  3 0  0 0  0
    73  -1.498304588240380       5   1 1  3 0  0 0  0
    74  0.3151814091785153E-01   5   0 2  3 0  0 0  0
    75   1.935854163712683       5   1 0  4 0  0 0  0
    76  -.1891658925819030       5   0 1  4 0  0 0  0
    77  -19.36862087762681       5   0 0  5 0  0 0  0
    78   1.322622949023673       5   4 0  0 1  0 0  0
    79  -.1834158229610536E-01   5   3 1  0 1  0 0  0
    80  0.1473193727224488       5   2 2  0 1  0 0  0
    81  0.2735861669790764E-02   5   1 3  0 1  0 0  0
    82  0.5952887638524015E-01   5   0 4  0 1  0 0  0
    83  0.6450724666352144E-02   5   3 0  1 1  0 0  0
    84  -.2193150790704353       5   2 1  1 1  0 0  0
    85  -.4344057653095141E-02   5   1 2  1 1  0 0  0
    86  -.2100647539613615E-01   5   0 3  1 1  0 0  0
    87   1.146941309806967       5   2 0  2 1  0 0  0
    88  -.9229765110149861E-01   5   1 1  2 1  0 0  0
    89  0.1038114148141825       5   0 2  2 1  0 0  0
    90  0.6450724666352262E-02   5   1 0  3 1  0 0  0
    91  -.2034308709654359       5   0 1  3 1  0 0  0
    92  -.1756816392167053       5   0 0  4 1  0 0  0
    93  0.3089927743428246       5   3 0  0 2  0 0  0
    94  -.4122063568784295E-01   5   2 1  0 2  0 0  0
    95  0.2644058400404674E-01   5   1 2  0 2  0 0  0
    96  -.2649035016344750E-01   5   0 3  0 2  0 0  0
    97  0.1317655862174607E-01   5   2 0  1 2  0 0  0
    98  -.5484729307439169E-01   5   1 1  1 2  0 0  0
    99  0.1020476399484667E-01   5   0 2  1 2  0 0  0
   100  0.3010506702903246       5   1 0  2 2  0 0  0
   101  -.5239664246783637E-01   5   0 1  2 2  0 0  0
   102  -.2380147578095048E-01   5   0 0  3 2  0 0  0
   103  0.1510991511111572       5   2 0  0 3  0 0  0
   104  0.2735861669790713E-02   5   1 1  0 3  0 0  0
   105  0.1190577527704803       5   0 2  0 3  0 0  0
   106  0.6002651968964011E-02   5   1 0  1 3  0 0  0
   107  -.2100647539613616E-01   5   0 1  1 3  0 0  0
   108  0.1000316364254736       5   0 0  2 3  0 0  0
   109  0.2372352970009137E-01   5   1 0  0 4  0 0  0
   110  -.1324517508172353E-01   5   0 1  0 4  0 0  0
   111  0.6470312832318856E-02   5   0 0  1 4  0 0  0
   112  0.5952887638524009E-01   5   0 0  0 5  0 0  0
   113  0.1055045280437152       5   3 0  0 0  0 2  0
   114  -.6926403310466232E-01   5   2 1  0 0  0 2  0
   115  0.1463473420225252E-01   5   1 2  0 0  0 2  0
   116  -.6397705667252150E-01   5   0 3  0 0  0 2  0
   117  0.1819076074991383E-01   5   2 0  1 0  0 2  0
   118  -.5024139148383065E-01   5   1 1  1 0  0 2  0
   119  0.1170026496441575E-01   5   0 2  1 0  0 2  0
   120  0.1055045280437152       5   1 0  2 0  0 2  0
   121  -.7019366998417891E-01   5   0 1  2 0  0 2  0
   122  0.1819076074991382E-01   5   0 0  3 0  0 2  0
   123  0.1505193056622059       5   2 0  0 1  0 2  0
   124  -.1264618962424006E-02   5   1 1  0 1  0 2  0
   125  0.2305475023615094       5   0 2  0 1  0 2  0
   126  0.9296368795166179E-03   5   1 0  1 1  0 2  0
   127  -.4028765160108345E-01   5   0 1  1 1  0 2  0
   128  0.1002779141783751       5   0 0  2 1  0 2  0
   129  0.5492238580333596E-01   5   1 0  0 2  0 2  0
   130  -.6397705667252150E-01   5   0 1  0 2  0 2  0
   131  0.1043564600199174E-01   5   0 0  1 2  0 2  0
   132  0.2305475023615094       5   0 0  0 3  0 2  0
   133  0.4412097454997340E-02   5   1 0  0 0  0 4  0
   134  -.2047482519815421E-01   5   0 1  0 0  0 4  0
   135  0.1039521936324321E-02   5   0 0  1 0  0 4  0
   136  0.5537251101054420E-01   5   0 0  0 1  0 4  0
   --------------------------------------------------
     I  COEFFICIENT            ORDER EXPONENTS
     1  0.2949322328466175E-02   1   1 0  0 0  0 0  0
     2  -.3126212779237102E-02   1   0 1  0 0  0 0  0
     3   1.000158481435321       1   0 0  1 0  0 0  0
     4  0.3776183191832277E-01   1   0 0  0 1  0 0  0
     5  -.2001508460631593E-02   2   1 0  0 0  0 1  0
     6  0.4252017604371524E-02   2   0 1  0 0  0 1  0
     7  -.2157579867597964E-03   2   0 0  1 0  0 1  0
     8  -.2550424228458555E-01   2   0 0  0 1  0 1  0
     9  0.4402967000416952E-01   3   3 0  0 0  0 0  0
    10  -.6071914909423734E-02   3   2 1  0 0  0 0  0
    11  0.1361213118329211E-02   3   1 2  0 0  0 0  0
    12  -.3120005052580733E-02   3   0 3  0 0  0 0  0
    13  0.2693841492819446E-02   3   2 0  1 0  0 0  0
    14  -.3039584384178579E-03   3   1 1  1 0  0 0  0
    15  0.6458000798787946E-03   3   0 2  1 0  0 0  0
    16  0.4402967000416953E-01   3   1 0  2 0  0 0  0
    17  -.7222671203201525E-02   3   0 1  2 0  0 0  0
    18  0.2693841492819447E-02   3   0 0  3 0  0 0  0
    19  -.2653399808928587E-03   3   2 0  0 1  0 0  0
    20  -.6706205150229916E-03   3   1 1  0 1  0 0  0
    21  0.1870707171993535E-01   3   0 2  0 1  0 0  0
    22  0.1150756293777802E-02   3   1 0  1 1  0 0  0
    23  -.3025723624635753E-02   3   0 1  1 1  0 0  0
    24  -.5692984193107156E-03   3   0 0  2 1  0 0  0
    25  0.4386936742964963E-02   3   1 0  0 2  0 0  0
    26  -.3120005052580733E-02   3   0 1  0 2  0 0  0
    27  -.2482043514419736E-04   3   0 0  1 2  0 0  0
    28  0.1870707171993535E-01   3   0 0  0 3  0 0  0
    29  0.1504119202991421E-02   3   1 0  0 0  0 2  0
    30  -.4650306550966975E-02   3   0 1  0 0  0 2  0
    31  0.2362473095283187E-03   3   0 0  1 0  0 2  0
    32  0.1904107222895040E-01   3   0 0  0 1  0 2  0
    33  -.2987067948715699E-01   4   3 0  0 0  0 1  0
    34  0.8279273156432104E-02   4   2 1  0 0  0 1  0
    35  -.2808822868752271E-02   4   1 2  0 0  0 1  0
    36  0.8486757624112220E-02   4   0 3  0 0  0 1  0
    37  -.3668696344448618E-02   4   2 0  1 0  0 1  0
    38  0.6204373313209523E-03   4   1 1  1 0  0 1  0
    39  -.1755475130680123E-02   4   0 2  1 0  0 1  0
    40  -.2987067948715699E-01   4   1 0  2 0  0 1  0
    41  0.9860615207160316E-02   4   0 1  2 0  0 1  0
    42  -.3668696344448616E-02   4   0 0  3 0  0 1  0
    43  0.5467814449635328E-03   4   2 0  0 1  0 1  0
    44  0.1820255099051085E-02   4   1 1  0 1  0 1  0
    45  -.3789917606780723E-01   4   0 2  0 1  0 1  0
    46  -.1581342050728215E-02   4   1 0  1 1  0 1  0
    47  0.6083414043617673E-02   4   0 1  1 1  0 1  0
    48  0.1167218776284484E-02   4   0 0  2 1  0 1  0
    49  -.8892236912369945E-02   4   1 0  0 2  0 1  0
    50  0.8486757624112220E-02   4   0 1  0 2  0 1  0
    51  0.6477996837096267E-04   4   0 0  1 2  0 1  0
    52  -.3789917606780723E-01   4   0 0  0 3  0 1  0
    53  -.1218650310966705E-02   4   1 0  0 0  0 3  0
    54  0.4784020205363468E-02   4   0 1  0 0  0 3  0
    55  -.2433649618371753E-03   4   0 0  1 0  0 3  0
    56  -.1531129486799316E-01   4   0 0  0 1  0 3  0
    57  0.3735055045625593       5   5 0  0 0  0 0  0
    58  -.2300470498392052E-01   5   4 1  0 0  0 0  0
    59  0.2170855126056645E-01   5   3 2  0 0  0 0  0
    60  -.6063841358793745E-02   5   2 3  0 0  0 0  0
    61  0.9643664615183777E-03   5   1 4  0 0  0 0  0
    62  -.3113530177072494E-02   5   0 5  0 0  0 0  0
    63  0.2661232668773557E-01   5   4 0  1 0  0 0  0
    64  -.9131552066203896E-02   5   3 1  1 0  0 0  0
    65  0.1063670082256725E-01   5   2 2  1 0  0 0  0
    66  -.2557474268203358E-03   5   1 3  1 0  0 0  0
    67  0.1131640772139517E-02   5   0 4  1 0  0 0  0
    68  0.7470110091251183       5   3 0  2 0  0 0  0
    69  -.6520592962717306E-01   5   2 1  2 0  0 0  0
    70  0.2142399589365636E-01   5   1 2  2 0  0 0  0
    71  -.7339295553468793E-02   5   0 3  2 0  0 0  0
    72  0.5322465337547114E-01   5   2 0  3 0  0 0  0
    73  -.9131552066203896E-02   5   1 1  3 0  0 0  0
    74  0.1097049113621518E-01   5   0 2  3 0  0 0  0
    75  0.3735055045625589       5   1 0  4 0  0 0  0
    76  -.4220122464325256E-01   5   0 1  4 0  0 0  0
    77  0.2661232668773559E-01   5   0 0  5 0  0 0  0
    78  0.9622012737021089E-02   5   4 0  0 1  0 0  0
    79  -.1081391802654720E-01   5   3 1  0 1  0 0  0
    80  -.7256727344478703E-03   5   2 2  0 1  0 0  0
    81  -.1339448189484531E-02   5   1 3  0 1  0 0  0
    82  0.1389842055481546E-01   5   0 4  0 1  0 0  0
    83  0.1919651965933212E-01   5   3 0  1 1  0 0  0
    84  -.4344315416844206E-01   5   2 1  1 1  0 0  0
    85  0.3391555589454476E-03   5   1 2  1 1  0 0  0
    86  -.4472152198972666E-02   5   0 3  1 1  0 0  0
    87  0.1011247340783828E-01   5   2 0  2 1  0 0  0
    88  -.1148149865384304E-01   5   1 1  2 1  0 0  0
    89  -.1759533715653539E-03   5   0 2  2 1  0 0  0
    90  0.1919651965933214E-01   5   1 0  3 1  0 0  0
    91  -.4401226490226223E-01   5   0 1  3 1  0 0  0
    92  0.4904606708172012E-03   5   0 0  4 1  0 0  0
    93  0.6543626079591859E-01   5   3 0  0 2  0 0  0
    94  -.5127542723064186E-02   5   2 1  0 2  0 0  0
    95  0.6400885122009431E-02   5   1 2  0 2  0 0  0
    96  -.6227060354144991E-02   5   0 3  0 2  0 0  0
    97  0.1565731096679665E-03   5   2 0  1 2  0 0  0
    98  -.1866681006226056E-02   5   1 1  1 2  0 0  0
    99  0.9238333547945063E-03   5   0 2  1 2  0 0  0
   100  0.6572081616282867E-01   5   1 0  2 2  0 0  0
   101  -.8275594189198363E-02   5   0 1  2 2  0 0  0
   102  -.1772172039799551E-03   5   0 0  3 2  0 0  0
   103  0.7979405525498595E-04   5   2 0  0 3  0 0  0
   104  -.1339448189484531E-02   5   1 1  0 3  0 0  0
   105  0.2779684110963089E-01   5   0 2  0 3  0 0  0
   106  0.2211752830404629E-02   5   1 0  1 3  0 0  0
   107  -.4472152198972667E-02   5   0 1  1 3  0 0  0
   108  -.9814201612682069E-03   5   0 0  2 3  0 0  0
   109  0.5436518660491029E-02   5   1 0  0 4  0 0  0
   110  -.3113530177072493E-02   5   0 1  0 4  0 0  0
   111  -.2078074173450153E-03   5   0 0  1 4  0 0  0
   112  0.1389842055481545E-01   5   0 0  0 5  0 0  0
   113  0.2243787188465310E-01   5   3 0  0 0  0 2  0
   114  -.9082711808522780E-02   5   2 1  0 0  0 2  0
   115  0.4080870780218220E-02   5   1 2  0 0  0 2  0
   116  -.1505239527368633E-01   5   0 3  0 0  0 2  0
   117  0.4018824847900314E-02   5   2 0  1 0  0 2  0
   118  -.8900464757149194E-03   5   1 1  1 0  0 2  0
   119  0.3111176929759051E-02   5   0 2  1 0  0 2  0
   120  0.2243787188465310E-01   5   1 0  2 0  0 2  0
   121  -.1083424152280368E-01   5   0 1  2 0  0 2  0
   122  0.4018824847900311E-02   5   0 0  3 0  0 2  0
   123  -.7931843508514517E-03   5   2 0  0 1  0 2  0
   124  -.3220483399958083E-02   5   1 1  0 1  0 2  0
   125  0.5388175703870809E-01   5   0 2  0 1  0 2  0
   126  0.1751529714280911E-02   5   1 0  1 1  0 2  0
   127  -.8569413670569492E-02   5   0 1  1 1  0 2  0
   128  -.1683230826566368E-02   5   0 0  2 1  0 2  0
   129  0.1265028445078771E-01   5   1 0  0 2  0 2  0
   130  -.1505239527368633E-01   5   0 1  0 2  0 2  0
   131  -.1093064701990324E-03   5   0 0  1 2  0 2  0
   132  0.5388175703870809E-01   5   0 0  0 3  0 2  0
   133  0.1039257600029239E-02   5   1 0  0 0  0 4  0
   134  -.4821526149180650E-02   5   0 1  0 0  0 4  0
   135  0.2456224021263319E-03   5   0 0  1 0  0 4  0
   136  0.1295326649814538E-01   5   0 0  0 1  0 4  0
   --------------------------------------------------
     I  COEFFICIENT            ORDER EXPONENTS
     1  0.1596013623290611       1   1 0  0 0  0 0  0
     2  -.1613450771932290       1   0 1  0 0  0 0  0
     3  0.1251965015183240E-01   1   0 0  1 0  0 0  0
     4  0.9867252006940838       1   0 0  0 1  0 0  0
     5  0.9131139579876079E-03   2   1 0  0 0  0 1  0
     6  0.1089814105622590       2   0 1  0 0  0 1  0
     7  -.8496434412240499E-02   2   0 0  1 0  0 1  0
     8  0.1805550192188283E-01   2   0 0  0 1  0 1  0
     9   2.356200988915652       3   3 0  0 0  0 0  0
    10  -.2097917447479549       3   2 1  0 0  0 0  0
    11  -.7336153197982015E-02   3   1 2  0 0  0 0  0
    12  -.8002712791207454E-01   3   0 3  0 0  0 0  0
    13  0.2069688157181823       3   2 0  1 0  0 0  0
    14  0.5201556313084930E-03   3   1 1  1 0  0 0  0
    15  0.1904237276011280E-01   3   0 2  1 0  0 0  0
    16   2.356200988915652       3   1 0  2 0  0 0  0
    17  -.3022834635633020       3   0 1  2 0  0 0  0
    18  0.2069688157181823       3   0 0  3 0  0 0  0
    19  -.4691427676874989E-01   3   2 0  0 1  0 0  0
    20  -.1418464295456610E-01   3   1 1  0 1  0 0  0
    21  -.1326058153703361E-01   3   0 2  0 1  0 0  0
    22  0.9249171881534710E-01   3   1 0  1 1  0 0  0
    23  -.5709869112626264E-02   3   0 1  1 1  0 0  0
    24  -.4639412113744146E-01   3   0 0  2 1  0 0  0
    25  -.1626284085355753E-02   3   1 0  0 2  0 0  0
    26  -.8002712791207454E-01   3   0 1  0 2  0 0  0
    27  0.4857729805546689E-02   3   0 0  1 2  0 0  0
    28  -.1326058153703361E-01   3   0 0  0 3  0 0  0
    29  -.9998324985366056E-03   3   1 0  0 0  0 2  0
    30  -.8137347585482382E-01   3   0 1  0 0  0 2  0
    31  0.6385196316593986E-02   3   0 0  1 0  0 2  0
    32  -.1974705952037557E-01   3   0 0  0 1  0 2  0
    33  0.1660606252522775E-01   4   3 0  0 0  0 1  0
    34  0.1386062819893857       4   2 1  0 0  0 1  0
    35  0.9777211165916504E-02   4   1 2  0 0  0 1  0
    36  0.1621439427002224       4   0 3  0 0  0 1  0
    37  -.1404298417739143       4   2 0  1 0  0 1  0
    38  -.7709130547425040E-03   4   1 1  1 0  0 1  0
    39  -.3860213360272268E-01   4   0 2  1 0  0 1  0
    40  0.1660606252522775E-01   4   1 0  2 0  0 1  0
    41  0.2031050514313824       4   0 1  2 0  0 1  0
    42  -.1404298417739142       4   0 0  3 0  0 1  0
    43  0.6397552245547254E-01   4   2 0  0 1  0 1  0
    44  0.2855555298747583E-01   4   1 1  0 1  0 1  0
    45  0.3607068169275063E-01   4   0 2  0 1  0 1  0
    46  -.6449876944199680E-01   4   1 0  1 1  0 1  0
    47  0.3780003853036353E-02   4   0 1  1 1  0 1  0
    48  0.6320460940073006E-01   4   0 0  2 1  0 1  0
    49  0.5997207312880152E-02   4   1 0  0 2  0 1  0
    50  0.1621439427002224       4   0 1  0 2  0 1  0
    51  -.1004658061524683E-01   4   0 0  1 2  0 1  0
    52  0.3607068169275063E-01   4   0 0  0 3  0 1  0
    53  0.1029961516325605E-02   4   1 0  0 0  0 3  0
    54  0.6544297705667669E-01   4   0 1  0 0  0 3  0
    55  -.5173514307136084E-02   4   0 0  1 0  0 3  0
    56  0.2031519641311322E-01   4   0 0  0 1  0 3  0
    57   19.36862087762680       5   5 0  0 0  0 0  0
    58  0.1756816392167047       5   4 1  0 0  0 0  0
    59  0.2380147578095045E-01   5   3 2  0 0  0 0  0
    60  -.1000316364254736       5   2 3  0 0  0 0  0
    61  -.6470312832318856E-02   5   1 4  0 0  0 0  0
    62  -.5952887638524009E-01   5   0 5  0 0  0 0  0
    63   1.935854163712684       5   4 0  1 0  0 0  0
    64  0.6450724666352258E-02   5   3 1  1 0  0 0  0
    65  0.3010506702903246       5   2 2  1 0  0 0  0
    66  0.6002651968964020E-02   5   1 3  1 0  0 0  0
    67  0.2372352970009137E-01   5   0 4  1 0  0 0  0
    68   38.73724175525361       5   3 0  2 0  0 0  0
    69  -1.146941309806969       5   2 1  2 0  0 0  0
    70  -.1317655862174605E-01   5   1 2  2 0  0 0  0
    71  -.1510991511111572       5   0 3  2 0  0 0  0
    72   3.871708327425371       5   2 0  3 0  0 0  0
    73  0.6450724666352237E-02   5   1 1  3 0  0 0  0
    74  0.3089927743428246       5   0 2  3 0  0 0  0
    75   19.36862087762680       5   1 0  4 0  0 0  0
    76  -1.322622949023674       5   0 1  4 0  0 0  0
    77   1.935854163712684       5   0 0  5 0  0 0  0
    78  -.1891658925819029       5   4 0  0 1  0 0  0
    79  -.2034308709654359       5   3 1  0 1  0 0  0
    80  -.5239664246783632E-01   5   2 2  0 1  0 0  0
    81  -.2100647539613616E-01   5   1 3  0 1  0 0  0
    82  -.1324517508172353E-01   5   0 4  0 1  0 0  0
    83   1.498304588240379       5   3 0  1 1  0 0  0
    84  0.9229765110149860E-01   5   2 1  1 1  0 0  0
    85  0.5484729307439169E-01   5   1 2  1 1  0 0  0
    86  -.2735861669790716E-02   5   0 3  1 1  0 0  0
    87  -.3718810604974539       5   2 0  2 1  0 0  0
    88  -.2193150790704352       5   1 1  2 1  0 0  0
    89  -.4122063568784295E-01   5   0 2  2 1  0 0  0
    90   1.498304588240379       5   1 0  3 1  0 0  0
    91  0.1834158229610539E-01   5   0 1  3 1  0 0  0
    92  -.1827151679155508       5   0 0  4 1  0 0  0
    93  -.3151814091785151E-01   5   3 0  0 2  0 0  0
    94  -.1038114148141825       5   2 1  0 2  0 0  0
    95  -.1020476399484667E-01   5   1 2  0 2  0 0  0
    96  -.1190577527704803       5   0 3  0 2  0 0  0
    97  0.1055619033773884       5   2 0  1 2  0 0  0
    98  -.4344057653095135E-02   5   1 1  1 2  0 0  0
    99  0.2644058400404674E-01   5   0 2  1 2  0 0  0
   100  0.5459893484845123E-02   5   1 0  2 2  0 0  0
   101  -.1473193727224487       5   0 1  2 2  0 0  0
   102  0.9761979932488871E-01   5   0 0  3 2  0 0  0
   103  -.4722328765680683E-01   5   2 0  0 3  0 0  0
   104  -.2100647539613616E-01   5   1 1  0 3  0 0  0
   105  -.2649035016344750E-01   5   0 2  0 3  0 0  0
   106  0.4728773629697511E-01   5   1 0  1 3  0 0  0
   107  -.2735861669790762E-02   5   0 1  1 3  0 0  0
   108  -.4639399049887236E-01   5   0 0  2 3  0 0  0
   109  -.3734451162528550E-02   5   1 0  0 4  0 0  0
   110  -.5952887638524015E-01   5   0 1  0 4  0 0  0
   111  0.2717054303955176E-02   5   0 0  1 4  0 0  0
   112  -.1324517508172382E-01   5   0 0  0 5  0 0  0
   113  -.1819076074991383E-01   5   3 0  0 0  0 2  0
   114  -.1002779141783751       5   2 1  0 0  0 2  0
   115  -.1043564600199173E-01   5   1 2  0 0  0 2  0
   116  -.2305475023615094       5   0 3  0 0  0 2  0
   117  0.1055045280437152       5   2 0  1 0  0 2  0
   118  0.9296368795166175E-03   5   1 1  1 0  0 2  0
   119  0.5492238580333596E-01   5   0 2  1 0  0 2  0
   120  -.1819076074991383E-01   5   1 0  2 0  0 2  0
   121  -.1505193056622059       5   0 1  2 0  0 2  0
   122  0.1055045280437152       5   0 0  3 0  0 2  0
   123  -.7019366998417888E-01   5   2 0  0 1  0 2  0
   124  -.4028765160108345E-01   5   1 1  0 1  0 2  0
   125  -.6397705667252150E-01   5   0 2  0 1  0 2  0
   126  0.5024139148383067E-01   5   1 0  1 1  0 2  0
   127  0.1264618962424005E-02   5   0 1  1 1  0 2  0
   128  -.6926403310466232E-01   5   0 0  2 1  0 2  0
   129  -.1170026496441575E-01   5   1 0  0 2  0 2  0
   130  -.2305475023615094       5   0 1  0 2  0 2  0
   131  0.1463473420225252E-01   5   0 0  1 2  0 2  0
   132  -.6397705667252150E-01   5   0 0  0 3  0 2  0
   133  -.1039521936324321E-02   5   1 0  0 0  0 4  0
   134  -.5537251101054420E-01   5   0 1  0 0  0 4  0
   135  0.4412097454997340E-02   5   0 0  1 0  0 4  0
   136  -.2047482519815421E-01   5   0 0  0 1  0 4  0
   --------------------------------------------------
     I  COEFFICIENT            ORDER EXPONENTS
     1  1.0000000000000000       1   0 0  0 0  1 0  0
     2  0.3845463487677048E-02   1   0 0  0 0  0 1  0
     3  -.1061875412830556E-03   2   2 0  0 0  0 0  0
     4  0.1142134453732019E-03   2   1 1  0 0  0 0  0
     5  -.1292706481810094E-01   2   0 2  0 0  0 0  0
     6  0.2009748950354851E-02   2   0 1  1 0  0 0  0
     7  -.1061875412830556E-03   2   0 0  2 0  0 0  0
     8  -.2009748950354851E-02   2   1 0  0 1  0 0  0
     9  0.1142134453732019E-03   2   0 0  1 1  0 0  0
    10  -.1292706481810094E-01   2   0 0  0 2  0 0  0
    11  -.3931661018608455E-02   2   0 0  0 0  0 2  0
    12  0.1603482859297132E-03   3   2 0  0 0  0 1  0
    13  -.2503099443916773E-03   3   1 1  0 0  0 1  0
    14  0.1954351943888137E-01   3   0 2  0 0  0 1  0
    15  -.3031910742281890E-02   3   0 1  1 0  0 1  0
    16  0.1603482859297132E-03   3   0 0  2 0  0 1  0
    17  0.3031910742281890E-02   3   1 0  0 1  0 1  0
    18  -.2503099443916773E-03   3   0 0  1 1  0 1  0
    19  0.1954351943888137E-01   3   0 0  0 2  0 1  0
    20  0.3768058509294893E-02   3   0 0  0 0  0 3  0
    21  -.3164570365084990E-02   4   4 0  0 0  0 0  0
    22  0.1873348296562984E-02   4   3 1  0 0  0 0  0
    23  -.7478913256006967E-04   4   2 2  0 0  0 0  0
    24  0.2297800580425194E-03   4   1 3  0 0  0 0  0
    25  -.9693376108249165E-02   4   0 4  0 0  0 0  0
    26  0.3002712129113403E-01   4   2 1  1 0  0 0  0
    27  0.7248720241134942E-03   4   1 2  1 0  0 0  0
    28  0.3016539442904806E-02   4   0 3  1 0  0 0  0
    29  -.6329140730169980E-02   4   2 0  2 0  0 0  0
    30  0.1873348296562983E-02   4   1 1  2 0  0 0  0
    31  -.4916972827151775E-03   4   0 2  2 0  0 0  0
    32  0.3002712129113402E-01   4   0 1  3 0  0 0  0
    33  -.3164570365084990E-02   4   0 0  4 0  0 0  0
    34  -.3002712129113402E-01   4   3 0  0 1  0 0  0
    35  -.7248720241134877E-03   4   2 1  0 1  0 0  0
    36  -.3016539442904806E-02   4   1 2  0 1  0 0  0
    37  0.1873348296562984E-02   4   2 0  1 1  0 0  0
    38  0.8338163003102193E-03   4   1 1  1 1  0 0  0
    39  0.2297800580425192E-03   4   0 2  1 1  0 0  0
    40  -.3002712129113401E-01   4   1 0  2 1  0 0  0
    41  0.7248720241134869E-03   4   0 1  2 1  0 0  0
    42  0.1873348296562984E-02   4   0 0  3 1  0 0  0
    43  -.4916972827151777E-03   4   2 0  0 2  0 0  0
    44  0.2297800580425192E-03   4   1 1  0 2  0 0  0
    45  -.1938675221649833E-01   4   0 2  0 2  0 0  0
    46  -.7248720241134935E-03   4   1 0  1 2  0 0  0
    47  0.3016539442904806E-02   4   0 1  1 2  0 0  0
    48  -.7478913256006971E-04   4   0 0  2 2  0 0  0
    49  -.3016539442904806E-02   4   1 0  0 3  0 0  0
    50  0.2297800580425194E-03   4   0 0  1 3  0 0  0
    51  -.9693376108249165E-02   4   0 0  0 4  0 0  0
    52  -.1959165608426420E-03   4   2 0  0 0  0 2  0
    53  0.3871092597740576E-03   4   1 1  0 0  0 2  0
    54  -.2391056235579998E-01   4   0 2  0 0  0 2  0
    55  0.3700419653963371E-02   4   0 1  1 0  0 2  0
    56  -.1959165608426420E-03   4   0 0  2 0  0 2  0
    57  -.3700419653963371E-02   4   1 0  0 1  0 2  0
    58  0.3871092597740576E-03   4   0 0  1 1  0 2  0
    59  -.2391056235579998E-01   4   0 0  0 2  0 2  0
    60  -.3542567864577317E-02   4   0 0  0 0  0 4  0
    61  0.4779584131730566E-02   5   4 0  0 0  0 1  0
    62  -.4108664145453448E-02   5   3 1  0 0  0 1  0
    63  0.2169492788116617E-03   5   2 2  0 0  0 1  0
    64  -.8165522000991242E-03   5   1 3  0 0  0 1  0
    65  0.2786632529414801E-01   5   0 4  0 0  0 1  0
    66  -.4532535876864993E-01   5   2 1  1 0  0 1  0
    67  -.1517919424133316E-02   5   1 2  1 0  0 1  0
    68  -.8655435394433706E-02   5   0 3  1 0  0 1  0
    69  0.9559168263461135E-02   5   2 0  2 0  0 1  0
    70  -.4108664145453446E-02   5   1 1  2 0  0 1  0
    71  0.1409706554595792E-02   5   0 2  2 0  0 1  0
    72  -.4532535876864991E-01   5   0 1  3 0  0 1  0
    73  0.4779584131730566E-02   5   0 0  4 0  0 1  0
    74  0.4532535876864993E-01   5   3 0  0 1  0 1  0
    75  0.1517919424133309E-02   5   2 1  0 1  0 1  0
    76  0.8655435394433706E-02   5   1 2  0 1  0 1  0
    77  -.4108664145453445E-02   5   2 0  1 1  0 1  0
    78  -.2385514551568264E-02   5   1 1  1 1  0 1  0
    79  -.8165522000991233E-03   5   0 2  1 1  0 1  0
    80  0.4532535876864991E-01   5   1 0  2 1  0 1  0
    81  -.1517919424133311E-02   5   0 1  2 1  0 1  0
    82  -.4108664145453449E-02   5   0 0  3 1  0 1  0
    83  0.1409706554595790E-02   5   2 0  0 2  0 1  0
    84  -.8165522000991235E-03   5   1 1  0 2  0 1  0
    85  0.5573265058829601E-01   5   0 2  0 2  0 1  0
    86  0.1517919424133316E-02   5   1 0  1 2  0 1  0
    87  -.8655435394433706E-02   5   0 1  1 2  0 1  0
    88  0.2169492788116616E-03   5   0 0  2 2  0 1  0
    89  0.8655435394433706E-02   5   1 0  0 3  0 1  0
    90  -.8165522000991242E-03   5   0 0  1 3  0 1  0
    91  0.2786632529414801E-01   5   0 0  0 4  0 1  0
    92  0.2240194161199512E-03   5   2 0  0 0  0 3  0
    93  -.5214100716925108E-03   5   1 1  0 0  0 3  0
    94  0.2737848073597559E-01   5   0 2  0 0  0 3  0
    95  -.4226415146467054E-02   5   0 1  1 0  0 3  0
    96  0.2240194161199512E-03   5   0 0  2 0  0 3  0
    97  0.4226415146467054E-02   5   1 0  0 1  0 3  0
    98  -.5214100716925108E-03   5   0 0  1 1  0 3  0
    99  0.2737848073597559E-01   5   0 0  0 2  0 3  0
   100  0.3319893953354093E-02   5   0 0  0 0  0 5  0
   --------------------------------------------------
     I  COEFFICIENT            ORDER EXPONENTS
     1  1.0000000000000000       1   0 0  0 0  0 1  0
     ------------------------------------------------
     ALL COMPONENTS ZERO 
     ------------------- 
     ALL COMPONENTS ZERO 
     ------------------- 
