 L    0.9999999999999787E-02
 P (  0.0000000000000000E+00,  0.0000000000000000E+00,  0.2416049999999997E+01)
 A (  0.0000000000000000E+00,  0.0000000000000000E+00,  0.0000000000000000E+00)
     I  COEFFICIENT            ORDER EXPONENTS
     1   1.000003036041440       1   1 0  0 0  0 0  0
     2  0.9999742520592700E-02   1   0 1  0 0  0 0  0
     3  -.7573297588152909E-03   1   0 0  1 0  0 0  0
     4  0.6212169118546124E-04   1   0 0  0 1  0 0  0
     5  -.4138762958818523E-05   2   1 0  0 0  0 1  0
     6  -.6815576043905875E-02   2   0 1  0 0  0 1  0
     7  0.5161911081779932E-03   2   0 0  1 0  0 1  0
     8  -.8468447235067040E-04   2   0 0  0 1  0 1  0
     9  0.4774658668754914E-04   3   3 0  0 0  0 0  0
    10  0.3329056753236330E-04   3   2 1  0 0  0 0  0
    11  -.1460903898912780E-06   3   1 2  0 0  0 0  0
    12  0.4999606000988532E-02   3   0 3  0 0  0 0  0
    13  -.3985816478386566E-02   3   2 0  1 0  0 0  0
    14  -.2677606326072980E-04   3   1 1  1 0  0 0  0
    15  -.1135992469439382E-02   3   0 2  1 0  0 0  0
    16  0.4774658668754916E-04   3   1 0  2 0  0 0  0
    17  0.1095804290940437E-03   3   0 1  2 0  0 0  0
    18  -.3985816478386568E-02   3   0 0  3 0  0 0  0
    19  0.6537912583654027E-03   3   2 0  0 1  0 0  0
    20  0.7613637648358907E-03   3   1 1  0 1  0 0  0
    21  0.6213079241262837E-04   3   0 2  0 1  0 0  0
    22  -.7628986156168038E-04   3   1 0  1 1  0 0  0
    23  -.1241399767473425E-04   3   0 1  1 1  0 0  0
    24  0.6270151951046724E-03   3   0 0  2 1  0 0  0
    25  0.1226790728484298E-04   3   1 0  0 2  0 0  0
    26  0.4999606000988532E-02   3   0 1  0 2  0 0  0
    27  -.3746287046034911E-03   3   0 0  1 2  0 0  0
    28  0.6213079241262837E-04   3   0 0  0 3  0 0  0
    29  0.4539260032050966E-05   3   1 0  0 0  0 2  0
    30  0.5152028657148783E-02   3   0 1  0 0  0 2  0
    31  -.3902133374003955E-03   3   0 0  1 0  0 2  0
    32  0.9287854051207470E-04   3   0 0  0 1  0 2  0
    33  -.6512994815955837E-04   4   3 0  0 0  0 1  0
    34  -.6806596377852291E-04   4   2 1  0 0  0 1  0
    35  0.3980228440178637E-06   4   1 2  0 0  0 1  0
    36  -.1022281105328687E-01   4   0 3  0 0  0 1  0
    37  0.2722389118062436E-02   4   2 0  1 0  0 1  0
    38  0.3679014825937111E-04   4   1 1  1 0  0 1  0
    39  0.2322799891197334E-02   4   0 2  1 0  0 1  0
    40  -.6512994815955837E-04   4   1 0  2 0  0 1  0
    41  -.2240641209053589E-03   4   0 1  2 0  0 1  0
    42  0.2722389118062437E-02   4   0 0  3 0  0 1  0
    43  -.8926321762011641E-03   4   2 0  0 1  0 1  0
    44  -.1556715814843865E-02   4   1 1  0 1  0 1  0
    45  -.1693936324710174E-03   4   0 2  0 1  0 1  0
    46  0.1559981571268361E-03   4   1 0  1 1  0 1  0
    47  0.3384518213293997E-04   4   0 1  1 1  0 1  0
    48  -.8558420279417934E-03   4   0 0  2 1  0 1  0
    49  -.3344715928892209E-04   4   1 0  0 2  0 1  0
    50  -.1022281105328687E-01   4   0 1  0 2  0 1  0
    51  0.7660840763534687E-03   4   0 0  1 2  0 1  0
    52  -.1693936324710174E-03   4   0 0  0 3  0 1  0
    53  -.4684693695733379E-05   4   1 0  0 0  0 3  0
    54  -.4202204836892130E-02   4   0 1  0 0  0 3  0
    55  0.3182871062045730E-03   4   0 0  1 0  0 3  0
    56  -.9585355908345845E-04   4   0 0  0 1  0 3  0
    57  0.2122079512977666E-03   5   5 0  0 0  0 0  0
    58  0.3738806267645557E-03   5   4 1  0 0  0 0  0
    59  0.4224045207148864E-06   5   3 2  0 0  0 0  0
    60  0.4949777116622505E-04   5   2 3  0 0  0 0  0
    61  -.3329844936127164E-05   5   1 4  0 0  0 0  0
    62  0.3749497773874243E-02   5   0 5  0 0  0 0  0
    63  -.5867194359192779E-02   5   4 0  1 0  0 0  0
    64  -.7670393557636170E-04   5   3 1  1 0  0 0  0
    65  -.5990603215100787E-02   5   2 2  1 0  0 0  0
    66  -.5235670912665255E-04   5   1 3  1 0  0 0  0
    67  -.1419984362400623E-02   5   0 4  1 0  0 0  0
    68  0.4244159025955331E-03   5   3 0  2 0  0 0  0
    69  0.1552309879249381E-02   5   2 1  2 0  0 0  0
    70  0.7440108395506777E-05   5   1 2  2 0  0 0  0
    71  0.2792242894844154E-03   5   0 3  2 0  0 0  0
    72  -.1173438871838556E-01   5   2 0  3 0  0 0  0
    73  -.7670393557636168E-04   5   1 1  3 0  0 0  0
    74  -.6003305343087539E-02   5   0 2  3 0  0 0  0
    75  0.2122079512977667E-03   5   1 0  4 0  0 0  0
    76  0.1178429252484826E-02   5   0 1  4 0  0 0  0
    77  -.5867194359192788E-02   5   0 0  5 0  0 0  0
    78  0.4730899268320883E-03   5   4 0  0 1  0 0  0
    79  0.3997382159165901E-02   5   3 1  0 1  0 0  0
    80  0.6801893341904729E-03   5   2 2  0 1  0 0  0
    81  0.1142002852055314E-02   5   1 3  0 1  0 0  0
    82  0.6213980120962193E-04   5   0 4  0 1  0 0  0
    83  -.8045486257202702E-03   5   3 0  1 1  0 0  0
    84  -.2001554617961212E-03   5   2 1  1 1  0 0  0
    85  -.3462257188962896E-03   5   1 2  1 1  0 0  0
    86  -.2483299344950433E-04   5   0 3  1 1  0 0  0
    87  0.8694759180878148E-03   5   2 0  2 1  0 0  0
    88  0.4022786415139395E-02   5   1 1  2 1  0 0  0
    89  0.6041802706522100E-03   5   0 2  2 1  0 0  0
    90  -.8045486257202701E-03   5   1 0  3 1  0 0  0
    91  -.1861200540465373E-03   5   0 1  3 1  0 0  0
    92  0.3963859912557265E-03   5   0 0  4 1  0 0  0
    93  0.1935601624420441E-03   5   3 0  0 2  0 0  0
    94  0.1659969717443242E-03   5   2 1  0 2  0 0  0
    95  0.1817330357724901E-04   5   1 2  0 2  0 0  0
    96  0.7498995547748487E-02   5   0 3  0 2  0 0  0
    97  -.2005923183921637E-02   5   2 0  1 2  0 0  0
    98  -.5052000303434977E-05   5   1 1  1 2  0 0  0
    99  -.1697965872745931E-02   5   0 2  1 2  0 0  0
   100  0.1865424585672523E-03   5   1 0  2 2  0 0  0
   101  0.1627250889063163E-03   5   0 1  2 2  0 0  0
   102  -.1993221055934888E-02   5   0 0  3 2  0 0  0
   103  0.6565369797788633E-03   5   2 0  0 3  0 0  0
   104  0.1142002852055314E-02   5   1 1  0 3  0 0  0
   105  0.1242796024192429E-03   5   0 2  0 3  0 0  0
   106  -.1132273177400913E-03   5   1 0  1 3  0 0  0
   107  -.2483299344950395E-04   5   0 1  1 3  0 0  0
   108  0.6278326250638196E-03   5   0 0  2 3  0 0  0
   109  0.2150314851337674E-04   5   1 0  0 4  0 0  0
   110  0.3749497773874243E-02   5   0 1  0 4  0 0  0
   111  -.2779815103453083E-03   5   0 0  1 4  0 0  0
   112  0.6213980120962109E-04   5   0 0  0 5  0 0  0
   113  0.7148871295093828E-04   5   3 0  0 0  0 2  0
   114  0.9783747804108730E-04   5   2 1  0 0  0 2  0
   115  -.7072582736028802E-06   5   1 2  0 0  0 2  0
   116  0.1469522083734947E-01   5   0 3  0 0  0 2  0
   117  -.2063792394864102E-02   5   2 0  1 0  0 2  0
   118  -.4074385139144123E-04   5   1 1  1 0  0 2  0
   119  -.3339025254889987E-02   5   0 2  1 0  0 2  0
   120  0.7148871295093825E-04   5   1 0  2 0  0 2  0
   121  0.3220948314445619E-03   5   0 1  2 0  0 2  0
   122  -.2063792394864102E-02   5   0 0  3 0  0 2  0
   123  0.9808871971445734E-03   5   2 0  0 1  0 2  0
   124  0.2237661913307540E-02   5   1 1  0 1  0 2  0
   125  0.3012428494849966E-03   5   0 2  0 1  0 2  0
   126  -.2242573534034747E-03   5   1 0  1 1  0 2  0
   127  -.6018812033336523E-04   5   0 1  1 1  0 2  0
   128  0.9401433457531322E-03   5   0 0  2 1  0 2  0
   129  0.5948086205976233E-04   5   1 0  0 2  0 2  0
   130  0.1469522083734947E-01   5   0 1  0 2  0 2  0
   131  -.1101363341582446E-02   5   0 0  1 2  0 2  0
   132  0.3012428494849966E-03   5   0 0  0 3  0 2  0
   133  0.4737482702495675E-05   5   1 0  0 0  0 4  0
   134  0.3608787601323042E-02   5   0 1  0 0  0 4  0
   135  -.2733517725790134E-03   5   0 0  1 0  0 4  0
   136  0.9693289788714464E-04   5   0 0  0 1  0 4  0
   --------------------------------------------------
     I  COEFFICIENT            ORDER EXPONENTS
     1  0.8640369119563972E-03   1   1 0  0 0  0 0  0
     2  0.9999290245049056       1   0 1  0 0  0 0  0
     3  -.1518907174657992       1   0 0  1 0  0 0  0
     4  0.1166260486804164E-01   1   0 0  0 1  0 0  0
     5  -.5889222555003370E-03   2   1 0  0 0  0 1  0
     6  0.9675402565818581E-04   2   0 1  0 0  0 1  0
     7  -.4674570471169933E-05   2   0 0  1 0  0 1  0
     8  -.7948954377409724E-02   2   0 0  0 1  0 1  0
     9  0.1362926959148717E-01   3   3 0  0 0  0 0  0
    10  -.1344946107131758E-02   3   2 1  0 0  0 0  0
    11  0.4183492970558781E-03   3   1 2  0 0  0 0  0
    12  -.7102059646198487E-04   3   0 3  0 0  0 0  0
    13  -.7968020754344873       3   2 0  1 0  0 0  0
    14  -.8060459442992496E-02   3   1 1  1 0  0 0  0
    15  -.1268389193800791E-04   3   0 2  1 0  0 0  0
    16  0.1362926959148717E-01   3   1 0  2 0  0 0  0
    17  -.1456254165169796E-02   3   0 1  2 0  0 0  0
    18  -.7968020754344876       3   0 0  3 0  0 0  0
    19  0.1240348898152879       3   2 0  0 1  0 0  0
    20  0.1158571077349405E-02   3   1 1  0 1  0 0  0
    21  0.5834800725132368E-02   3   0 2  0 1  0 0  0
    22  0.1113080580380368E-03   3   1 0  1 1  0 0  0
    23  -.8834341776931290E-03   3   0 1  1 1  0 0  0
    24  0.1159744303722955       3   0 0  2 1  0 0  0
    25  0.1301783474749007E-02   3   1 0  0 2  0 0  0
    26  -.7102059646198424E-04   3   0 1  0 2  0 0  0
    27  0.1145887185411397E-02   3   0 0  1 2  0 0  0
    28  0.5834800725132368E-02   3   0 0  0 3  0 0  0
    29  0.4451945018638940E-03   3   1 0  0 0  0 2  0
    30  -.1061159732473526E-03   3   0 1  0 0  0 2  0
    31  0.5126916728404445E-05   3   0 0  1 0  0 2  0
    32  0.6008784701564033E-02   3   0 0  0 1  0 2  0
    33  -.9296026169925068E-02   4   3 0  0 0  0 1  0
    34  0.1834666127043429E-02   4   2 1  0 0  0 1  0
    35  -.8554895672132910E-03   4   1 2  0 0  0 1  0
    36  0.1936308753939444E-03   4   0 3  0 0  0 1  0
    37  -.1206169359078953E-03   4   2 0  1 0  0 1  0
    38  0.5611385103003724E-02   4   1 1  1 0  0 1  0
    39  -.1665322006644475E-05   4   0 2  1 0  0 1  0
    40  -.9296026169925066E-02   4   1 0  2 0  0 1  0
    41  0.1986726548649317E-02   4   0 1  2 0  0 1  0
    42  -.1206169359078953E-03   4   0 0  3 0  0 1  0
    43  -.8470889592746514E-01   4   2 0  0 1  0 1  0
    44  -.1560129786845118E-02   4   1 1  0 1  0 1  0
    45  -.1193057281446063E-01   4   0 2  0 1  0 1  0
    46  -.1520604216058874E-03   4   1 0  1 1  0 1  0
    47  0.1806310759685418E-02   4   0 1  1 1  0 1  0
    48  -.7909751082446141E-01   4   0 0  2 1  0 1  0
    49  -.2661800326898709E-02   4   1 0  0 2  0 1  0
    50  0.1936308753939418E-03   4   0 1  0 2  0 1  0
    51  -.1561795108851762E-02   4   0 0  1 2  0 1  0
    52  -.1193057281446063E-01   4   0 0  0 3  0 1  0
    53  -.3631340679977128E-03   4   1 0  0 0  0 3  0
    54  0.1095150381732903E-03   4   0 1  0 0  0 3  0
    55  -.5291178966354643E-05   4   0 0  1 0  0 3  0
    56  -.4901021999434929E-02   4   0 0  0 1  0 3  0
    57  0.5974429877084165E-01   5   5 0  0 0  0 0  0
    58  -.7674935110595554E-02   5   4 1  0 0  0 0  0
    59  0.6664375145539123E-02   5   3 2  0 0  0 0  0
    60  -.1347120951128613E-02   5   2 3  0 0  0 0  0
    61  0.3035469693311835E-03   5   1 4  0 0  0 0  0
    62  -.7106560229431208E-04   5   0 5  0 0  0 0  0
    63  -1.076377787878499       5   4 0  1 0  0 0  0
    64  -.2170588051682165E-01   5   3 1  1 0  0 0  0
    65  0.1459108619798151E-03   5   2 2  1 0  0 0  0
    66  -.4113808777279073E-02   5   1 3  1 0  0 0  0
    67  -.2194606341800486E-05   5   0 4  1 0  0 0  0
    68  0.1194885975416832       5   3 0  2 0  0 0  0
    69  -.1604234856856022E-01   5   2 1  2 0  0 0  0
    70  0.7078369204366481E-02   5   1 2  2 0  0 0  0
    71  -.1456839300682705E-02   5   0 3  2 0  0 0  0
    72  -2.152755575756997       5   2 0  3 0  0 0  0
    73  -.2170588051682164E-01   5   1 1  3 0  0 0  0
    74  0.2953360653266289E-03   5   0 2  3 0  0 0  0
    75  0.5974429877084159E-01   5   1 0  4 0  0 0  0
    76  -.8367413457964677E-02   5   0 1  4 0  0 0  0
    77  -1.076377787878499       5   0 0  5 0  0 0  0
    78  0.8083237391162115E-01   5   4 0  0 1  0 0  0
    79  0.9907586537405838E-03   5   3 1  0 1  0 0  0
    80  0.6214622021098739E-01   5   2 2  0 1  0 0  0
    81  0.1144479074601221E-02   5   1 3  0 1  0 0  0
    82  0.4378715433745897E-02   5   0 4  0 1  0 0  0
    83  0.6924783473691252E-03   5   3 0  1 1  0 0  0
    84  -.1428279483765653E-01   5   2 1  1 1  0 0  0
    85  -.9366302983027038E-04   5   1 2  1 1  0 0  0
    86  -.1325968354527259E-02   5   0 3  1 1  0 0  0
    87  0.1399588673064208       5   2 0  2 1  0 0  0
    88  0.6919082470468875E-03   5   1 1  2 1  0 0  0
    89  0.5815985674374603E-01   5   0 2  2 1  0 0  0
    90  0.6924783473691165E-03   5   1 0  3 1  0 0  0
    91  -.1345480672000178E-01   5   0 1  3 1  0 0  0
    92  0.5912649339479960E-01   5   0 0  4 1  0 0  0
    93  0.2053317592436827E-01   5   3 0  0 2  0 0  0
    94  -.1143739571744253E-02   5   2 1  0 2  0 0  0
    95  0.1933062293189385E-02   5   1 2  0 2  0 0  0
    96  -.1421312045886121E-03   5   0 3  0 2  0 0  0
    97  0.1286094719067191E-02   5   2 0  1 2  0 0  0
    98  -.4368699397354517E-02   5   1 1  1 2  0 0  0
    99  0.1140089861917589E-02   5   0 2  1 2  0 0  0
   100  0.2011918186554091E-01   5   1 0  2 2  0 0  0
   101  -.1660220680067050E-02   5   0 1  2 2  0 0  0
   102  0.1136669515720378E-02   5   0 0  3 2  0 0  0
   103  0.6227366552102510E-01   5   2 0  0 3  0 0  0
   104  0.1144479074601223E-02   5   1 1  0 3  0 0  0
   105  0.8757430867491603E-02   5   0 2  0 3  0 0  0
   106  0.3130997289384414E-03   5   1 0  1 3  0 0  0
   107  -.1325968354527186E-02   5   0 1  1 3  0 0  0
   108  0.5803241143370830E-01   5   0 0  2 3  0 0  0
   109  0.1629515323858336E-02   5   1 0  0 4  0 0  0
   110  -.7106560229429981E-04   5   0 1  0 4  0 0  0
   111  0.1142284468259400E-02   5   0 0  1 4  0 0  0
   112  0.4378715433745711E-02   5   0 0  0 5  0 0  0
   113  0.7033853761646759E-02   5   3 0  0 0  0 2  0
   114  -.2013867340524278E-02   5   2 1  0 0  0 2  0
   115  0.1229898416610570E-02   5   1 2  0 0  0 2  0
   116  -.3443454870052118E-03   5   0 3  0 0  0 2  0
   117  0.1323517927116947E-03   5   2 0  1 0  0 2  0
   118  -.4361972259610799E-02   5   1 1  1 0  0 2  0
   119  0.2766719045056943E-04   5   0 2  1 0  0 2  0
   120  0.7033853761646757E-02   5   1 0  2 0  0 2  0
   121  -.2181084103498541E-02   5   0 1  2 0  0 2  0
   122  0.1323517927116947E-03   5   0 0  3 0  0 2  0
   123  0.6420672653306343E-01   5   2 0  0 1  0 2  0
   124  0.1684863630047830E-02   5   1 1  0 1  0 2  0
   125  0.1715015010067525E-01   5   0 2  0 1  0 2  0
   126  0.1672167629742635E-03   5   1 0  1 1  0 2  0
   127  -.2596443944303280E-02   5   0 1  1 1  0 2  0
   128  0.5984475427345262E-01   5   0 0  2 1  0 2  0
   129  0.3826342360913853E-02   5   1 0  0 2  0 2  0
   130  -.3443454870052055E-03   5   0 1  0 2  0 2  0
   131  0.1712530820498400E-02   5   0 0  1 2  0 2  0
   132  0.1715015010067526E-01   5   0 0  0 3  0 2  0
   133  0.3118675016081630E-03   5   1 0  0 0  0 4  0
   134  -.1107482461976538E-03   5   0 1  0 0  0 4  0
   135  0.5350802738353862E-05   5   0 0  1 0  0 4  0
   136  0.4208931529297050E-02   5   0 0  0 1  0 4  0
   --------------------------------------------------
     I  COEFFICIENT            ORDER EXPONENTS
     1  0.7573297588152909E-03   1   1 0  0 0  0 0  0
     2  -.6212169118546124E-04   1   0 1  0 0  0 0  0
     3   1.000003036041440       1   0 0  1 0  0 0  0
     4  0.9999742520592700E-02   1   0 0  0 1  0 0  0
     5  -.5161911081779932E-03   2   1 0  0 0  0 1  0
     6  0.8468447235067040E-04   2   0 1  0 0  0 1  0
     7  -.4138762958818523E-05   2   0 0  1 0  0 1  0
     8  -.6815576043905875E-02   2   0 0  0 1  0 1  0
     9  0.3985816478386567E-02   3   3 0  0 0  0 0  0
    10  -.6270151951046724E-03   3   2 1  0 0  0 0  0
    11  0.3746287046034911E-03   3   1 2  0 0  0 0  0
    12  -.6213079241262837E-04   3   0 3  0 0  0 0  0
    13  0.4774658668754914E-04   3   2 0  1 0  0 0  0
    14  -.7628986156168038E-04   3   1 1  1 0  0 0  0
    15  0.1226790728484298E-04   3   0 2  1 0  0 0  0
    16  0.3985816478386562E-02   3   1 0  2 0  0 0  0
    17  -.6537912583654027E-03   3   0 1  2 0  0 0  0
    18  0.4774658668754914E-04   3   0 0  3 0  0 0  0
    19  0.1095804290940437E-03   3   2 0  0 1  0 0  0
    20  -.1241399767473425E-04   3   1 1  0 1  0 0  0
    21  0.4999606000988532E-02   3   0 2  0 1  0 0  0
    22  0.2677606326072977E-04   3   1 0  1 1  0 0  0
    23  -.7613637648358905E-03   3   0 1  1 1  0 0  0
    24  0.3329056753236330E-04   3   0 0  2 1  0 0  0
    25  0.1135992469439382E-02   3   1 0  0 2  0 0  0
    26  -.6213079241262837E-04   3   0 1  0 2  0 0  0
    27  -.1460903898912780E-06   3   0 0  1 2  0 0  0
    28  0.4999606000988532E-02   3   0 0  0 3  0 0  0
    29  0.3902133374003955E-03   3   1 0  0 0  0 2  0
    30  -.9287854051207470E-04   3   0 1  0 0  0 2  0
    31  0.4539260032050966E-05   3   0 0  1 0  0 2  0
    32  0.5152028657148783E-02   3   0 0  0 1  0 2  0
    33  -.2722389118062437E-02   4   3 0  0 0  0 1  0
    34  0.8558420279417934E-03   4   2 1  0 0  0 1  0
    35  -.7660840763534687E-03   4   1 2  0 0  0 1  0
    36  0.1693936324710174E-03   4   0 3  0 0  0 1  0
    37  -.6512994815955840E-04   4   2 0  1 0  0 1  0
    38  0.1559981571268361E-03   4   1 1  1 0  0 1  0
    39  -.3344715928892210E-04   4   0 2  1 0  0 1  0
    40  -.2722389118062433E-02   4   1 0  2 0  0 1  0
    41  0.8926321762011642E-03   4   0 1  2 0  0 1  0
    42  -.6512994815955837E-04   4   0 0  3 0  0 1  0
    43  -.2240641209053589E-03   4   2 0  0 1  0 1  0
    44  0.3384518213293997E-04   4   1 1  0 1  0 1  0
    45  -.1022281105328687E-01   4   0 2  0 1  0 1  0
    46  -.3679014825937109E-04   4   1 0  1 1  0 1  0
    47  0.1556715814843865E-02   4   0 1  1 1  0 1  0
    48  -.6806596377852292E-04   4   0 0  2 1  0 1  0
    49  -.2322799891197334E-02   4   1 0  0 2  0 1  0
    50  0.1693936324710174E-03   4   0 1  0 2  0 1  0
    51  0.3980228440178637E-06   4   0 0  1 2  0 1  0
    52  -.1022281105328687E-01   4   0 0  0 3  0 1  0
    53  -.3182871062045730E-03   4   1 0  0 0  0 3  0
    54  0.9585355908345845E-04   4   0 1  0 0  0 3  0
    55  -.4684693695733379E-05   4   0 0  1 0  0 3  0
    56  -.4202204836892130E-02   4   0 0  0 1  0 3  0
    57  0.5867194359192797E-02   5   5 0  0 0  0 0  0
    58  -.3963859912557266E-03   5   4 1  0 0  0 0  0
    59  0.1993221055934888E-02   5   3 2  0 0  0 0  0
    60  -.6278326250638196E-03   5   2 3  0 0  0 0  0
    61  0.2779815103453083E-03   5   1 4  0 0  0 0  0
    62  -.6213980120962109E-04   5   0 5  0 0  0 0  0
    63  0.2122079512977665E-03   5   4 0  1 0  0 0  0
    64  -.8045486257202706E-03   5   3 1  1 0  0 0  0
    65  0.1865424585672523E-03   5   2 2  1 0  0 0  0
    66  -.1132273177400913E-03   5   1 3  1 0  0 0  0
    67  0.2150314851337657E-04   5   0 4  1 0  0 0  0
    68  0.1173438871838559E-01   5   3 0  2 0  0 0  0
    69  -.8694759180878154E-03   5   2 1  2 0  0 0  0
    70  0.2005923183921635E-02   5   1 2  2 0  0 0  0
    71  -.6565369797788633E-03   5   0 3  2 0  0 0  0
    72  0.4244159025955331E-03   5   2 0  3 0  0 0  0
    73  -.8045486257202697E-03   5   1 1  3 0  0 0  0
    74  0.1935601624420443E-03   5   0 2  3 0  0 0  0
    75  0.5867194359192793E-02   5   1 0  4 0  0 0  0
    76  -.4730899268320881E-03   5   0 1  4 0  0 0  0
    77  0.2122079512977665E-03   5   0 0  5 0  0 0  0
    78  0.1178429252484826E-02   5   4 0  0 1  0 0  0
    79  -.1861200540465373E-03   5   3 1  0 1  0 0  0
    80  0.1627250889063163E-03   5   2 2  0 1  0 0  0
    81  -.2483299344950395E-04   5   1 3  0 1  0 0  0
    82  0.3749497773874243E-02   5   0 4  0 1  0 0  0
    83  0.7670393557636173E-04   5   3 0  1 1  0 0  0
    84  -.4022786415139399E-02   5   2 1  1 1  0 0  0
    85  0.5052000303434912E-05   5   1 2  1 1  0 0  0
    86  -.1142002852055314E-02   5   0 3  1 1  0 0  0
    87  0.1552309879249380E-02   5   2 0  2 1  0 0  0
    88  -.2001554617961213E-03   5   1 1  2 1  0 0  0
    89  0.1659969717443242E-03   5   0 2  2 1  0 0  0
    90  0.7670393557636161E-04   5   1 0  3 1  0 0  0
    91  -.3997382159165901E-02   5   0 1  3 1  0 0  0
    92  0.3738806267645557E-03   5   0 0  4 1  0 0  0
    93  0.6003305343087538E-02   5   3 0  0 2  0 0  0
    94  -.6041802706522097E-03   5   2 1  0 2  0 0  0
    95  0.1697965872745931E-02   5   1 2  0 2  0 0  0
    96  -.1242796024192429E-03   5   0 3  0 2  0 0  0
    97  0.7440108395506664E-05   5   2 0  1 2  0 0  0
    98  -.3462257188962896E-03   5   1 1  1 2  0 0  0
    99  0.1817330357724901E-04   5   0 2  1 2  0 0  0
   100  0.5990603215100782E-02   5   1 0  2 2  0 0  0
   101  -.6801893341904727E-03   5   0 1  2 2  0 0  0
   102  0.4224045207148858E-06   5   0 0  3 2  0 0  0
   103  0.2792242894844154E-03   5   2 0  0 3  0 0  0
   104  -.2483299344950432E-04   5   1 1  0 3  0 0  0
   105  0.7498995547748487E-02   5   0 2  0 3  0 0  0
   106  0.5235670912665253E-04   5   1 0  1 3  0 0  0
   107  -.1142002852055314E-02   5   0 1  1 3  0 0  0
   108  0.4949777116622505E-04   5   0 0  2 3  0 0  0
   109  0.1419984362400623E-02   5   1 0  0 4  0 0  0
   110  -.6213980120962193E-04   5   0 1  0 4  0 0  0
   111  -.3329844936127164E-05   5   0 0  1 4  0 0  0
   112  0.3749497773874243E-02   5   0 0  0 5  0 0  0
   113  0.2063792394864102E-02   5   3 0  0 0  0 2  0
   114  -.9401433457531322E-03   5   2 1  0 0  0 2  0
   115  0.1101363341582446E-02   5   1 2  0 0  0 2  0
   116  -.3012428494849966E-03   5   0 3  0 0  0 2  0
   117  0.7148871295093827E-04   5   2 0  1 0  0 2  0
   118  -.2242573534034747E-03   5   1 1  1 0  0 2  0
   119  0.5948086205976234E-04   5   0 2  1 0  0 2  0
   120  0.2063792394864099E-02   5   1 0  2 0  0 2  0
   121  -.9808871971445734E-03   5   0 1  2 0  0 2  0
   122  0.7148871295093828E-04   5   0 0  3 0  0 2  0
   123  0.3220948314445619E-03   5   2 0  0 1  0 2  0
   124  -.6018812033336523E-04   5   1 1  0 1  0 2  0
   125  0.1469522083734947E-01   5   0 2  0 1  0 2  0
   126  0.4074385139144121E-04   5   1 0  1 1  0 2  0
   127  -.2237661913307540E-02   5   0 1  1 1  0 2  0
   128  0.9783747804108730E-04   5   0 0  2 1  0 2  0
   129  0.3339025254889986E-02   5   1 0  0 2  0 2  0
   130  -.3012428494849966E-03   5   0 1  0 2  0 2  0
   131  -.7072582736028802E-06   5   0 0  1 2  0 2  0
   132  0.1469522083734947E-01   5   0 0  0 3  0 2  0
   133  0.2733517725790134E-03   5   1 0  0 0  0 4  0
   134  -.9693289788714464E-04   5   0 1  0 0  0 4  0
   135  0.4737482702495675E-05   5   0 0  1 0  0 4  0
   136  0.3608787601323042E-02   5   0 0  0 1  0 4  0
   --------------------------------------------------
     I  COEFFICIENT            ORDER EXPONENTS
     1  0.1518907174657992       1   1 0  0 0  0 0  0
     2  -.1166260486804164E-01   1   0 1  0 0  0 0  0
     3  0.8640369119563972E-03   1   0 0  1 0  0 0  0
     4  0.9999290245049056       1   0 0  0 1  0 0  0
     5  0.4674570471169933E-05   2   1 0  0 0  0 1  0
     6  0.7948954377409724E-02   2   0 1  0 0  0 1  0
     7  -.5889222555003370E-03   2   0 0  1 0  0 1  0
     8  0.9675402565818581E-04   2   0 0  0 1  0 1  0
     9  0.7968020754344872       3   3 0  0 0  0 0  0
    10  -.1159744303722955       3   2 1  0 0  0 0  0
    11  -.1145887185411397E-02   3   1 2  0 0  0 0  0
    12  -.5834800725132368E-02   3   0 3  0 0  0 0  0
    13  0.1362926959148717E-01   3   2 0  1 0  0 0  0
    14  0.1113080580380368E-03   3   1 1  1 0  0 0  0
    15  0.1301783474749007E-02   3   0 2  1 0  0 0  0
    16  0.7968020754344872       3   1 0  2 0  0 0  0
    17  -.1240348898152879       3   0 1  2 0  0 0  0
    18  0.1362926959148717E-01   3   0 0  3 0  0 0  0
    19  -.1456254165169795E-02   3   2 0  0 1  0 0  0
    20  -.8834341776931292E-03   3   1 1  0 1  0 0  0
    21  -.7102059646198424E-04   3   0 2  0 1  0 0  0
    22  0.8060459442992491E-02   3   1 0  1 1  0 0  0
    23  -.1158571077349405E-02   3   0 1  1 1  0 0  0
    24  -.1344946107131758E-02   3   0 0  2 1  0 0  0
    25  0.1268389193800791E-04   3   1 0  0 2  0 0  0
    26  -.5834800725132368E-02   3   0 1  0 2  0 0  0
    27  0.4183492970558781E-03   3   0 0  1 2  0 0  0
    28  -.7102059646198487E-04   3   0 0  0 3  0 0  0
    29  -.5126916728404445E-05   3   1 0  0 0  0 2  0
    30  -.6008784701564033E-02   3   0 1  0 0  0 2  0
    31  0.4451945018638940E-03   3   0 0  1 0  0 2  0
    32  -.1061159732473526E-03   3   0 0  0 1  0 2  0
    33  0.1206169359078953E-03   4   3 0  0 0  0 1  0
    34  0.7909751082446141E-01   4   2 1  0 0  0 1  0
    35  0.1561795108851762E-02   4   1 2  0 0  0 1  0
    36  0.1193057281446063E-01   4   0 3  0 0  0 1  0
    37  -.9296026169925068E-02   4   2 0  1 0  0 1  0
    38  -.1520604216058874E-03   4   1 1  1 0  0 1  0
    39  -.2661800326898709E-02   4   0 2  1 0  0 1  0
    40  0.1206169359078953E-03   4   1 0  2 0  0 1  0
    41  0.8470889592746510E-01   4   0 1  2 0  0 1  0
    42  -.9296026169925068E-02   4   0 0  3 0  0 1  0
    43  0.1986726548649317E-02   4   2 0  0 1  0 1  0
    44  0.1806310759685418E-02   4   1 1  0 1  0 1  0
    45  0.1936308753939418E-03   4   0 2  0 1  0 1  0
    46  -.5611385103003723E-02   4   1 0  1 1  0 1  0
    47  0.1560129786845118E-02   4   0 1  1 1  0 1  0
    48  0.1834666127043430E-02   4   0 0  2 1  0 1  0
    49  0.1665322006644484E-05   4   1 0  0 2  0 1  0
    50  0.1193057281446063E-01   4   0 1  0 2  0 1  0
    51  -.8554895672132910E-03   4   0 0  1 2  0 1  0
    52  0.1936308753939444E-03   4   0 0  0 3  0 1  0
    53  0.5291178966354643E-05   4   1 0  0 0  0 3  0
    54  0.4901021999434929E-02   4   0 1  0 0  0 3  0
    55  -.3631340679977128E-03   4   0 0  1 0  0 3  0
    56  0.1095150381732903E-03   4   0 0  0 1  0 3  0
    57   1.076377787878499       5   5 0  0 0  0 0  0
    58  -.5912649339479959E-01   5   4 1  0 0  0 0  0
    59  -.1136669515720378E-02   5   3 2  0 0  0 0  0
    60  -.5803241143370830E-01   5   2 3  0 0  0 0  0
    61  -.1142284468259400E-02   5   1 4  0 0  0 0  0
    62  -.4378715433745711E-02   5   0 5  0 0  0 0  0
    63  0.5974429877084161E-01   5   4 0  1 0  0 0  0
    64  0.6924783473691186E-03   5   3 1  1 0  0 0  0
    65  0.2011918186554092E-01   5   2 2  1 0  0 0  0
    66  0.3130997289384414E-03   5   1 3  1 0  0 0  0
    67  0.1629515323858295E-02   5   0 4  1 0  0 0  0
    68   2.152755575756998       5   3 0  2 0  0 0  0
    69  -.1399588673064207       5   2 1  2 0  0 0  0
    70  -.1286094719067191E-02   5   1 2  2 0  0 0  0
    71  -.6227366552102510E-01   5   0 3  2 0  0 0  0
    72  0.1194885975416833       5   2 0  3 0  0 0  0
    73  0.6924783473691265E-03   5   1 1  3 0  0 0  0
    74  0.2053317592436827E-01   5   0 2  3 0  0 0  0
    75   1.076377787878499       5   1 0  4 0  0 0  0
    76  -.8083237391162117E-01   5   0 1  4 0  0 0  0
    77  0.5974429877084163E-01   5   0 0  5 0  0 0  0
    78  -.8367413457964677E-02   5   4 0  0 1  0 0  0
    79  -.1345480672000179E-01   5   3 1  0 1  0 0  0
    80  -.1660220680067051E-02   5   2 2  0 1  0 0  0
    81  -.1325968354527186E-02   5   1 3  0 1  0 0  0
    82  -.7106560229429981E-04   5   0 4  0 1  0 0  0
    83  0.2170588051682166E-01   5   3 0  1 1  0 0  0
    84  -.6919082470468879E-03   5   2 1  1 1  0 0  0
    85  0.4368699397354516E-02   5   1 2  1 1  0 0  0
    86  -.1144479074601223E-02   5   0 3  1 1  0 0  0
    87  -.1604234856856022E-01   5   2 0  2 1  0 0  0
    88  -.1428279483765652E-01   5   1 1  2 1  0 0  0
    89  -.1143739571744253E-02   5   0 2  2 1  0 0  0
    90  0.2170588051682165E-01   5   1 0  3 1  0 0  0
    91  -.9907586537405840E-03   5   0 1  3 1  0 0  0
    92  -.7674935110595554E-02   5   0 0  4 1  0 0  0
    93  -.2953360653266288E-03   5   3 0  0 2  0 0  0
    94  -.5815985674374601E-01   5   2 1  0 2  0 0  0
    95  -.1140089861917590E-02   5   1 2  0 2  0 0  0
    96  -.8757430867491603E-02   5   0 3  0 2  0 0  0
    97  0.7078369204366485E-02   5   2 0  1 2  0 0  0
    98  -.9366302983027033E-04   5   1 1  1 2  0 0  0
    99  0.1933062293189385E-02   5   0 2  1 2  0 0  0
   100  -.1459108619798150E-03   5   1 0  2 2  0 0  0
   101  -.6214622021098740E-01   5   0 1  2 2  0 0  0
   102  0.6664375145539122E-02   5   0 0  3 2  0 0  0
   103  -.1456839300682705E-02   5   2 0  0 3  0 0  0
   104  -.1325968354527259E-02   5   1 1  0 3  0 0  0
   105  -.1421312045886121E-03   5   0 2  0 3  0 0  0
   106  0.4113808777279075E-02   5   1 0  1 3  0 0  0
   107  -.1144479074601221E-02   5   0 1  1 3  0 0  0
   108  -.1347120951128613E-02   5   0 0  2 3  0 0  0
   109  0.2194606341800290E-05   5   1 0  0 4  0 0  0
   110  -.4378715433745897E-02   5   0 1  0 4  0 0  0
   111  0.3035469693311835E-03   5   0 0  1 4  0 0  0
   112  -.7106560229431209E-04   5   0 0  0 5  0 0  0
   113  -.1323517927116947E-03   5   3 0  0 0  0 2  0
   114  -.5984475427345262E-01   5   2 1  0 0  0 2  0
   115  -.1712530820498400E-02   5   1 2  0 0  0 2  0
   116  -.1715015010067526E-01   5   0 3  0 0  0 2  0
   117  0.7033853761646759E-02   5   2 0  1 0  0 2  0
   118  0.1672167629742635E-03   5   1 1  1 0  0 2  0
   119  0.3826342360913853E-02   5   0 2  1 0  0 2  0
   120  -.1323517927116947E-03   5   1 0  2 0  0 2  0
   121  -.6420672653306343E-01   5   0 1  2 0  0 2  0
   122  0.7033853761646759E-02   5   0 0  3 0  0 2  0
   123  -.2181084103498541E-02   5   2 0  0 1  0 2  0
   124  -.2596443944303281E-02   5   1 1  0 1  0 2  0
   125  -.3443454870052055E-03   5   0 2  0 1  0 2  0
   126  0.4361972259610801E-02   5   1 0  1 1  0 2  0
   127  -.1684863630047830E-02   5   0 1  1 1  0 2  0
   128  -.2013867340524278E-02   5   0 0  2 1  0 2  0
   129  -.2766719045056944E-04   5   1 0  0 2  0 2  0
   130  -.1715015010067525E-01   5   0 1  0 2  0 2  0
   131  0.1229898416610570E-02   5   0 0  1 2  0 2  0
   132  -.3443454870052118E-03   5   0 0  0 3  0 2  0
   133  -.5350802738353862E-05   5   1 0  0 0  0 4  0
   134  -.4208931529297050E-02   5   0 1  0 0  0 4  0
   135  0.3118675016081630E-03   5   0 0  1 0  0 4  0
   136  -.1107482461976538E-03   5   0 0  0 1  0 4  0
   --------------------------------------------------
     I  COEFFICIENT            ORDER EXPONENTS
     1  1.0000000000000000       1   0 0  0 0  1 0  0
     2  0.1013720301665685E-02   1   0 0  0 0  0 1  0
     3  -.2610053753078543E-04   2   2 0  0 0  0 0  0
     4  0.2143738912269346E-05   2   1 1  0 0  0 0  0
     5  -.3408046034169072E-02   2   0 2  0 0  0 0  0
     6  0.5162027397744569E-03   2   0 1  1 0  0 0  0
     7  -.2610053753078543E-04   2   0 0  2 0  0 0  0
     8  -.5162027397744569E-03   2   1 0  0 1  0 0  0
     9  0.2143738912269346E-05   2   0 0  1 1  0 0  0
    10  -.3408046034169072E-02   2   0 0  0 2  0 0  0
    11  -.1036443228911942E-02   2   0 0  0 0  0 2  0
    12  0.3946228775473501E-04   3   2 0  0 0  0 1  0
    13  -.4702384909605901E-05   3   1 1  0 0  0 1  0
    14  0.5152770480347680E-02   3   0 2  0 0  0 1  0
    15  -.7804601174004674E-03   3   0 1  1 0  0 1  0
    16  0.3946228775473501E-04   3   0 0  2 0  0 1  0
    17  0.7804601174004674E-03   3   1 0  0 1  0 1  0
    18  -.4702384909605901E-05   3   0 0  1 1  0 1  0
    19  0.5152770480347680E-02   3   0 0  0 2  0 1  0
    20  0.9933152196027729E-03   3   0 0  0 0  0 3  0
    21  -.2745655893031906E-03   4   4 0  0 0  0 0  0
    22  0.3199013845198067E-04   4   3 1  0 0  0 0  0
    23  -.3885768063833328E-04   4   2 2  0 0  0 0  0
    24  0.4288732704468622E-05   4   1 3  0 0  0 0  0
    25  -.2556025358222061E-02   4   0 4  0 0  0 0  0
    26  0.2722698703711196E-02   4   2 1  1 0  0 0  0
    27  0.1729939823971985E-04   4   1 2  1 0  0 0  0
    28  0.7743397249679594E-03   4   0 3  1 0  0 0  0
    29  -.5491311786063805E-03   4   2 0  2 0  0 0  0
    30  0.3199013845198064E-04   4   1 1  2 0  0 0  0
    31  -.1174353141928313E-03   4   0 2  2 0  0 0  0
    32  0.2722698703711198E-02   4   0 1  3 0  0 0  0
    33  -.2745655893031906E-03   4   0 0  4 0  0 0  0
    34  -.2722698703711197E-02   4   3 0  0 1  0 0  0
    35  -.1729939823972016E-04   4   2 1  0 1  0 0  0
    36  -.7743397249679594E-03   4   1 2  0 1  0 0  0
    37  0.3199013845198069E-04   4   2 0  1 1  0 0  0
    38  0.1571552671089961E-03   4   1 1  1 1  0 0  0
    39  0.4288732704468623E-05   4   0 2  1 1  0 0  0
    40  -.2722698703711193E-02   4   1 0  2 1  0 0  0
    41  0.1729939823972019E-04   4   0 1  2 1  0 0  0
    42  0.3199013845198067E-04   4   0 0  3 1  0 0  0
    43  -.1174353141928313E-03   4   2 0  0 2  0 0  0
    44  0.4288732704468623E-05   4   1 1  0 2  0 0  0
    45  -.5112050716444122E-02   4   0 2  0 2  0 0  0
    46  -.1729939823971983E-04   4   1 0  1 2  0 0  0
    47  0.7743397249679594E-03   4   0 1  1 2  0 0  0
    48  -.3885768063833328E-04   4   0 0  2 2  0 0  0
    49  -.7743397249679594E-03   4   1 0  0 3  0 0  0
    50  0.4288732704468622E-05   4   0 0  1 3  0 0  0
    51  -.2556025358222061E-02   4   0 0  0 4  0 0  0
    52  -.4828399082163250E-04   4   2 0  0 0  0 2  0
    53  0.7279600987409459E-05   4   1 1  0 0  0 2  0
    54  -.6304702106799272E-02   4   0 2  0 0  0 2  0
    55  0.9549242008829663E-03   4   0 1  1 0  0 2  0
    56  -.4828399082163250E-04   4   0 0  2 0  0 2  0
    57  -.9549242008829663E-03   4   1 0  0 1  0 2  0
    58  0.7279600987409459E-05   4   0 0  1 1  0 2  0
    59  -.6304702106799272E-02   4   0 0  0 2  0 2  0
    60  -.9338725945152120E-03   4   0 0  0 0  0 4  0
    61  0.4154883668433059E-03   5   4 0  0 0  0 1  0
    62  -.7023432744006865E-04   5   3 1  0 0  0 1  0
    63  0.1117240655764090E-03   5   2 2  0 0  0 1  0
    64  -.1525397092090910E-04   5   1 3  0 0  0 1  0
    65  0.7348977691416181E-02   5   0 4  0 0  0 1  0
    66  -.4128475277399415E-02   5   2 1  1 0  0 1  0
    67  -.3684681987909452E-04   5   1 2  1 0  0 1  0
    68  -.2226326636115987E-02   5   0 3  1 0  0 1  0
    69  0.8309767336866103E-03   5   2 0  2 0  0 1  0
    70  -.7023432744006861E-04   5   1 1  2 0  0 1  0
    71  0.3376405530212616E-03   5   0 2  2 0  0 1  0
    72  -.4128475277399418E-02   5   0 1  3 0  0 1  0
    73  0.4154883668433059E-03   5   0 0  4 0  0 1  0
    74  0.4128475277399419E-02   5   3 0  0 1  0 1  0
    75  0.3684681987909457E-04   5   2 1  0 1  0 1  0
    76  0.2226326636115987E-02   5   1 2  0 1  0 1  0
    77  -.7023432744006870E-04   5   2 0  1 1  0 1  0
    78  -.4518329748897057E-03   5   1 1  1 1  0 1  0
    79  -.1525397092090911E-04   5   0 2  1 1  0 1  0
    80  0.4128475277399414E-02   5   1 0  2 1  0 1  0
    81  -.3684681987909461E-04   5   0 1  2 1  0 1  0
    82  -.7023432744006870E-04   5   0 0  3 1  0 1  0
    83  0.3376405530212616E-03   5   2 0  0 2  0 1  0
    84  -.1525397092090911E-04   5   1 1  0 2  0 1  0
    85  0.1469795538283236E-01   5   0 2  0 2  0 1  0
    86  0.3684681987909451E-04   5   1 0  1 2  0 1  0
    87  -.2226326636115987E-02   5   0 1  1 2  0 1  0
    88  0.1117240655764090E-03   5   0 0  2 2  0 1  0
    89  0.2226326636115987E-02   5   1 0  0 3  0 1  0
    90  -.1525397092090910E-04   5   0 0  1 3  0 1  0
    91  0.7348977691416181E-02   5   0 0  0 4  0 1  0
    92  0.5529145034892389E-04   5   2 0  0 0  0 3  0
    93  -.9815555383835072E-05   5   1 1  0 0  0 3  0
    94  0.7219753812965007E-02   5   0 2  0 0  0 3  0
    95  -.1093505305914551E-02   5   0 1  1 0  0 3  0
    96  0.5529145034892389E-04   5   0 0  2 0  0 3  0
    97  0.1093505305914551E-02   5   1 0  0 1  0 3  0
    98  -.9815555383835072E-05   5   0 0  1 1  0 3  0
    99  0.7219753812965007E-02   5   0 0  0 2  0 3  0
   100  0.8751725014882874E-03   5   0 0  0 0  0 5  0
   --------------------------------------------------
     I  COEFFICIENT            ORDER EXPONENTS
     1  1.0000000000000000       1   0 0  0 0  0 1  0
     ------------------------------------------------
     ALL COMPONENTS ZERO 
     ------------------- 
     ALL COMPONENTS ZERO 
     ------------------- 
