 L    0.3793416666666666E-01
 P (  0.0000000000000000E+00,  0.0000000000000000E+00,  0.4552099999999999E+00)
 A (  0.0000000000000000E+00,  0.0000000000000000E+00,  0.0000000000000000E+00)
     I  COEFFICIENT            ORDER EXPONENTS
     1  0.9999956533253009       1   1 0  0 0  0 0  0
     2  0.3759629552206303E-01   1   0 1  0 0  0 0  0
     3  0.5539950721721090E-04   1   0 0  1 0  0 0  0
     4  0.4370969578398581E-02   1   0 0  0 1  0 0  0
     5  0.5909387766388307E-05   2   1 0  0 0  0 1  0
     6  -.2516666185815187E-01   2   0 1  0 0  0 1  0
     7  -.3741547572342877E-04   2   0 0  1 0  0 1  0
     8  -.5931964402708212E-02   2   0 0  0 1  0 1  0
     9  -.7172391378410748E-04   3   3 0  0 0  0 0  0
    10  -.2261592578464262E-04   3   2 1  0 0  0 0  0
    11  -.1027864365972488E-05   3   1 2  0 0  0 0  0
    12  0.1846121143907074E-01   3   0 3  0 0  0 0  0
    13  0.9759745061751450E-03   3   2 0  1 0  0 0  0
    14  0.2724421257989105E-04   3   1 1  1 0  0 0  0
    15  0.8170871244930112E-04   3   0 2  1 0  0 0  0
    16  -.7172391378410748E-04   3   1 0  2 0  0 0  0
    17  -.2268578311923123E-04   3   0 1  2 0  0 0  0
    18  0.9759745061751446E-03   3   0 0  3 0  0 0  0
    19  0.1330454676248219E-03   3   2 0  0 1  0 0  0
    20  -.4884997904175683E-04   3   1 1  0 1  0 0  0
    21  0.4351487902976490E-02   3   0 2  0 1  0 0  0
    22  0.6985733458863941E-07   3   1 0  1 1  0 0  0
    23  0.1576072731620407E-04   3   0 1  1 1  0 0  0
    24  0.1602896802047130E-03   3   0 0  2 1  0 0  0
    25  -.1678859168217655E-04   3   1 0  0 2  0 0  0
    26  0.1846121143907074E-01   3   0 1  0 2  0 0  0
    27  0.3285873340754429E-04   3   0 0  1 2  0 0  0
    28  0.4351487902976490E-02   3   0 0  0 3  0 0  0
    29  -.6459380041846509E-05   3   1 0  0 0  0 2  0
    30  0.1855732720219934E-01   3   0 1  0 0  0 2  0
    31  0.2793277786151008E-04   3   0 0  1 0  0 2  0
    32  0.6469806377033762E-02   3   0 0  0 1  0 2  0
    33  0.9752591149328616E-04   4   3 0  0 0  0 1  0
    34  0.4608348889362805E-04   4   2 1  0 0  0 1  0
    35  0.2925566826101575E-05   4   1 2  0 0  0 1  0
    36  -.3706351903592163E-01   4   0 3  0 0  0 1  0
    37  -.6597443848717721E-03   4   2 0  1 0  0 1  0
    38  -.3703025379934556E-04   4   1 1  1 0  0 1  0
    39  -.1643110545161195E-03   4   0 2  1 0  0 1  0
    40  0.9752591149328615E-04   4   1 0  2 0  0 1  0
    41  0.4622654193671274E-04   4   0 1  2 0  0 1  0
    42  -.6597443848717719E-03   4   0 0  3 0  0 1  0
    43  -.1787687919627226E-03   4   2 0  0 1  0 1  0
    44  0.9646388058063172E-04   4   1 1  0 1  0 1  0
    45  -.1181091913980249E-01   4   0 2  0 1  0 1  0
    46  -.1430530430847331E-06   4   1 0  1 1  0 1  0
    47  -.4259364484662662E-04   4   0 1  1 1  0 1  0
    48  -.2157990457620684E-03   4   0 0  2 1  0 1  0
    49  0.4551921167272820E-04   4   1 0  0 2  0 1  0
    50  -.3706351903592163E-01   4   0 1  0 2  0 1  0
    51  -.6784717393548781E-04   4   0 0  1 2  0 1  0
    52  -.1181091913980249E-01   4   0 0  0 3  0 1  0
    53  0.6640999403894994E-05   4   1 0  0 0  0 3  0
    54  -.1470706462359974E-01   4   0 1  0 0  0 3  0
    55  -.2246055372875682E-04   4   0 0  1 0  0 3  0
    56  -.6635159496068017E-02   4   0 0  0 1  0 3  0
    57  0.5801385410735370E-03   5   5 0  0 0  0 0  0
    58  0.6415552188681679E-03   5   4 1  0 0  0 0  0
    59  0.4784723293927384E-04   5   3 2  0 0  0 0  0
    60  -.2855188712163302E-04   5   2 3  0 0  0 0  0
    61  0.2273010837194120E-05   5   1 4  0 0  0 0  0
    62  0.1359413960891092E-01   5   0 5  0 0  0 0  0
    63  -.7797456920517486E-02   5   4 0  1 0  0 0  0
    64  -.4268419526099358E-03   5   3 1  1 0  0 0  0
    65  0.1417614096720180E-02   5   2 2  1 0  0 0  0
    66  0.5292206321699461E-04   5   1 3  1 0  0 0  0
    67  0.1003940870642143E-03   5   0 4  1 0  0 0  0
    68  0.1160277082147073E-02   5   3 0  2 0  0 0  0
    69  0.1289144078126733E-02   5   2 1  2 0  0 0  0
    70  0.4882115699527214E-04   5   1 2  2 0  0 0  0
    71  -.3412710061233991E-04   5   0 3  2 0  0 0  0
    72  -.1559491384103496E-01   5   2 0  3 0  0 0  0
    73  -.4268419526099356E-03   5   1 1  3 0  0 0  0
    74  0.1426026629805868E-02   5   0 2  3 0  0 0  0
    75  0.5801385410735370E-03   5   1 0  4 0  0 0  0
    76  0.6475888592585654E-03   5   0 1  4 0  0 0  0
    77  -.7797456920517481E-02   5   0 0  5 0  0 0  0
    78  -.3910199842496310E-02   5   4 0  0 1  0 0  0
    79  -.1142152903601255E-02   5   3 1  0 1  0 0  0
    80  0.9972161913935398E-04   5   2 2  0 1  0 0  0
    81  -.7110331380630187E-04   5   1 3  0 1  0 0  0
    82  0.4332048512879816E-02   5   0 4  0 1  0 0  0
    83  -.6033640390397659E-05   5   3 0  1 1  0 0  0
    84  0.3554132159390752E-03   5   2 1  1 1  0 0  0
    85  0.1783721306651400E-04   5   1 2  1 1  0 0  0
    86  0.3141051526403490E-04   5   0 3  1 1  0 0  0
    87  -.8247241637602567E-02   5   2 0  2 1  0 0  0
    88  -.1158977969772633E-02   5   1 1  2 1  0 0  0
    89  0.1817462236707181E-03   5   0 2  2 1  0 0  0
    90  -.6033640390397658E-05   5   1 0  3 1  0 0  0
    91  0.3573610640510719E-03   5   0 1  3 1  0 0  0
    92  -.4337041795106247E-02   5   0 0  4 1  0 0  0
    93  -.3085399070558002E-03   5   3 0  0 2  0 0  0
    94  -.4081388669743988E-04   5   2 1  0 2  0 0  0
    95  -.2686449358964600E-04   5   1 2  0 2  0 0  0
    96  0.2718827921782184E-01   5   0 3  0 2  0 0  0
    97  0.2838737262046147E-03   5   2 0  1 2  0 0  0
    98  -.5283019411745397E-05   5   1 1  1 2  0 0  0
    99  0.1296848603221262E-03   5   0 2  1 2  0 0  0
   100  -.3095138311117984E-03   5   1 0  2 2  0 0  0
   101  -.2186510103653299E-04   5   0 1  2 2  0 0  0
   102  0.2754611931189250E-03   5   0 0  3 2  0 0  0
   103  0.1288241604537236E-03   5   2 0  0 3  0 0  0
   104  -.7110331380630188E-04   5   1 1  0 3  0 0  0
   105  0.8664097025759635E-02   5   0 2  0 3  0 0  0
   106  -.6686786085099899E-05   5   1 0  1 3  0 0  0
   107  0.3141051526403489E-04   5   0 1  1 3  0 0  0
   108  0.1526436823563482E-03   5   0 0  2 3  0 0  0
   109  -.2913750442684046E-04   5   1 0  0 4  0 0  0
   110  0.1359413960891092E-01   5   0 1  0 4  0 0  0
   111  0.2929077325791238E-04   5   0 0  1 4  0 0  0
   112  0.4332048512879816E-02   5   0 0  0 5  0 0  0
   113  -.1066243965907299E-03   5   3 0  0 0  0 2  0
   114  -.6597274126482834E-04   5   2 1  0 0  0 2  0
   115  -.5453288857974929E-05   5   1 2  0 0  0 2  0
   116  0.5211619369638116E-01   5   0 3  0 0  0 2  0
   117  0.4931486114831358E-03   5   2 0  1 0  0 2  0
   118  0.4046474204078611E-04   5   1 1  1 0  0 2  0
   119  0.2315174903057248E-03   5   0 2  1 0  0 2  0
   120  -.1066243965907300E-03   5   1 0  2 0  0 2  0
   121  -.6617874262790595E-04   5   0 1  2 0  0 2  0
   122  0.4931486114831354E-03   5   0 0  3 0  0 2  0
   123  0.1925334615749992E-03   5   2 0  0 1  0 2  0
   124  -.1328800169223903E-03   5   1 1  0 1  0 2  0
   125  0.2089589389091265E-01   5   0 2  0 1  0 2  0
   126  0.2060013630775381E-06   5   1 0  1 1  0 2  0
   127  0.7498002960240584E-04   5   0 1  1 1  0 2  0
   128  0.2329982036157853E-03   5   0 0  2 1  0 2  0
   129  -.8043331846038082E-04   5   1 0  0 2  0 2  0
   130  0.5211619369638116E-01   5   0 1  0 2  0 2  0
   131  0.9863747338333448E-04   5   0 0  1 2  0 2  0
   132  0.2089589389091265E-01   5   0 0  0 3  0 2  0
   133  -.6688648541000259E-05   5   1 0  0 0  0 4  0
   134  0.1224815705259158E-01   5   0 1  0 0  0 4  0
   135  0.1900107276383577E-04   5   0 0  1 0  0 4  0
   136  0.6664959429913317E-02   5   0 0  0 1  0 4  0
   --------------------------------------------------
     I  COEFFICIENT            ORDER EXPONENTS
     1  -.3381604498134466E-03   1   1 0  0 0  0 0  0
     2  0.9733193941121425       1   0 1  0 0  0 0  0
     3  0.2809655465256115E-02   1   0 0  1 0  0 0  0
     4  0.2294715527561529       1   0 0  0 1  0 0  0
     5  0.2283851865530263E-03   2   1 0  0 0  0 1  0
     6  0.3620898255319983E-01   2   0 1  0 0  0 1  0
     7  0.3607252624345256E-04   2   0 0  1 0  0 1  0
     8  -.1536061091965672       2   0 0  0 1  0 1  0
     9  -.5972145248285042E-02   3   3 0  0 0  0 0  0
    10  -.2143356163581079E-02   3   2 1  0 0  0 0  0
    11  -.2642477238817354E-03   3   1 2  0 0  0 0  0
    12  -.2656263525222013E-01   3   0 3  0 0  0 0  0
    13  0.5678289393393681E-01   3   2 0  1 0  0 0  0
    14  0.2370349752186142E-02   3   1 1  1 0  0 0  0
    15  -.6525028320472273E-04   3   0 2  1 0  0 0  0
    16  -.5972145248285042E-02   3   1 0  2 0  0 0  0
    17  -.2167858698912665E-02   3   0 1  2 0  0 0  0
    18  0.5678289393393679E-01   3   0 0  3 0  0 0  0
    19  0.8792752737823612E-02   3   2 0  0 1  0 0  0
    20  0.4975203368552916E-03   3   1 1  0 1  0 0  0
    21  0.1126846533418640       3   0 2  0 1  0 0  0
    22  0.2450253533158472E-04   3   1 0  1 1  0 0  0
    23  0.2001731308312849E-03   3   0 1  1 1  0 0  0
    24  0.1116310249000976E-01   3   0 0  2 1  0 0  0
    25  -.4644208547130203E-03   3   1 0  0 2  0 0  0
    26  -.2656263525222013E-01   3   0 1  0 2  0 0  0
    27  0.4322700536505687E-03   3   0 0  1 2  0 0  0
    28  0.1126846533418640       3   0 0  0 3  0 0  0
    29  -.1705023785625793E-03   3   1 0  0 0  0 2  0
    30  -.3949198112326689E-01   3   0 1  0 0  0 2  0
    31  -.3942982508027110E-04   3   0 0  1 0  0 2  0
    32  0.1132653314940334       3   0 0  0 1  0 2  0
    33  0.4037062581728609E-02   4   3 0  0 0  0 1  0
    34  0.2897552037554122E-02   4   2 1  0 0  0 1  0
    35  0.5433629267446944E-03   4   1 2  0 0  0 1  0
    36  0.7209696014346037E-01   4   0 3  0 0  0 1  0
    37  0.5971895364489595E-03   4   2 0  1 0  0 1  0
    38  -.1600719839359091E-02   4   1 1  1 0  0 1  0
    39  0.2193711252102332E-03   4   0 2  1 0  0 1  0
    40  0.4037062581728609E-02   4   1 0  2 0  0 1  0
    41  0.2930894664944902E-02   4   0 1  2 0  0 1  0
    42  0.5971895364489593E-03   4   0 0  3 0  0 1  0
    43  -.5676026001551025E-02   4   2 0  0 1  0 1  0
    44  -.7887054722761239E-03   4   1 1  0 1  0 1  0
    45  -.2262301071838612       4   0 2  0 1  0 1  0
    46  -.3334262739078024E-04   4   1 0  1 1  0 1  0
    47  -.3902644526427524E-03   4   0 1  1 1  0 1  0
    48  -.7276745840910116E-02   4   0 0  2 1  0 1  0
    49  0.9336273793874466E-03   4   1 0  0 2  0 1  0
    50  0.7209696014346037E-01   4   0 1  0 2  0 1  0
    51  -.5693343470658909E-03   4   0 0  1 2  0 1  0
    52  -.2262301071838612       4   0 0  0 3  0 1  0
    53  0.1370996584757455E-03   4   1 0  0 0  0 3  0
    54  0.4050128808674003E-01   4   0 1  0 0  0 3  0
    55  0.4053847348791392E-04   4   0 0  1 0  0 3  0
    56  -.8976479268210268E-01   4   0 0  0 1  0 3  0
    57  0.4768851504433309E-01   5   5 0  0 0  0 0  0
    58  0.5452382053037906E-01   5   4 1  0 0  0 0  0
    59  0.1244252669157427E-02   5   3 2  0 0  0 0  0
    60  -.1963334241321636E-02   5   2 3  0 0  0 0  0
    61  -.2709616888378548E-03   5   1 4  0 0  0 0  0
    62  -.2644489300201030E-01   5   0 5  0 0  0 0  0
    63  -.4450565151474519       5   4 0  1 0  0 0  0
    64  -.3661130135761487E-01   5   3 1  1 0  0 0  0
    65  -.3592447661403974E-02   5   2 2  1 0  0 0  0
    66  0.1088601061367352E-02   5   1 3  1 0  0 0  0
    67  -.1354346674946883E-03   5   0 4  1 0  0 0  0
    68  0.9537703008866609E-01   5   3 0  2 0  0 0  0
    69  0.1093617957811461       5   2 1  2 0  0 0  0
    70  0.1364717951127486E-02   5   1 2  2 0  0 0  0
    71  -.2089538480664638E-02   5   0 3  2 0  0 0  0
    72  -.8901130302949035       5   2 0  3 0  0 0  0
    73  -.3661130135761486E-01   5   1 1  3 0  0 0  0
    74  -.2639517956029883E-02   5   0 2  3 0  0 0  0
    75  0.4768851504433311E-01   5   1 0  4 0  0 0  0
    76  0.5483797525076704E-01   5   0 1  4 0  0 0  0
    77  -.4450565151474516       5   0 0  5 0  0 0  0
    78  -.2233961955175852       5   4 0  0 1  0 0  0
    79  -.1617471488072789E-01   5   3 1  0 1  0 0  0
    80  0.3521037671145344E-02   5   2 2  0 1  0 0  0
    81  0.5656178587981674E-03   5   1 3  0 1  0 0  0
    82  0.8298063022165596E-01   5   0 4  0 1  0 0  0
    83  -.3141547203879901E-03   5   3 0  1 1  0 0  0
    84  0.1134663537036467E-01   5   2 1  1 1  0 0  0
    85  0.4757657893882704E-03   5   1 2  1 1  0 0  0
    86  0.2923526244880069E-03   5   0 3  1 1  0 0  0
    87  -.4834036923927851       5   2 0  2 1  0 0  0
    88  -.1808057429147606E-01   5   1 1  2 1  0 0  0
    89  0.5001191048161782E-02   5   0 2  2 1  0 0  0
    90  -.3141547203879910E-03   5   1 0  3 1  0 0  0
    91  0.1158756593430479E-01   5   0 1  3 1  0 0  0
    92  -.2600074968752000       5   0 0  4 1  0 0  0
    93  -.1022284798317732E-01   5   3 0  0 2  0 0  0
    94  -.2312895791366886E-02   5   2 1  0 2  0 0  0
    95  -.8342760021636840E-03   5   1 2  0 2  0 0  0
    96  -.5288978600402060E-01   5   0 3  0 2  0 0  0
    97  -.1881423283675776E-01   5   2 0  1 2  0 0  0
    98  0.3054964300691295E-03   5   1 1  1 2  0 0  0
    99  0.2947485238087758E-03   5   0 2  1 2  0 0  0
   100  -.1034331326514736E-01   5   1 0  2 2  0 0  0
   101  -.1739976930619381E-02   5   0 1  2 2  0 0  0
   102  -.1976716254213186E-01   5   0 0  3 2  0 0  0
   103  0.3912589986794433E-02   5   2 0  0 3  0 0  0
   104  0.5656178587981671E-03   5   1 1  0 3  0 0  0
   105  0.1659612604433119       5   0 2  0 3  0 0  0
   106  -.2233573107022473E-03   5   1 0  1 3  0 0  0
   107  0.2923526244880068E-03   5   0 1  1 3  0 0  0
   108  0.4609638732512673E-02   5   0 0  2 3  0 0  0
   109  -.5633143133258465E-03   5   1 0  0 4  0 0  0
   110  -.2644489300201029E-01   5   0 1  0 4  0 0  0
   111  0.4301831913034772E-03   5   0 0  1 4  0 0  0
   112  0.8298063022165593E-01   5   0 0  0 5  0 0  0
   113  -.3017621011437552E-02   5   3 0  0 0  0 2  0
   114  -.3144907286500675E-02   5   2 1  0 0  0 2  0
   115  -.7861781653336895E-03   5   1 2  0 0  0 2  0
   116  -.1275539969865519       5   0 3  0 0  0 2  0
   117  -.6529025264117144E-03   5   2 0  1 0  0 2  0
   118  0.1194871123791611E-02   5   1 1  1 0  0 2  0
   119  -.4163891011975170E-03   5   0 2  1 0  0 2  0
   120  -.3017621011437552E-02   5   1 0  2 0  0 2  0
   121  -.3181395250925262E-02   5   0 1  2 0  0 2  0
   122  -.6529025264117138E-03   5   0 0  3 0  0 2  0
   123  0.3968452282078316E-02   5   2 0  0 1  0 2  0
   124  0.1012721468415359E-02   5   1 1  0 1  0 2  0
   125  0.3181086100229562       5   0 2  0 1  0 2  0
   126  0.3648796442458767E-04   5   1 0  1 1  0 2  0
   127  0.5288165015134716E-03   5   0 1  1 1  0 2  0
   128  0.5163323405869927E-02   5   0 0  2 1  0 2  0
   129  -.1314994666847161E-02   5   1 0  0 2  0 2  0
   130  -.1275539969865519       5   0 1  0 2  0 2  0
   131  0.5963323672178418E-03   5   0 0  1 2  0 2  0
   132  0.3181086100229562       5   0 0  0 3  0 2  0
   133  -.1159828049576360E-03   5   1 0  0 0  0 4  0
   134  -.4068317118137327E-01   5   0 1  0 0  0 4  0
   135  -.4082933045176460E-04   5   0 0  1 0  0 4  0
   136  0.7475652097004852E-01   5   0 0  0 1  0 4  0
   --------------------------------------------------
     I  COEFFICIENT            ORDER EXPONENTS
     1  -.5539950721721090E-04   1   1 0  0 0  0 0  0
     2  -.4370969578398581E-02   1   0 1  0 0  0 0  0
     3  0.9999956533253009       1   0 0  1 0  0 0  0
     4  0.3759629552206303E-01   1   0 0  0 1  0 0  0
     5  0.3741547572342877E-04   2   1 0  0 0  0 1  0
     6  0.5931964402708212E-02   2   0 1  0 0  0 1  0
     7  0.5909387766388307E-05   2   0 0  1 0  0 1  0
     8  -.2516666185815187E-01   2   0 0  0 1  0 1  0
     9  -.9759745061751453E-03   3   3 0  0 0  0 0  0
    10  -.1602896802047130E-03   3   2 1  0 0  0 0  0
    11  -.3285873340754429E-04   3   1 2  0 0  0 0  0
    12  -.4351487902976490E-02   3   0 3  0 0  0 0  0
    13  -.7172391378410751E-04   3   2 0  1 0  0 0  0
    14  0.6985733458863902E-07   3   1 1  1 0  0 0  0
    15  -.1678859168217655E-04   3   0 2  1 0  0 0  0
    16  -.9759745061751453E-03   3   1 0  2 0  0 0  0
    17  -.1330454676248219E-03   3   0 1  2 0  0 0  0
    18  -.7172391378410743E-04   3   0 0  3 0  0 0  0
    19  -.2268578311923123E-04   3   2 0  0 1  0 0  0
    20  0.1576072731620407E-04   3   1 1  0 1  0 0  0
    21  0.1846121143907074E-01   3   0 2  0 1  0 0  0
    22  -.2724421257989105E-04   3   1 0  1 1  0 0  0
    23  0.4884997904175682E-04   3   0 1  1 1  0 0  0
    24  -.2261592578464262E-04   3   0 0  2 1  0 0  0
    25  -.8170871244930110E-04   3   1 0  0 2  0 0  0
    26  -.4351487902976490E-02   3   0 1  0 2  0 0  0
    27  -.1027864365972488E-05   3   0 0  1 2  0 0  0
    28  0.1846121143907074E-01   3   0 0  0 3  0 0  0
    29  -.2793277786151008E-04   3   1 0  0 0  0 2  0
    30  -.6469806377033762E-02   3   0 1  0 0  0 2  0
    31  -.6459380041846509E-05   3   0 0  1 0  0 2  0
    32  0.1855732720219934E-01   3   0 0  0 1  0 2  0
    33  0.6597443848717724E-03   4   3 0  0 0  0 1  0
    34  0.2157990457620684E-03   4   2 1  0 0  0 1  0
    35  0.6784717393548781E-04   4   1 2  0 0  0 1  0
    36  0.1181091913980249E-01   4   0 3  0 0  0 1  0
    37  0.9752591149328613E-04   4   2 0  1 0  0 1  0
    38  -.1430530430847327E-06   4   1 1  1 0  0 1  0
    39  0.4551921167272821E-04   4   0 2  1 0  0 1  0
    40  0.6597443848717724E-03   4   1 0  2 0  0 1  0
    41  0.1787687919627226E-03   4   0 1  2 0  0 1  0
    42  0.9752591149328612E-04   4   0 0  3 0  0 1  0
    43  0.4622654193671274E-04   4   2 0  0 1  0 1  0
    44  -.4259364484662662E-04   4   1 1  0 1  0 1  0
    45  -.3706351903592163E-01   4   0 2  0 1  0 1  0
    46  0.3703025379934556E-04   4   1 0  1 1  0 1  0
    47  -.9646388058063172E-04   4   0 1  1 1  0 1  0
    48  0.4608348889362805E-04   4   0 0  2 1  0 1  0
    49  0.1643110545161195E-03   4   1 0  0 2  0 1  0
    50  0.1181091913980249E-01   4   0 1  0 2  0 1  0
    51  0.2925566826101575E-05   4   0 0  1 2  0 1  0
    52  -.3706351903592163E-01   4   0 0  0 3  0 1  0
    53  0.2246055372875682E-04   4   1 0  0 0  0 3  0
    54  0.6635159496068017E-02   4   0 1  0 0  0 3  0
    55  0.6640999403894994E-05   4   0 0  1 0  0 3  0
    56  -.1470706462359974E-01   4   0 0  0 1  0 3  0
    57  0.7797456920517485E-02   5   5 0  0 0  0 0  0
    58  0.4337041795106246E-02   5   4 1  0 0  0 0  0
    59  -.2754611931189252E-03   5   3 2  0 0  0 0  0
    60  -.1526436823563481E-03   5   2 3  0 0  0 0  0
    61  -.2929077325791239E-04   5   1 4  0 0  0 0  0
    62  -.4332048512879816E-02   5   0 5  0 0  0 0  0
    63  0.5801385410735369E-03   5   4 0  1 0  0 0  0
    64  -.6033640390397658E-05   5   3 1  1 0  0 0  0
    65  -.3095138311117984E-03   5   2 2  1 0  0 0  0
    66  -.6686786085099902E-05   5   1 3  1 0  0 0  0
    67  -.2913750442684046E-04   5   0 4  1 0  0 0  0
    68  0.1559491384103495E-01   5   3 0  2 0  0 0  0
    69  0.8247241637602574E-02   5   2 1  2 0  0 0  0
    70  -.2838737262046149E-03   5   1 2  2 0  0 0  0
    71  -.1288241604537236E-03   5   0 3  2 0  0 0  0
    72  0.1160277082147073E-02   5   2 0  3 0  0 0  0
    73  -.6033640390397655E-05   5   1 1  3 0  0 0  0
    74  -.3085399070558001E-03   5   0 2  3 0  0 0  0
    75  0.7797456920517486E-02   5   1 0  4 0  0 0  0
    76  0.3910199842496310E-02   5   0 1  4 0  0 0  0
    77  0.5801385410735370E-03   5   0 0  5 0  0 0  0
    78  0.6475888592585653E-03   5   4 0  0 1  0 0  0
    79  0.3573610640510724E-03   5   3 1  0 1  0 0  0
    80  -.2186510103653304E-04   5   2 2  0 1  0 0  0
    81  0.3141051526403489E-04   5   1 3  0 1  0 0  0
    82  0.1359413960891092E-01   5   0 4  0 1  0 0  0
    83  0.4268419526099353E-03   5   3 0  1 1  0 0  0
    84  0.1158977969772633E-02   5   2 1  1 1  0 0  0
    85  0.5283019411745405E-05   5   1 2  1 1  0 0  0
    86  0.7110331380630187E-04   5   0 3  1 1  0 0  0
    87  0.1289144078126731E-02   5   2 0  2 1  0 0  0
    88  0.3554132159390754E-03   5   1 1  2 1  0 0  0
    89  -.4081388669743988E-04   5   0 2  2 1  0 0  0
    90  0.4268419526099354E-03   5   1 0  3 1  0 0  0
    91  0.1142152903601254E-02   5   0 1  3 1  0 0  0
    92  0.6415552188681677E-03   5   0 0  4 1  0 0  0
    93  -.1426026629805869E-02   5   3 0  0 2  0 0  0
    94  -.1817462236707180E-03   5   2 1  0 2  0 0  0
    95  -.1296848603221262E-03   5   1 2  0 2  0 0  0
    96  -.8664097025759635E-02   5   0 3  0 2  0 0  0
    97  0.4882115699527203E-04   5   2 0  1 2  0 0  0
    98  0.1783721306651400E-04   5   1 1  1 2  0 0  0
    99  -.2686449358964599E-04   5   0 2  1 2  0 0  0
   100  -.1417614096720179E-02   5   1 0  2 2  0 0  0
   101  -.9972161913935387E-04   5   0 1  2 2  0 0  0
   102  0.4784723293927377E-04   5   0 0  3 2  0 0  0
   103  -.3412710061233994E-04   5   2 0  0 3  0 0  0
   104  0.3141051526403488E-04   5   1 1  0 3  0 0  0
   105  0.2718827921782184E-01   5   0 2  0 3  0 0  0
   106  -.5292206321699463E-04   5   1 0  1 3  0 0  0
   107  0.7110331380630187E-04   5   0 1  1 3  0 0  0
   108  -.2855188712163300E-04   5   0 0  2 3  0 0  0
   109  -.1003940870642143E-03   5   1 0  0 4  0 0  0
   110  -.4332048512879816E-02   5   0 1  0 4  0 0  0
   111  0.2273010837194118E-05   5   0 0  1 4  0 0  0
   112  0.1359413960891092E-01   5   0 0  0 5  0 0  0
   113  -.4931486114831359E-03   5   3 0  0 0  0 2  0
   114  -.2329982036157853E-03   5   2 1  0 0  0 2  0
   115  -.9863747338333448E-04   5   1 2  0 0  0 2  0
   116  -.2089589389091265E-01   5   0 3  0 0  0 2  0
   117  -.1066243965907300E-03   5   2 0  1 0  0 2  0
   118  0.2060013630775367E-06   5   1 1  1 0  0 2  0
   119  -.8043331846038082E-04   5   0 2  1 0  0 2  0
   120  -.4931486114831359E-03   5   1 0  2 0  0 2  0
   121  -.1925334615749992E-03   5   0 1  2 0  0 2  0
   122  -.1066243965907299E-03   5   0 0  3 0  0 2  0
   123  -.6617874262790595E-04   5   2 0  0 1  0 2  0
   124  0.7498002960240584E-04   5   1 1  0 1  0 2  0
   125  0.5211619369638116E-01   5   0 2  0 1  0 2  0
   126  -.4046474204078611E-04   5   1 0  1 1  0 2  0
   127  0.1328800169223903E-03   5   0 1  1 1  0 2  0
   128  -.6597274126482834E-04   5   0 0  2 1  0 2  0
   129  -.2315174903057248E-03   5   1 0  0 2  0 2  0
   130  -.2089589389091265E-01   5   0 1  0 2  0 2  0
   131  -.5453288857974929E-05   5   0 0  1 2  0 2  0
   132  0.5211619369638116E-01   5   0 0  0 3  0 2  0
   133  -.1900107276383577E-04   5   1 0  0 0  0 4  0
   134  -.6664959429913317E-02   5   0 1  0 0  0 4  0
   135  -.6688648541000259E-05   5   0 0  1 0  0 4  0
   136  0.1224815705259158E-01   5   0 0  0 1  0 4  0
   --------------------------------------------------
     I  COEFFICIENT            ORDER EXPONENTS
     1  -.2809655465256115E-02   1   1 0  0 0  0 0  0
     2  -.2294715527561529       1   0 1  0 0  0 0  0
     3  -.3381604498134466E-03   1   0 0  1 0  0 0  0
     4  0.9733193941121425       1   0 0  0 1  0 0  0
     5  -.3607252624345256E-04   2   1 0  0 0  0 1  0
     6  0.1536061091965672       2   0 1  0 0  0 1  0
     7  0.2283851865530263E-03   2   0 0  1 0  0 1  0
     8  0.3620898255319983E-01   2   0 0  0 1  0 1  0
     9  -.5678289393393681E-01   3   3 0  0 0  0 0  0
    10  -.1116310249000976E-01   3   2 1  0 0  0 0  0
    11  -.4322700536505686E-03   3   1 2  0 0  0 0  0
    12  -.1126846533418640       3   0 3  0 0  0 0  0
    13  -.5972145248285040E-02   3   2 0  1 0  0 0  0
    14  0.2450253533158476E-04   3   1 1  1 0  0 0  0
    15  -.4644208547130204E-03   3   0 2  1 0  0 0  0
    16  -.5678289393393681E-01   3   1 0  2 0  0 0  0
    17  -.8792752737823614E-02   3   0 1  2 0  0 0  0
    18  -.5972145248285037E-02   3   0 0  3 0  0 0  0
    19  -.2167858698912664E-02   3   2 0  0 1  0 0  0
    20  0.2001731308312849E-03   3   1 1  0 1  0 0  0
    21  -.2656263525222013E-01   3   0 2  0 1  0 0  0
    22  -.2370349752186142E-02   3   1 0  1 1  0 0  0
    23  -.4975203368552916E-03   3   0 1  1 1  0 0  0
    24  -.2143356163581080E-02   3   0 0  2 1  0 0  0
    25  0.6525028320472273E-04   3   1 0  0 2  0 0  0
    26  -.1126846533418640       3   0 1  0 2  0 0  0
    27  -.2642477238817354E-03   3   0 0  1 2  0 0  0
    28  -.2656263525222013E-01   3   0 0  0 3  0 0  0
    29  0.3942982508027110E-04   3   1 0  0 0  0 2  0
    30  -.1132653314940334       3   0 1  0 0  0 2  0
    31  -.1705023785625793E-03   3   0 0  1 0  0 2  0
    32  -.3949198112326689E-01   3   0 0  0 1  0 2  0
    33  -.5971895364489596E-03   4   3 0  0 0  0 1  0
    34  0.7276745840910116E-02   4   2 1  0 0  0 1  0
    35  0.5693343470658909E-03   4   1 2  0 0  0 1  0
    36  0.2262301071838612       4   0 3  0 0  0 1  0
    37  0.4037062581728608E-02   4   2 0  1 0  0 1  0
    38  -.3334262739078027E-04   4   1 1  1 0  0 1  0
    39  0.9336273793874466E-03   4   0 2  1 0  0 1  0
    40  -.5971895364489595E-03   4   1 0  2 0  0 1  0
    41  0.5676026001551025E-02   4   0 1  2 0  0 1  0
    42  0.4037062581728607E-02   4   0 0  3 0  0 1  0
    43  0.2930894664944902E-02   4   2 0  0 1  0 1  0
    44  -.3902644526427523E-03   4   1 1  0 1  0 1  0
    45  0.7209696014346037E-01   4   0 2  0 1  0 1  0
    46  0.1600719839359091E-02   4   1 0  1 1  0 1  0
    47  0.7887054722761239E-03   4   0 1  1 1  0 1  0
    48  0.2897552037554122E-02   4   0 0  2 1  0 1  0
    49  -.2193711252102331E-03   4   1 0  0 2  0 1  0
    50  0.2262301071838612       4   0 1  0 2  0 1  0
    51  0.5433629267446944E-03   4   0 0  1 2  0 1  0
    52  0.7209696014346037E-01   4   0 0  0 3  0 1  0
    53  -.4053847348791392E-04   4   1 0  0 0  0 3  0
    54  0.8976479268210268E-01   4   0 1  0 0  0 3  0
    55  0.1370996584757455E-03   4   0 0  1 0  0 3  0
    56  0.4050128808674003E-01   4   0 0  0 1  0 3  0
    57  0.4450565151474518       5   5 0  0 0  0 0  0
    58  0.2600074968752001       5   4 1  0 0  0 0  0
    59  0.1976716254213186E-01   5   3 2  0 0  0 0  0
    60  -.4609638732512673E-02   5   2 3  0 0  0 0  0
    61  -.4301831913034773E-03   5   1 4  0 0  0 0  0
    62  -.8298063022165593E-01   5   0 5  0 0  0 0  0
    63  0.4768851504433311E-01   5   4 0  1 0  0 0  0
    64  -.3141547203879879E-03   5   3 1  1 0  0 0  0
    65  -.1034331326514736E-01   5   2 2  1 0  0 0  0
    66  -.2233573107022473E-03   5   1 3  1 0  0 0  0
    67  -.5633143133258467E-03   5   0 4  1 0  0 0  0
    68  0.8901130302949036       5   3 0  2 0  0 0  0
    69  0.4834036923927851       5   2 1  2 0  0 0  0
    70  0.1881423283675776E-01   5   1 2  2 0  0 0  0
    71  -.3912589986794433E-02   5   0 3  2 0  0 0  0
    72  0.9537703008866617E-01   5   2 0  3 0  0 0  0
    73  -.3141547203879879E-03   5   1 1  3 0  0 0  0
    74  -.1022284798317732E-01   5   0 2  3 0  0 0  0
    75  0.4450565151474518       5   1 0  4 0  0 0  0
    76  0.2233961955175852       5   0 1  4 0  0 0  0
    77  0.4768851504433309E-01   5   0 0  5 0  0 0  0
    78  0.5483797525076704E-01   5   4 0  0 1  0 0  0
    79  0.1158756593430479E-01   5   3 1  0 1  0 0  0
    80  -.1739976930619382E-02   5   2 2  0 1  0 0  0
    81  0.2923526244880069E-03   5   1 3  0 1  0 0  0
    82  -.2644489300201029E-01   5   0 4  0 1  0 0  0
    83  0.3661130135761487E-01   5   3 0  1 1  0 0  0
    84  0.1808057429147605E-01   5   2 1  1 1  0 0  0
    85  -.3054964300691296E-03   5   1 2  1 1  0 0  0
    86  -.5656178587981673E-03   5   0 3  1 1  0 0  0
    87  0.1093617957811461       5   2 0  2 1  0 0  0
    88  0.1134663537036467E-01   5   1 1  2 1  0 0  0
    89  -.2312895791366886E-02   5   0 2  2 1  0 0  0
    90  0.3661130135761488E-01   5   1 0  3 1  0 0  0
    91  0.1617471488072789E-01   5   0 1  3 1  0 0  0
    92  0.5452382053037906E-01   5   0 0  4 1  0 0  0
    93  0.2639517956029885E-02   5   3 0  0 2  0 0  0
    94  -.5001191048161783E-02   5   2 1  0 2  0 0  0
    95  -.2947485238087758E-03   5   1 2  0 2  0 0  0
    96  -.1659612604433119       5   0 3  0 2  0 0  0
    97  0.1364717951127487E-02   5   2 0  1 2  0 0  0
    98  0.4757657893882701E-03   5   1 1  1 2  0 0  0
    99  -.8342760021636841E-03   5   0 2  1 2  0 0  0
   100  0.3592447661403975E-02   5   1 0  2 2  0 0  0
   101  -.3521037671145343E-02   5   0 1  2 2  0 0  0
   102  0.1244252669157428E-02   5   0 0  3 2  0 0  0
   103  -.2089538480664638E-02   5   2 0  0 3  0 0  0
   104  0.2923526244880068E-03   5   1 1  0 3  0 0  0
   105  -.5288978600402060E-01   5   0 2  0 3  0 0  0
   106  -.1088601061367353E-02   5   1 0  1 3  0 0  0
   107  -.5656178587981672E-03   5   0 1  1 3  0 0  0
   108  -.1963334241321636E-02   5   0 0  2 3  0 0  0
   109  0.1354346674946882E-03   5   1 0  0 4  0 0  0
   110  -.8298063022165596E-01   5   0 1  0 4  0 0  0
   111  -.2709616888378548E-03   5   0 0  1 4  0 0  0
   112  -.2644489300201030E-01   5   0 0  0 5  0 0  0
   113  0.6529025264117142E-03   5   3 0  0 0  0 2  0
   114  -.5163323405869927E-02   5   2 1  0 0  0 2  0
   115  -.5963323672178418E-03   5   1 2  0 0  0 2  0
   116  -.3181086100229562       5   0 3  0 0  0 2  0
   117  -.3017621011437552E-02   5   2 0  1 0  0 2  0
   118  0.3648796442458757E-04   5   1 1  1 0  0 2  0
   119  -.1314994666847161E-02   5   0 2  1 0  0 2  0
   120  0.6529025264117144E-03   5   1 0  2 0  0 2  0
   121  -.3968452282078315E-02   5   0 1  2 0  0 2  0
   122  -.3017621011437550E-02   5   0 0  3 0  0 2  0
   123  -.3181395250925262E-02   5   2 0  0 1  0 2  0
   124  0.5288165015134713E-03   5   1 1  0 1  0 2  0
   125  -.1275539969865519       5   0 2  0 1  0 2  0
   126  -.1194871123791610E-02   5   1 0  1 1  0 2  0
   127  -.1012721468415359E-02   5   0 1  1 1  0 2  0
   128  -.3144907286500675E-02   5   0 0  2 1  0 2  0
   129  0.4163891011975170E-03   5   1 0  0 2  0 2  0
   130  -.3181086100229562       5   0 1  0 2  0 2  0
   131  -.7861781653336895E-03   5   0 0  1 2  0 2  0
   132  -.1275539969865519       5   0 0  0 3  0 2  0
   133  0.4082933045176460E-04   5   1 0  0 0  0 4  0
   134  -.7475652097004852E-01   5   0 1  0 0  0 4  0
   135  -.1159828049576360E-03   5   0 0  1 0  0 4  0
   136  -.4068317118137327E-01   5   0 0  0 1  0 4  0
   --------------------------------------------------
     I  COEFFICIENT            ORDER EXPONENTS
     1  1.0000000000000000       1   0 0  0 0  1 0  0
     2  0.3845463487677053E-02   1   0 0  0 0  0 1  0
     3  -.3647004520510477E-07   2   2 0  0 0  0 0  0
     4  -.2832763165318541E-05   2   1 1  0 0  0 0  0
     5  -.1292818483120320E-01   2   0 2  0 0  0 0  0
     6  -.3777324534805351E-04   2   0 1  1 0  0 0  0
     7  -.3647004520510477E-07   2   0 0  2 0  0 0  0
     8  0.3777324534805351E-04   2   1 0  0 1  0 0  0
     9  -.2832763165318541E-05   2   0 0  1 1  0 0  0
    10  -.1292818483120320E-01   2   0 0  0 2  0 0  0
    11  -.3931661018608461E-02   2   0 0  0 0  0 2  0
    12  0.5501060044300235E-07   3   2 0  0 0  0 1  0
    13  0.6203844035781789E-05   3   1 1  0 0  0 1  0
    14  0.1954673820240619E-01   3   0 2  0 0  0 1  0
    15  0.5689246083037977E-04   3   0 1  1 0  0 1  0
    16  0.5501060044300235E-07   3   0 0  2 0  0 1  0
    17  -.5689246083037977E-04   3   1 0  0 1  0 1  0
    18  0.6203844035781789E-05   3   0 0  1 1  0 1  0
    19  0.1954673820240619E-01   3   0 0  0 2  0 1  0
    20  0.3768058509294898E-02   3   0 0  0 0  0 3  0
    21  -.1325112023770102E-05   4   4 0  0 0  0 0  0
    22  -.5678307240125973E-04   4   3 1  0 0  0 0  0
    23  -.2892623161220872E-05   4   2 2  0 0  0 0  0
    24  -.5711825326367480E-05   4   1 3  0 0  0 0  0
    25  -.9696185016021607E-02   4   0 4  0 0  0 0  0
    26  -.6644995439054210E-03   4   2 1  1 0  0 0  0
    27  -.1826342677154444E-04   4   1 2  1 0  0 0  0
    28  -.5668207365541370E-04   4   0 3  1 0  0 0  0
    29  -.2650224047540201E-05   4   2 0  2 0  0 0  0
    30  -.5678307240125973E-04   4   1 1  2 0  0 0  0
    31  0.3914922871516775E-06   4   0 2  2 0  0 0  0
    32  -.6644995439054208E-03   4   0 1  3 0  0 0  0
    33  -.1325112023770100E-05   4   0 0  4 0  0 0  0
    34  0.6644995439054214E-03   4   3 0  0 1  0 0  0
    35  0.1826342677154446E-04   4   2 1  0 1  0 0  0
    36  0.5668207365541372E-04   4   1 2  0 1  0 0  0
    37  -.5678307240125965E-04   4   2 0  1 1  0 0  0
    38  -.6568230896745139E-05   4   1 1  1 1  0 0  0
    39  -.5711825326367487E-05   4   0 2  1 1  0 0  0
    40  0.6644995439054212E-03   4   1 0  2 1  0 0  0
    41  -.1826342677154450E-04   4   0 1  2 1  0 0  0
    42  -.5678307240125967E-04   4   0 0  3 1  0 0  0
    43  0.3914922871516803E-06   4   2 0  0 2  0 0  0
    44  -.5711825326367487E-05   4   1 1  0 2  0 0  0
    45  -.1939237003204321E-01   4   0 2  0 2  0 0  0
    46  0.1826342677154444E-04   4   1 0  1 2  0 0  0
    47  -.5668207365541370E-04   4   0 1  1 2  0 0  0
    48  -.2892623161220887E-05   4   0 0  2 2  0 0  0
    49  0.5668207365541370E-04   4   1 0  0 3  0 0  0
    50  -.5711825326367480E-05   4   0 0  1 3  0 0  0
    51  -.9696185016021607E-02   4   0 0  0 4  0 0  0
    52  -.6712866186443464E-07   4   2 0  0 0  0 2  0
    53  -.9586647426116249E-05   4   1 1  0 0  0 2  0
    54  -.2391661159270456E-01   4   0 2  0 0  0 2  0
    55  -.6930892630869275E-04   4   0 1  1 0  0 2  0
    56  -.6712866186443464E-07   4   0 0  2 0  0 2  0
    57  0.6930892630869275E-04   4   1 0  0 1  0 2  0
    58  -.9586647426116249E-05   4   0 0  1 1  0 2  0
    59  -.2391661159270456E-01   4   0 0  0 2  0 2  0
    60  -.3542567864577322E-02   4   0 0  0 0  0 4  0
    61  0.1998523466101156E-05   5   4 0  0 0  0 1  0
    62  0.1243281227289324E-03   5   3 1  0 0  0 1  0
    63  0.8292666058273195E-05   5   2 2  0 0  0 1  0
    64  0.2028531015592866E-04   5   1 3  0 0  0 1  0
    65  0.2787822513317379E-01   5   0 4  0 0  0 1  0
    66  0.9999457822586714E-03   5   2 1  1 0  0 1  0
    67  0.3957198303255067E-04   5   1 2  1 0  0 1  0
    68  0.1624186432525075E-03   5   0 3  1 0  0 1  0
    69  0.3997046932202309E-05   5   2 0  2 0  0 1  0
    70  0.1243281227289324E-03   5   1 1  2 0  0 1  0
    71  -.1108754931396761E-05   5   0 2  2 0  0 1  0
    72  0.9999457822586707E-03   5   0 1  3 0  0 1  0
    73  0.1998523466101153E-05   5   0 0  4 0  0 1  0
    74  -.9999457822586714E-03   5   3 0  0 1  0 1  0
    75  -.3957198303255080E-04   5   2 1  0 1  0 1  0
    76  -.1624186432525075E-03   5   1 2  0 1  0 1  0
    77  0.1243281227289323E-03   5   2 0  1 1  0 1  0
    78  0.1880284197933993E-04   5   1 1  1 1  0 1  0
    79  0.2028531015592865E-04   5   0 2  1 1  0 1  0
    80  -.9999457822586714E-03   5   1 0  2 1  0 1  0
    81  0.3957198303255085E-04   5   0 1  2 1  0 1  0
    82  0.1243281227289322E-03   5   0 0  3 1  0 1  0
    83  -.1108754931396764E-05   5   2 0  0 2  0 1  0
    84  0.2028531015592865E-04   5   1 1  0 2  0 1  0
    85  0.5575645026634762E-01   5   0 2  0 2  0 1  0
    86  -.3957198303255068E-04   5   1 0  1 2  0 1  0
    87  0.1624186432525075E-03   5   0 1  1 2  0 1  0
    88  0.8292666058273227E-05   5   0 0  2 2  0 1  0
    89  -.1624186432525075E-03   5   1 0  0 3  0 1  0
    90  0.2028531015592866E-04   5   0 0  1 3  0 1  0
    91  0.2787822513317379E-01   5   0 0  0 4  0 1  0
    92  0.7665725346785455E-07   5   2 0  0 0  0 3  0
    93  0.1290151225245224E-04   5   1 1  0 0  0 3  0
    94  0.2738792398658685E-01   5   0 2  0 0  0 3  0
    95  0.7900843447981428E-04   5   0 1  1 0  0 3  0
    96  0.7665725346785455E-07   5   0 0  2 0  0 3  0
    97  -.7900843447981428E-04   5   1 0  0 1  0 3  0
    98  0.1290151225245224E-04   5   0 0  1 1  0 3  0
    99  0.2738792398658685E-01   5   0 0  0 2  0 3  0
   100  0.3319893953354097E-02   5   0 0  0 0  0 5  0
   --------------------------------------------------
     I  COEFFICIENT            ORDER EXPONENTS
     1  1.0000000000000000       1   0 0  0 0  0 1  0
     ------------------------------------------------
     ALL COMPONENTS ZERO 
     ------------------- 
     ALL COMPONENTS ZERO 
     ------------------- 
