 L    0.3793416666666671E-01
 P (  0.0000000000000000E+00,  0.0000000000000000E+00,  0.5310783333333333E+00)
 A (  0.0000000000000000E+00,  0.0000000000000000E+00,  0.0000000000000000E+00)
     I  COEFFICIENT            ORDER EXPONENTS
     1  0.9999994213963216       1   1 0  0 0  0 0  0
     2  0.3759556600104499E-01   1   0 1  0 0  0 0  0
     3  0.3069120509130098E-05   1   0 0  1 0  0 0  0
     4  0.4375641879144239E-02   1   0 0  0 1  0 0  0
     5  0.7854726839764483E-06   2   1 0  0 0  0 1  0
     6  -.2516517546098469E-01   2   0 1  0 0  0 1  0
     7  -.2030926151412948E-05   2   0 0  1 0  0 1  0
     8  -.5938247368295816E-02   2   0 0  0 1  0 1  0
     9  -.2167854369358869E-03   3   3 0  0 0  0 0  0
    10  -.1148694066458081E-03   3   2 1  0 0  0 0  0
    11  -.4542964157783813E-05   3   1 2  0 0  0 0  0
    12  0.1846004574078507E-01   3   0 3  0 0  0 0  0
    13  0.2935647863935526E-02   3   2 0  1 0  0 0  0
    14  0.8117578631359481E-04   3   1 1  1 0  0 0  0
    15  0.5610832760678119E-05   3   0 2  1 0  0 0  0
    16  -.2167854369358876E-03   3   1 0  2 0  0 0  0
    17  -.1153667470608868E-03   3   0 1  2 0  0 0  0
    18  0.2935647863935525E-02   3   0 0  3 0  0 0  0
    19  0.6996418971460905E-03   3   2 0  0 1  0 0  0
    20  0.1669034023957310E-04   3   1 1  0 1  0 0  0
    21  0.4356246942450284E-02   3   0 2  0 1  0 0  0
    22  0.4973404150786478E-06   3   1 0  1 1  0 0  0
    23  -.4460798427823527E-05   3   0 1  1 1  0 0  0
    24  0.7808176834596851E-03   3   0 0  2 1  0 0  0
    25  -.8216572996028557E-07   3   1 0  0 2  0 0  0
    26  0.1846004574078507E-01   3   0 1  0 2  0 0  0
    27  0.2230117300025122E-04   3   0 0  1 2  0 0  0
    28  0.4356246942450284E-02   3   0 0  0 3  0 0  0
    29  -.8570081800777675E-06   3   1 0  0 0  0 2  0
    30  0.1855519948567249E-01   3   0 1  0 0  0 2  0
    31  0.1473128685393345E-05   3   0 0  1 0  0 2  0
    32  0.6476579947768458E-02   3   0 0  0 1  0 2  0
    33  0.2947678183525974E-03   4   3 0  0 0  0 1  0
    34  0.2340457679890091E-03   4   2 1  0 0  0 1  0
    35  0.1231493279717084E-04   4   1 2  0 0  0 1  0
    36  -.3705956179089591E-01   4   0 3  0 0  0 1  0
    37  -.1984323984033055E-02   4   2 0  1 0  0 1  0
    38  -.1103612852740303E-03   4   1 1  1 0  0 1  0
    39  -.1164229708347809E-04   4   0 2  1 0  0 1  0
    40  0.2947678183525977E-03   4   1 0  2 0  0 1  0
    41  0.2350610582644003E-03   4   0 1  2 0  0 1  0
    42  -.1984323984033053E-02   4   0 0  3 0  0 1  0
    43  -.9402929220973601E-03   4   2 0  0 1  0 1  0
    44  -.3320380139200662E-04   4   1 1  0 1  0 1  0
    45  -.1182370324591163E-01   4   0 2  0 1  0 1  0
    46  -.1015290275391275E-05   4   1 0  1 1  0 1  0
    47  0.1205715944708648E-04   4   0 1  1 1  0 1  0
    48  -.1050654207371391E-02   4   0 0  2 1  0 1  0
    49  0.2577733500843388E-06   4   1 0  0 2  0 1  0
    50  -.3705956179089591E-01   4   0 1  0 2  0 1  0
    51  -.4484609847548469E-04   4   0 0  1 2  0 1  0
    52  -.1182370324591163E-01   4   0 0  0 3  0 1  0
    53  0.8792800640422244E-06   4   1 0  0 0  0 3  0
    54  -.1470441010934647E-01   4   0 1  0 0  0 3  0
    55  -.1144420355511463E-05   4   0 0  1 0  0 3  0
    56  -.6642014225147416E-02   4   0 0  0 1  0 3  0
    57  0.1758190310578704E-02   5   5 0  0 0  0 0  0
    58  0.1730457687495510E-02   5   4 1  0 0  0 0  0
    59  0.1296520988310822E-03   5   3 2  0 0  0 0  0
    60  -.1563782893815945E-03   5   2 3  0 0  0 0  0
    61  -.8180007586261512E-05   5   1 4  0 0  0 0  0
    62  0.1359259599145683E-01   5   0 5  0 0  0 0  0
    63  -.2447903552988175E-01   5   4 0  1 0  0 0  0
    64  -.1368571386882422E-02   5   3 1  1 0  0 0  0
    65  0.4262108316295406E-02   5   2 2  1 0  0 0  0
    66  0.1575881321464590E-03   5   1 3  1 0  0 0  0
    67  0.8219680100078073E-05   5   0 4  1 0  0 0  0
    68  0.3516380621157408E-02   5   3 0  2 0  0 0  0
    69  0.3472046595901455E-02   5   2 1  2 0  0 0  0
    70  0.1324382999201130E-03   5   1 2  2 0  0 0  0
    71  -.1736256815747248E-03   5   0 3  2 0  0 0  0
    72  -.4895807105976353E-01   5   2 0  3 0  0 0  0
    73  -.1368571386882422E-02   5   1 1  3 0  0 0  0
    74  0.4289390857316620E-02   5   0 2  3 0  0 0  0
    75  0.1758190310578705E-02   5   1 0  4 0  0 0  0
    76  0.1741588908405946E-02   5   0 1  4 0  0 0  0
    77  -.2447903552988175E-01   5   0 0  5 0  0 0  0
    78  -.1054553526533424E-01   5   4 0  0 1  0 0  0
    79  -.3379398694784864E-02   5   3 1  0 1  0 0  0
    80  0.5975795886196243E-03   5   2 2  0 1  0 0  0
    81  0.2336310200436209E-04   5   1 3  0 1  0 0  0
    82  0.4336879727303378E-02   5   0 4  0 1  0 0  0
    83  -.1113122091043977E-04   5   3 0  1 1  0 0  0
    84  0.1052242280149297E-02   5   2 1  1 1  0 0  0
    85  0.5380122794909633E-04   5   1 2  1 1  0 0  0
    86  -.8360389436796001E-05   5   0 3  1 1  0 0  0
    87  -.2245964191755090E-01   5   2 0  2 1  0 0  0
    88  -.3433963776827305E-02   5   1 1  2 1  0 0  0
    89  0.8407897614270761E-03   5   0 2  2 1  0 0  0
    90  -.1113122091043780E-04   5   1 0  3 1  0 0  0
    91  0.1057814682327361E-02   5   0 1  3 1  0 0  0
    92  -.1191410665221665E-01   5   0 0  4 1  0 0  0
    93  -.9253763824072466E-03   5   3 0  0 2  0 0  0
    94  -.1929321251375617E-03   5   2 1  0 2  0 0  0
    95  -.7999625735728907E-05   5   1 2  0 2  0 0  0
    96  0.2718519198291365E-01   5   0 3  0 2  0 0  0
    97  0.9099921625317571E-03   5   2 0  1 2  0 0  0
    98  -.1365594917553040E-04   5   1 1  1 2  0 0  0
    99  0.3980246220451675E-04   5   0 2  1 2  0 0  0
   100  -.9281625834962794E-03   5   1 0  2 2  0 0  0
   101  -.1370718458187588E-03   5   0 1  2 2  0 0  0
   102  0.8827096215105367E-03   5   0 0  3 2  0 0  0
   103  0.6832016292806181E-03   5   2 0  0 3  0 0  0
   104  0.2336310200436207E-04   5   1 1  0 3  0 0  0
   105  0.8673759454606755E-02   5   0 2  0 3  0 0  0
   106  -.1930644356283589E-04   5   1 0  1 3  0 0  0
   107  -.8360389436796013E-05   5   0 1  1 3  0 0  0
   108  0.7551677207660833E-03   5   0 0  2 3  0 0  0
   109  0.1803818505334946E-06   5   1 0  0 4  0 0  0
   110  0.1359259599145683E-01   5   0 1  0 4  0 0  0
   111  0.3158278210444025E-04   5   0 0  1 4  0 0  0
   112  0.4336879727303378E-02   5   0 0  0 5  0 0  0
   113  -.3222619691144909E-03   5   3 0  0 0  0 2  0
   114  -.3350263168589223E-03   5   2 1  0 0  0 2  0
   115  -.2175568799035887E-04   5   1 2  0 0  0 2  0
   116  0.5210784447703029E-01   5   0 3  0 0  0 2  0
   117  0.1483116867085453E-02   5   2 0  1 0  0 2  0
   118  0.1206344145018546E-03   5   1 1  1 0  0 2  0
   119  0.1701973092763085E-04   5   0 2  1 0  0 2  0
   120  -.3222619691144914E-03   5   1 0  2 0  0 2  0
   121  -.3364830087345570E-03   5   0 1  2 0  0 2  0
   122  0.1483116867085451E-02   5   0 0  3 0  0 2  0
   123  0.1012980392184488E-02   5   2 0  0 1  0 2  0
   124  0.4616965844211323E-04   5   1 1  0 1  0 2  0
   125  0.2091823945310601E-01   5   0 2  0 1  0 2  0
   126  0.1456691875634366E-05   5   1 0  1 1  0 2  0
   127  -.2122868040782994E-04   5   0 1  1 1  0 2  0
   128  0.1133614806686342E-02   5   0 0  2 1  0 2  0
   129  -.5270075825289418E-06   5   1 0  0 2  0 2  0
   130  0.5210784447703029E-01   5   0 1  0 2  0 2  0
   131  0.6318938936974406E-04   5   0 0  1 2  0 2  0
   132  0.2091823945310601E-01   5   0 0  0 3  0 2  0
   133  -.8836248937357299E-06   5   1 0  0 0  0 4  0
   134  0.1224506329191765E-01   5   0 1  0 0  0 4  0
   135  0.9319066824428213E-06   5   0 0  1 0  0 4  0
   136  0.6671745941108378E-02   5   0 0  0 1  0 4  0
   --------------------------------------------------
     I  COEFFICIENT            ORDER EXPONENTS
     1  -.1874808973519736E-04   1   1 0  0 0  0 0  0
     2  0.9732721672671003       1   0 1  0 0  0 0  0
     3  -.3366353429473589E-03   1   0 0  1 0  0 0  0
     4  0.2296477522174648       1   0 0  0 1  0 0  0
     5  0.1240617702054198E-04   2   1 0  0 0  0 1  0
     6  0.3627273376838076E-01   2   0 1  0 0  0 1  0
     7  0.4797936055982782E-05   2   0 0  1 0  0 1  0
     8  -.1537183325614396       2   0 0  0 1  0 1  0
     9  -.1793480926635703E-01   3   3 0  0 0  0 0  0
    10  -.1010806545891819E-01   3   2 1  0 0  0 0  0
    11  -.4197841223643927E-03   3   1 2  0 0  0 0  0
    12  -.2661354179598991E-01   3   0 3  0 0  0 0  0
    13  0.1691889361524668       3   2 0  1 0  0 0  0
    14  0.7010209284458089E-02   3   1 1  1 0  0 0  0
    15  0.1176050923310898E-03   3   0 2  1 0  0 0  0
    16  -.1793480926635705E-01   3   1 0  2 0  0 0  0
    17  -.1017775881662722E-01   3   0 1  2 0  0 0  0
    18  0.1691889361524667       3   0 0  3 0  0 0  0
    19  0.4194292767887374E-01   3   2 0  0 1  0 0  0
    20  0.1762130084116378E-02   3   1 1  0 1  0 0  0
    21  0.1127852504747064       3   0 2  0 1  0 0  0
    22  0.6969335770903768E-04   3   1 0  1 1  0 0  0
    23  -.5343515059269985E-03   3   0 1  1 1  0 0  0
    24  0.4895313696333181E-01   3   0 0  2 1  0 0  0
    25  0.1145673835626059E-03   3   1 0  0 2  0 0  0
    26  -.2661354179598991E-01   3   0 1  0 2  0 0  0
    27  0.1879735176447468E-02   3   0 0  1 2  0 0  0
    28  0.1127852504747064       3   0 0  0 3  0 0  0
    29  -.8998821288568867E-05   3   1 0  0 0  0 2  0
    30  -.3956104641228939E-01   3   0 1  0 0  0 2  0
    31  -.5234899912685412E-05   3   0 0  1 0  0 2  0
    32  0.1133421673892181       3   0 0  0 1  0 2  0
    33  0.1212280861436324E-01   4   3 0  0 0  0 1  0
    34  0.1366085065818788E-01   4   2 1  0 0  0 1  0
    35  0.8494479875867445E-03   4   1 2  0 0  0 1  0
    36  0.7223434362386985E-01   4   0 3  0 0  0 1  0
    37  0.1801579814951856E-02   4   2 0  1 0  0 1  0
    38  -.4736536227244970E-02   4   1 1  1 0  0 1  0
    39  -.1935504858019304E-03   4   0 2  1 0  0 1  0
    40  0.1212280861436324E-01   4   1 0  2 0  0 1  0
    41  0.1375552555401383E-01   4   0 1  2 0  0 1  0
    42  0.1801579814951853E-02   4   0 0  3 0  0 1  0
    43  -.2705096185039439E-01   4   2 0  0 1  0 1  0
    44  -.2285058498274438E-02   4   1 1  0 1  0 1  0
    45  -.2264229779312857       4   0 2  0 1  0 1  0
    46  -.9467489582594856E-04   4   1 0  1 1  0 1  0
    47  0.1078883282395410E-02   4   0 1  1 1  0 1  0
    48  -.3178749807763936E-01   4   0 0  2 1  0 1  0
    49  -.2294352948086660E-03   4   1 0  0 2  0 1  0
    50  0.7223434362386985E-01   4   0 1  0 2  0 1  0
    51  -.2478608984076368E-02   4   0 0  1 2  0 1  0
    52  -.2264229779312857       4   0 0  0 3  0 1  0
    53  0.6990880359101944E-05   4   1 0  0 0  0 3  0
    54  0.4057157635598743E-01   4   0 1  0 0  0 3  0
    55  0.5370944867440130E-05   4   0 0  1 0  0 3  0
    56  -.8982013627009651E-01   4   0 0  0 1  0 3  0
    57  0.1459630231676271       5   5 0  0 0  0 0  0
    58  0.1494599845108649       5   4 1  0 0  0 0  0
    59  0.2718659744932454E-02   5   3 2  0 0  0 0  0
    60  -.9570619067946260E-02   5   2 3  0 0  0 0  0
    61  -.6077576986477295E-03   5   1 4  0 0  0 0  0
    62  -.2649932320151087E-01   5   0 5  0 0  0 0  0
    63  -1.423906993851783       5   4 0  1 0  0 0  0
    64  -.1188457556320915       5   3 1  1 0  0 0  0
    65  -.1108849913072266E-01   5   2 2  1 0  0 0  0
    66  0.3215959894237996E-02   5   1 3  1 0  0 0  0
    67  0.1428097348745658E-03   5   0 4  1 0  0 0  0
    68  0.2919260463352544       5   3 0  2 0  0 0  0
    69  0.3003952015062004       5   2 1  2 0  0 0  0
    70  0.3115195435827260E-02   5   1 2  2 0  0 0  0
    71  -.9920438840405029E-02   5   0 3  2 0  0 0  0
    72  -2.847813987703566       5   2 0  3 0  0 0  0
    73  -.1188457556320916       5   1 1  3 0  0 0  0
    74  -.7978311488848196E-02   5   0 2  3 0  0 0  0
    75  0.1459630231676272       5   1 0  4 0  0 0  0
    76  0.1509352169953352       5   0 1  4 0  0 0  0
    77  -1.423906993851783       5   0 0  5 0  0 0  0
    78  -.6131176080540780       5   4 0  0 1  0 0  0
    79  -.4464194743177051E-01   5   3 1  0 1  0 0  0
    80  0.1805099785591065E-01   5   2 2  0 1  0 0  0
    81  0.1639880447742652E-02   5   1 3  0 1  0 0  0
    82  0.8306448311402885E-01   5   0 4  0 1  0 0  0
    83  -.1475232484470208E-02   5   3 0  1 1  0 0  0
    84  0.3271608371957057E-01   5   2 1  1 1  0 0  0
    85  0.1351385086310091E-02   5   1 2  1 1  0 0  0
    86  -.7742275098511670E-03   5   0 3  1 1  0 0  0
    87  -1.345080971740248       5   2 0  2 1  0 0  0
    88  -.5086232271551950E-01   5   1 1  2 1  0 0  0
    89  0.2235222406325943E-01   5   0 2  2 1  0 0  0
    90  -.1475232484470079E-02   5   1 0  3 1  0 0  0
    91  0.3350915510136016E-01   5   0 1  3 1  0 0  0
    92  -.7319633636861700       5   0 0  4 1  0 0  0
    93  -.3039395966553291E-01   5   3 0  0 2  0 0  0
    94  -.1057218438179762E-01   5   2 1  0 2  0 0  0
    95  -.4412878874444102E-03   5   1 2  0 2  0 0  0
    96  -.5299864640302171E-01   5   0 3  0 2  0 0  0
    97  -.5262025892061872E-01   5   2 0  1 2  0 0  0
    98  0.1045427268016319E-02   5   1 1  1 2  0 0  0
    99  0.1925499917491738E-02   5   0 2  1 2  0 0  0
   100  -.3079049535642773E-01   5   1 0  2 2  0 0  0
   101  -.8918873526553728E-02   5   0 1  2 2  0 0  0
   102  -.5573044656249317E-01   5   0 0  3 2  0 0  0
   103  0.1913626416902144E-01   5   2 0  0 3  0 0  0
   104  0.1639880447742652E-02   5   1 1  0 3  0 0  0
   105  0.1661289662280577       5   0 2  0 3  0 0  0
   106  -.6517455413925333E-03   5   1 0  1 3  0 0  0
   107  -.7742275098511671E-03   5   0 1  1 3  0 0  0
   108  0.2126695775014862E-01   5   0 0  2 3  0 0  0
   109  0.1664698112033742E-03   5   1 0  0 4  0 0  0
   110  -.2649932320151086E-01   5   0 1  0 4  0 0  0
   111  0.1782690182617224E-02   5   0 0  1 4  0 0  0
   112  0.8306448311402885E-01   5   0 0  0 5  0 0  0
   113  -.9060728267356939E-02   5   3 0  0 0  0 2  0
   114  -.1482156618198310E-01   5   2 1  0 0  0 2  0
   115  -.1205996237909577E-02   5   1 2  0 0  0 2  0
   116  -.1277954433234238       5   0 3  0 0  0 2  0
   117  -.1969617844952049E-02   5   2 0  1 0  0 2  0
   118  0.3538163093023251E-02   5   1 1  1 0  0 2  0
   119  0.2568721640714868E-03   5   0 2  1 0  0 2  0
   120  -.9060728267356948E-02   5   1 0  2 0  0 2  0
   121  -.1492495082181737E-01   5   0 1  2 0  0 2  0
   122  -.1969617844952045E-02   5   0 0  3 0  0 2  0
   123  0.1888677630843865E-01   5   2 0  0 1  0 2  0
   124  0.2348306581452408E-02   5   1 1  0 1  0 2  0
   125  0.3183641572909087       5   0 2  0 1  0 2  0
   126  0.1033846398342671E-03   5   1 0  1 1  0 2  0
   127  -.1527649713988795E-02   5   0 1  1 1  0 2  0
   128  0.2242493940146190E-01   5   0 0  2 1  0 2  0
   129  0.3216534760792179E-03   5   1 0  0 2  0 2  0
   130  -.1277954433234238       5   0 1  0 2  0 2  0
   131  0.2605178745523894E-02   5   0 0  1 2  0 2  0
   132  0.3183641572909087       5   0 0  0 3  0 2  0
   133  -.5692725953439422E-05   5   1 0  0 0  0 4  0
   134  -.4075319145013206E-01   5   0 1  0 0  0 4  0
   135  -.5397485279710396E-05   5   0 0  1 0  0 4  0
   136  0.7479755047658324E-01   5   0 0  0 1  0 4  0
   --------------------------------------------------
     I  COEFFICIENT            ORDER EXPONENTS
     1  -.3069120509130098E-05   1   1 0  0 0  0 0  0
     2  -.4375641879144239E-02   1   0 1  0 0  0 0  0
     3  0.9999994213963216       1   0 0  1 0  0 0  0
     4  0.3759556600104499E-01   1   0 0  0 1  0 0  0
     5  0.2030926151412948E-05   2   1 0  0 0  0 1  0
     6  0.5938247368295816E-02   2   0 1  0 0  0 1  0
     7  0.7854726839764483E-06   2   0 0  1 0  0 1  0
     8  -.2516517546098469E-01   2   0 0  0 1  0 1  0
     9  -.2935647863935525E-02   3   3 0  0 0  0 0  0
    10  -.7808176834596851E-03   3   2 1  0 0  0 0  0
    11  -.2230117300025122E-04   3   1 2  0 0  0 0  0
    12  -.4356246942450284E-02   3   0 3  0 0  0 0  0
    13  -.2167854369358877E-03   3   2 0  1 0  0 0  0
    14  0.4973404150786491E-06   3   1 1  1 0  0 0  0
    15  -.8216572996028584E-07   3   0 2  1 0  0 0  0
    16  -.2935647863935526E-02   3   1 0  2 0  0 0  0
    17  -.6996418971460905E-03   3   0 1  2 0  0 0  0
    18  -.2167854369358869E-03   3   0 0  3 0  0 0  0
    19  -.1153667470608868E-03   3   2 0  0 1  0 0  0
    20  -.4460798427823527E-05   3   1 1  0 1  0 0  0
    21  0.1846004574078507E-01   3   0 2  0 1  0 0  0
    22  -.8117578631359485E-04   3   1 0  1 1  0 0  0
    23  -.1669034023957310E-04   3   0 1  1 1  0 0  0
    24  -.1148694066458081E-03   3   0 0  2 1  0 0  0
    25  -.5610832760678121E-05   3   1 0  0 2  0 0  0
    26  -.4356246942450284E-02   3   0 1  0 2  0 0  0
    27  -.4542964157783813E-05   3   0 0  1 2  0 0  0
    28  0.1846004574078507E-01   3   0 0  0 3  0 0  0
    29  -.1473128685393345E-05   3   1 0  0 0  0 2  0
    30  -.6476579947768458E-02   3   0 1  0 0  0 2  0
    31  -.8570081800777675E-06   3   0 0  1 0  0 2  0
    32  0.1855519948567249E-01   3   0 0  0 1  0 2  0
    33  0.1984323984033053E-02   4   3 0  0 0  0 1  0
    34  0.1050654207371391E-02   4   2 1  0 0  0 1  0
    35  0.4484609847548469E-04   4   1 2  0 0  0 1  0
    36  0.1182370324591163E-01   4   0 3  0 0  0 1  0
    37  0.2947678183525978E-03   4   2 0  1 0  0 1  0
    38  -.1015290275391281E-05   4   1 1  1 0  0 1  0
    39  0.2577733500843378E-06   4   0 2  1 0  0 1  0
    40  0.1984323984033054E-02   4   1 0  2 0  0 1  0
    41  0.9402929220973604E-03   4   0 1  2 0  0 1  0
    42  0.2947678183525974E-03   4   0 0  3 0  0 1  0
    43  0.2350610582644004E-03   4   2 0  0 1  0 1  0
    44  0.1205715944708648E-04   4   1 1  0 1  0 1  0
    45  -.3705956179089591E-01   4   0 2  0 1  0 1  0
    46  0.1103612852740303E-03   4   1 0  1 1  0 1  0
    47  0.3320380139200664E-04   4   0 1  1 1  0 1  0
    48  0.2340457679890091E-03   4   0 0  2 1  0 1  0
    49  0.1164229708347809E-04   4   1 0  0 2  0 1  0
    50  0.1182370324591163E-01   4   0 1  0 2  0 1  0
    51  0.1231493279717084E-04   4   0 0  1 2  0 1  0
    52  -.3705956179089591E-01   4   0 0  0 3  0 1  0
    53  0.1144420355511463E-05   4   1 0  0 0  0 3  0
    54  0.6642014225147416E-02   4   0 1  0 0  0 3  0
    55  0.8792800640422244E-06   4   0 0  1 0  0 3  0
    56  -.1470441010934647E-01   4   0 0  0 1  0 3  0
    57  0.2447903552988175E-01   5   5 0  0 0  0 0  0
    58  0.1191410665221666E-01   5   4 1  0 0  0 0  0
    59  -.8827096215105367E-03   5   3 2  0 0  0 0  0
    60  -.7551677207660833E-03   5   2 3  0 0  0 0  0
    61  -.3158278210444023E-04   5   1 4  0 0  0 0  0
    62  -.4336879727303378E-02   5   0 5  0 0  0 0  0
    63  0.1758190310578707E-02   5   4 0  1 0  0 0  0
    64  -.1113122091043772E-04   5   3 1  1 0  0 0  0
    65  -.9281625834962796E-03   5   2 2  1 0  0 0  0
    66  -.1930644356283589E-04   5   1 3  1 0  0 0  0
    67  0.1803818505334946E-06   5   0 4  1 0  0 0  0
    68  0.4895807105976351E-01   5   3 0  2 0  0 0  0
    69  0.2245964191755095E-01   5   2 1  2 0  0 0  0
    70  -.9099921625317567E-03   5   1 2  2 0  0 0  0
    71  -.6832016292806180E-03   5   0 3  2 0  0 0  0
    72  0.3516380621157408E-02   5   2 0  3 0  0 0  0
    73  -.1113122091043968E-04   5   1 1  3 0  0 0  0
    74  -.9253763824072468E-03   5   0 2  3 0  0 0  0
    75  0.2447903552988174E-01   5   1 0  4 0  0 0  0
    76  0.1054553526533425E-01   5   0 1  4 0  0 0  0
    77  0.1758190310578703E-02   5   0 0  5 0  0 0  0
    78  0.1741588908405944E-02   5   4 0  0 1  0 0  0
    79  0.1057814682327362E-02   5   3 1  0 1  0 0  0
    80  -.1370718458187588E-03   5   2 2  0 1  0 0  0
    81  -.8360389436796013E-05   5   1 3  0 1  0 0  0
    82  0.1359259599145683E-01   5   0 4  0 1  0 0  0
    83  0.1368571386882421E-02   5   3 0  1 1  0 0  0
    84  0.3433963776827308E-02   5   2 1  1 1  0 0  0
    85  0.1365594917553037E-04   5   1 2  1 1  0 0  0
    86  -.2336310200436209E-04   5   0 3  1 1  0 0  0
    87  0.3472046595901455E-02   5   2 0  2 1  0 0  0
    88  0.1052242280149297E-02   5   1 1  2 1  0 0  0
    89  -.1929321251375618E-03   5   0 2  2 1  0 0  0
    90  0.1368571386882421E-02   5   1 0  3 1  0 0  0
    91  0.3379398694784864E-02   5   0 1  3 1  0 0  0
    92  0.1730457687495509E-02   5   0 0  4 1  0 0  0
    93  -.4289390857316621E-02   5   3 0  0 2  0 0  0
    94  -.8407897614270767E-03   5   2 1  0 2  0 0  0
    95  -.3980246220451674E-04   5   1 2  0 2  0 0  0
    96  -.8673759454606755E-02   5   0 3  0 2  0 0  0
    97  0.1324382999201132E-03   5   2 0  1 2  0 0  0
    98  0.5380122794909636E-04   5   1 1  1 2  0 0  0
    99  -.7999625735728898E-05   5   0 2  1 2  0 0  0
   100  -.4262108316295405E-02   5   1 0  2 2  0 0  0
   101  -.5975795886196244E-03   5   0 1  2 2  0 0  0
   102  0.1296520988310822E-03   5   0 0  3 2  0 0  0
   103  -.1736256815747247E-03   5   2 0  0 3  0 0  0
   104  -.8360389436796002E-05   5   1 1  0 3  0 0  0
   105  0.2718519198291365E-01   5   0 2  0 3  0 0  0
   106  -.1575881321464590E-03   5   1 0  1 3  0 0  0
   107  -.2336310200436210E-04   5   0 1  1 3  0 0  0
   108  -.1563782893815945E-03   5   0 0  2 3  0 0  0
   109  -.8219680100078075E-05   5   1 0  0 4  0 0  0
   110  -.4336879727303378E-02   5   0 1  0 4  0 0  0
   111  -.8180007586261505E-05   5   0 0  1 4  0 0  0
   112  0.1359259599145683E-01   5   0 0  0 5  0 0  0
   113  -.1483116867085451E-02   5   3 0  0 0  0 2  0
   114  -.1133614806686342E-02   5   2 1  0 0  0 2  0
   115  -.6318938936974406E-04   5   1 2  0 0  0 2  0
   116  -.2091823945310601E-01   5   0 3  0 0  0 2  0
   117  -.3222619691144916E-03   5   2 0  1 0  0 2  0
   118  0.1456691875634368E-05   5   1 1  1 0  0 2  0
   119  -.5270075825289418E-06   5   0 2  1 0  0 2  0
   120  -.1483116867085452E-02   5   1 0  2 0  0 2  0
   121  -.1012980392184488E-02   5   0 1  2 0  0 2  0
   122  -.3222619691144909E-03   5   0 0  3 0  0 2  0
   123  -.3364830087345569E-03   5   2 0  0 1  0 2  0
   124  -.2122868040782994E-04   5   1 1  0 1  0 2  0
   125  0.5210784447703029E-01   5   0 2  0 1  0 2  0
   126  -.1206344145018547E-03   5   1 0  1 1  0 2  0
   127  -.4616965844211324E-04   5   0 1  1 1  0 2  0
   128  -.3350263168589225E-03   5   0 0  2 1  0 2  0
   129  -.1701973092763084E-04   5   1 0  0 2  0 2  0
   130  -.2091823945310601E-01   5   0 1  0 2  0 2  0
   131  -.2175568799035887E-04   5   0 0  1 2  0 2  0
   132  0.5210784447703029E-01   5   0 0  0 3  0 2  0
   133  -.9319066824428213E-06   5   1 0  0 0  0 4  0
   134  -.6671745941108378E-02   5   0 1  0 0  0 4  0
   135  -.8836248937357299E-06   5   0 0  1 0  0 4  0
   136  0.1224506329191765E-01   5   0 0  0 1  0 4  0
   --------------------------------------------------
     I  COEFFICIENT            ORDER EXPONENTS
     1  0.3366353429473589E-03   1   1 0  0 0  0 0  0
     2  -.2296477522174648       1   0 1  0 0  0 0  0
     3  -.1874808973519736E-04   1   0 0  1 0  0 0  0
     4  0.9732721672671003       1   0 0  0 1  0 0  0
     5  -.4797936055982782E-05   2   1 0  0 0  0 1  0
     6  0.1537183325614396       2   0 1  0 0  0 1  0
     7  0.1240617702054198E-04   2   0 0  1 0  0 1  0
     8  0.3627273376838076E-01   2   0 0  0 1  0 1  0
     9  -.1691889361524667       3   3 0  0 0  0 0  0
    10  -.4895313696333181E-01   3   2 1  0 0  0 0  0
    11  -.1879735176447468E-02   3   1 2  0 0  0 0  0
    12  -.1127852504747064       3   0 3  0 0  0 0  0
    13  -.1793480926635705E-01   3   2 0  1 0  0 0  0
    14  0.6969335770903760E-04   3   1 1  1 0  0 0  0
    15  0.1145673835626059E-03   3   0 2  1 0  0 0  0
    16  -.1691889361524668       3   1 0  2 0  0 0  0
    17  -.4194292767887374E-01   3   0 1  2 0  0 0  0
    18  -.1793480926635703E-01   3   0 0  3 0  0 0  0
    19  -.1017775881662722E-01   3   2 0  0 1  0 0  0
    20  -.5343515059269985E-03   3   1 1  0 1  0 0  0
    21  -.2661354179598991E-01   3   0 2  0 1  0 0  0
    22  -.7010209284458090E-02   3   1 0  1 1  0 0  0
    23  -.1762130084116378E-02   3   0 1  1 1  0 0  0
    24  -.1010806545891819E-01   3   0 0  2 1  0 0  0
    25  -.1176050923310898E-03   3   1 0  0 2  0 0  0
    26  -.1127852504747064       3   0 1  0 2  0 0  0
    27  -.4197841223643926E-03   3   0 0  1 2  0 0  0
    28  -.2661354179598991E-01   3   0 0  0 3  0 0  0
    29  0.5234899912685412E-05   3   1 0  0 0  0 2  0
    30  -.1133421673892181       3   0 1  0 0  0 2  0
    31  -.8998821288568867E-05   3   0 0  1 0  0 2  0
    32  -.3956104641228939E-01   3   0 0  0 1  0 2  0
    33  -.1801579814951853E-02   4   3 0  0 0  0 1  0
    34  0.3178749807763936E-01   4   2 1  0 0  0 1  0
    35  0.2478608984076368E-02   4   1 2  0 0  0 1  0
    36  0.2264229779312857       4   0 3  0 0  0 1  0
    37  0.1212280861436325E-01   4   2 0  1 0  0 1  0
    38  -.9467489582594886E-04   4   1 1  1 0  0 1  0
    39  -.2294352948086660E-03   4   0 2  1 0  0 1  0
    40  -.1801579814951855E-02   4   1 0  2 0  0 1  0
    41  0.2705096185039441E-01   4   0 1  2 0  0 1  0
    42  0.1212280861436324E-01   4   0 0  3 0  0 1  0
    43  0.1375552555401383E-01   4   2 0  0 1  0 1  0
    44  0.1078883282395411E-02   4   1 1  0 1  0 1  0
    45  0.7223434362386985E-01   4   0 2  0 1  0 1  0
    46  0.4736536227244970E-02   4   1 0  1 1  0 1  0
    47  0.2285058498274438E-02   4   0 1  1 1  0 1  0
    48  0.1366085065818788E-01   4   0 0  2 1  0 1  0
    49  0.1935504858019304E-03   4   1 0  0 2  0 1  0
    50  0.2264229779312857       4   0 1  0 2  0 1  0
    51  0.8494479875867445E-03   4   0 0  1 2  0 1  0
    52  0.7223434362386985E-01   4   0 0  0 3  0 1  0
    53  -.5370944867440130E-05   4   1 0  0 0  0 3  0
    54  0.8982013627009651E-01   4   0 1  0 0  0 3  0
    55  0.6990880359101944E-05   4   0 0  1 0  0 3  0
    56  0.4057157635598743E-01   4   0 0  0 1  0 3  0
    57   1.423906993851783       5   5 0  0 0  0 0  0
    58  0.7319633636861700       5   4 1  0 0  0 0  0
    59  0.5573044656249317E-01   5   3 2  0 0  0 0  0
    60  -.2126695775014862E-01   5   2 3  0 0  0 0  0
    61  -.1782690182617224E-02   5   1 4  0 0  0 0  0
    62  -.8306448311402885E-01   5   0 5  0 0  0 0  0
    63  0.1459630231676274       5   4 0  1 0  0 0  0
    64  -.1475232484470067E-02   5   3 1  1 0  0 0  0
    65  -.3079049535642773E-01   5   2 2  1 0  0 0  0
    66  -.6517455413925331E-03   5   1 3  1 0  0 0  0
    67  0.1664698112033742E-03   5   0 4  1 0  0 0  0
    68   2.847813987703565       5   3 0  2 0  0 0  0
    69   1.345080971740248       5   2 1  2 0  0 0  0
    70  0.5262025892061874E-01   5   1 2  2 0  0 0  0
    71  -.1913626416902144E-01   5   0 3  2 0  0 0  0
    72  0.2919260463352545       5   2 0  3 0  0 0  0
    73  -.1475232484470199E-02   5   1 1  3 0  0 0  0
    74  -.3039395966553292E-01   5   0 2  3 0  0 0  0
    75   1.423906993851783       5   1 0  4 0  0 0  0
    76  0.6131176080540780       5   0 1  4 0  0 0  0
    77  0.1459630231676271       5   0 0  5 0  0 0  0
    78  0.1509352169953351       5   4 0  0 1  0 0  0
    79  0.3350915510136016E-01   5   3 1  0 1  0 0  0
    80  -.8918873526553725E-02   5   2 2  0 1  0 0  0
    81  -.7742275098511669E-03   5   1 3  0 1  0 0  0
    82  -.2649932320151086E-01   5   0 4  0 1  0 0  0
    83  0.1188457556320915       5   3 0  1 1  0 0  0
    84  0.5086232271551949E-01   5   2 1  1 1  0 0  0
    85  -.1045427268016318E-02   5   1 2  1 1  0 0  0
    86  -.1639880447742652E-02   5   0 3  1 1  0 0  0
    87  0.3003952015062001       5   2 0  2 1  0 0  0
    88  0.3271608371957055E-01   5   1 1  2 1  0 0  0
    89  -.1057218438179762E-01   5   0 2  2 1  0 0  0
    90  0.1188457556320915       5   1 0  3 1  0 0  0
    91  0.4464194743177052E-01   5   0 1  3 1  0 0  0
    92  0.1494599845108649       5   0 0  4 1  0 0  0
    93  0.7978311488848195E-02   5   3 0  0 2  0 0  0
    94  -.2235222406325943E-01   5   2 1  0 2  0 0  0
    95  -.1925499917491738E-02   5   1 2  0 2  0 0  0
    96  -.1661289662280577       5   0 3  0 2  0 0  0
    97  0.3115195435827257E-02   5   2 0  1 2  0 0  0
    98  0.1351385086310092E-02   5   1 1  1 2  0 0  0
    99  -.4412878874444102E-03   5   0 2  1 2  0 0  0
   100  0.1108849913072266E-01   5   1 0  2 2  0 0  0
   101  -.1805099785591065E-01   5   0 1  2 2  0 0  0
   102  0.2718659744932453E-02   5   0 0  3 2  0 0  0
   103  -.9920438840405034E-02   5   2 0  0 3  0 0  0
   104  -.7742275098511669E-03   5   1 1  0 3  0 0  0
   105  -.5299864640302171E-01   5   0 2  0 3  0 0  0
   106  -.3215959894237997E-02   5   1 0  1 3  0 0  0
   107  -.1639880447742652E-02   5   0 1  1 3  0 0  0
   108  -.9570619067946260E-02   5   0 0  2 3  0 0  0
   109  -.1428097348745658E-03   5   1 0  0 4  0 0  0
   110  -.8306448311402885E-01   5   0 1  0 4  0 0  0
   111  -.6077576986477298E-03   5   0 0  1 4  0 0  0
   112  -.2649932320151087E-01   5   0 0  0 5  0 0  0
   113  0.1969617844952045E-02   5   3 0  0 0  0 2  0
   114  -.2242493940146190E-01   5   2 1  0 0  0 2  0
   115  -.2605178745523894E-02   5   1 2  0 0  0 2  0
   116  -.3183641572909087       5   0 3  0 0  0 2  0
   117  -.9060728267356950E-02   5   2 0  1 0  0 2  0
   118  0.1033846398342669E-03   5   1 1  1 0  0 2  0
   119  0.3216534760792179E-03   5   0 2  1 0  0 2  0
   120  0.1969617844952048E-02   5   1 0  2 0  0 2  0
   121  -.1888677630843865E-01   5   0 1  2 0  0 2  0
   122  -.9060728267356939E-02   5   0 0  3 0  0 2  0
   123  -.1492495082181736E-01   5   2 0  0 1  0 2  0
   124  -.1527649713988795E-02   5   1 1  0 1  0 2  0
   125  -.1277954433234238       5   0 2  0 1  0 2  0
   126  -.3538163093023251E-02   5   1 0  1 1  0 2  0
   127  -.2348306581452408E-02   5   0 1  1 1  0 2  0
   128  -.1482156618198310E-01   5   0 0  2 1  0 2  0
   129  -.2568721640714867E-03   5   1 0  0 2  0 2  0
   130  -.3183641572909087       5   0 1  0 2  0 2  0
   131  -.1205996237909577E-02   5   0 0  1 2  0 2  0
   132  -.1277954433234238       5   0 0  0 3  0 2  0
   133  0.5397485279710396E-05   5   1 0  0 0  0 4  0
   134  -.7479755047658324E-01   5   0 1  0 0  0 4  0
   135  -.5692725953439422E-05   5   0 0  1 0  0 4  0
   136  -.4075319145013206E-01   5   0 0  0 1  0 4  0
   --------------------------------------------------
     I  COEFFICIENT            ORDER EXPONENTS
     1  1.0000000000000000       1   0 0  0 0  1 0  0
     2  0.3845463487677059E-02   1   0 0  0 0  0 1  0
     3  -.3489985579423983E-09   2   2 0  0 0  0 0  0
     4  0.2980283669886504E-06   2   1 1  0 0  0 0  0
     5  -.1292815284501782E-01   2   0 2  0 0  0 0  0
     6  -.2157031326749002E-05   2   0 1  1 0  0 0  0
     7  -.3489985579423983E-09   2   0 0  2 0  0 0  0
     8  0.2157031326749002E-05   2   1 0  0 1  0 0  0
     9  0.2980283669886504E-06   2   0 0  1 1  0 0  0
    10  -.1292815284501782E-01   2   0 0  0 2  0 0  0
    11  -.3931661018608466E-02   2   0 0  0 0  0 2  0
    12  0.5344465466966776E-09   3   2 0  0 0  0 1  0
    13  -.6508058804831983E-06   3   1 1  0 0  0 1  0
    14  0.1954664632138181E-01   3   0 2  0 0  0 1  0
    15  0.3308220076982016E-05   3   0 1  1 0  0 1  0
    16  0.5344465466966776E-09   3   0 0  2 0  0 1  0
    17  -.3308220076982016E-05   3   1 0  0 1  0 1  0
    18  -.6508058804831983E-06   3   0 0  1 1  0 1  0
    19  0.1954664632138181E-01   3   0 0  0 2  0 1  0
    20  0.3768058509294903E-02   3   0 0  0 0  0 3  0
    21  -.4539582009581303E-07   4   4 0  0 0  0 0  0
    22  -.1689051531063134E-03   4   3 1  0 0  0 0  0
    23  -.8405914602622055E-05   4   2 2  0 0  0 0  0
    24  0.4355386921411705E-06   4   1 3  0 0  0 0  0
    25  -.9696105791704993E-02   4   0 4  0 0  0 0  0
    26  -.1998994850678235E-02   4   2 1  1 0  0 0  0
    27  -.5435072941213783E-04   4   1 2  1 0  0 0  0
    28  -.3810512445580728E-05   4   0 3  1 0  0 0  0
    29  -.9079164019162760E-07   4   2 0  2 0  0 0  0
    30  -.1689051531063130E-03   4   1 1  2 0  0 0  0
    31  0.1650525651914378E-05   4   0 2  2 0  0 0  0
    32  -.1998994850678232E-02   4   0 1  3 0  0 0  0
    33  -.4539582009581303E-07   4   0 0  4 0  0 0  0
    34  0.1998994850678232E-02   4   3 0  0 1  0 0  0
    35  0.5435072941213762E-04   4   2 1  0 1  0 0  0
    36  0.3810512445580728E-05   4   1 2  0 1  0 0  0
    37  -.1689051531063131E-03   4   2 0  1 1  0 0  0
    38  -.2011288050907293E-04   4   1 1  1 1  0 0  0
    39  0.4355386921411704E-06   4   0 2  1 1  0 0  0
    40  0.1998994850678234E-02   4   1 0  2 1  0 0  0
    41  -.5435072941213760E-04   4   0 1  2 1  0 0  0
    42  -.1689051531063134E-03   4   0 0  3 1  0 0  0
    43  0.1650525651914367E-05   4   2 0  0 2  0 0  0
    44  0.4355386921411711E-06   4   1 1  0 2  0 0  0
    45  -.1939221158340999E-01   4   0 2  0 2  0 0  0
    46  0.5435072941213785E-04   4   1 0  1 2  0 0  0
    47  -.3810512445580729E-05   4   0 1  1 2  0 0  0
    48  -.8405914602622048E-05   4   0 0  2 2  0 0  0
    49  0.3810512445580728E-05   4   1 0  0 3  0 0  0
    50  0.4355386921411705E-06   4   0 0  1 3  0 0  0
    51  -.9696105791704993E-02   4   0 0  0 4  0 0  0
    52  -.6632970187607536E-09   4   2 0  0 0  0 2  0
    53  0.1002388195530630E-05   4   1 1  0 0  0 2  0
    54  -.2391643900417597E-01   4   0 2  0 0  0 2  0
    55  -.4112589050734860E-05   4   0 1  1 0  0 2  0
    56  -.6632970187607536E-09   4   0 0  2 0  0 2  0
    57  0.4112589050734860E-05   4   1 0  0 1  0 2  0
    58  0.1002388195530630E-05   4   0 0  1 1  0 2  0
    59  -.2391643900417597E-01   4   0 0  0 2  0 2  0
    60  -.3542567864577327E-02   4   0 0  0 0  0 4  0
    61  0.6870215571632381E-07   5   4 0  0 0  0 1  0
    62  0.3698296959737346E-03   5   3 1  0 0  0 1  0
    63  0.2409459807329833E-04   5   2 2  0 0  0 1  0
    64  -.1541755814958385E-05   5   1 3  0 0  0 1  0
    65  0.2787788964088730E-01   5   0 4  0 0  0 1  0
    66  0.3008342921345588E-02   5   2 1  1 0  0 1  0
    67  0.1176908957400957E-03   5   1 2  1 0  0 1  0
    68  0.1105439155409753E-04   5   0 3  1 0  0 1  0
    69  0.1374043114326506E-06   5   2 0  2 0  0 1  0
    70  0.3698296959737341E-03   5   1 1  2 0  0 1  0
    71  -.4689128068567613E-05   5   0 2  2 0  0 1  0
    72  0.3008342921345584E-02   5   0 1  3 0  0 1  0
    73  0.6870215571632381E-07   5   0 0  4 0  0 1  0
    74  -.3008342921345584E-02   5   3 0  0 1  0 1  0
    75  -.1176908957400955E-03   5   2 1  0 1  0 1  0
    76  -.1105439155409752E-04   5   1 2  0 1  0 1  0
    77  0.3698296959737342E-03   5   2 0  1 1  0 1  0
    78  0.5756745228373192E-04   5   1 1  1 1  0 1  0
    79  -.1541755814958370E-05   5   0 2  1 1  0 1  0
    80  -.3008342921345585E-02   5   1 0  2 1  0 1  0
    81  0.1176908957400953E-03   5   0 1  2 1  0 1  0
    82  0.3698296959737346E-03   5   0 0  3 1  0 1  0
    83  -.4689128068567644E-05   5   2 0  0 2  0 1  0
    84  -.1541755814958372E-05   5   1 1  0 2  0 1  0
    85  0.5575577928177460E-01   5   0 2  0 2  0 1  0
    86  -.1176908957400957E-03   5   1 0  1 2  0 1  0
    87  0.1105439155409751E-04   5   0 1  1 2  0 1  0
    88  0.2409459807329833E-04   5   0 0  2 2  0 1  0
    89  -.1105439155409753E-04   5   1 0  0 3  0 1  0
    90  -.1541755814958385E-05   5   0 0  1 3  0 1  0
    91  0.2787788964088730E-01   5   0 0  0 4  0 1  0
    92  0.7707211677740161E-09   5   2 0  0 0  0 3  0
    93  -.1344283387195965E-05   5   1 1  0 0  0 3  0
    94  0.2738765471401707E-01   5   0 2  0 0  0 3  0
    95  0.4786547701127944E-05   5   0 1  1 0  0 3  0
    96  0.7707211677740161E-09   5   0 0  2 0  0 3  0
    97  -.4786547701127944E-05   5   1 0  0 1  0 3  0
    98  -.1344283387195965E-05   5   0 0  1 1  0 3  0
    99  0.2738765471401707E-01   5   0 0  0 2  0 3  0
   100  0.3319893953354102E-02   5   0 0  0 0  0 5  0
   --------------------------------------------------
     I  COEFFICIENT            ORDER EXPONENTS
     1  1.0000000000000000       1   0 0  0 0  0 1  0
     ------------------------------------------------
     ALL COMPONENTS ZERO 
     ------------------- 
     ALL COMPONENTS ZERO 
     ------------------- 
