 L    0.3793416666666660E-01
 P (  0.0000000000000000E+00,  0.0000000000000000E+00,  0.1858774166666666E+01)
 A (  0.0000000000000000E+00,  0.0000000000000000E+00,  0.0000000000000000E+00)
     I  COEFFICIENT            ORDER EXPONENTS
     1   1.000070055726876       1   1 0  0 0  0 0  0
     2  0.3784201629042830E-01   1   0 1  0 0  0 0  0
     3  -.1670488225403359E-02   1   0 0  1 0  0 0  0
     4  0.2288182478949311E-02   1   0 0  0 1  0 0  0
     5  -.9542911773408670E-04   2   1 0  0 0  0 1  0
     6  -.2566797666430751E-01   2   0 1  0 0  0 1  0
     7  0.1135673069261456E-02   2   0 0  1 0  0 1  0
     8  -.3115505755825922E-02   2   0 0  0 1  0 1  0
     9  0.1108849811522843E-03   3   3 0  0 0  0 0  0
    10  0.1048139334859233E-02   3   2 1  0 0  0 0  0
    11  0.3857332299404170E-04   3   1 2  0 0  0 0  0
    12  0.1882868857549020E-01   3   0 3  0 0  0 0  0
    13  -.1176534033039572E-01   3   2 0  1 0  0 0  0
    14  -.2615565542184345E-03   3   1 1  1 0  0 0  0
    15  -.2495040899405016E-02   3   0 2  1 0  0 0  0
    16  0.1108849811522845E-03   3   1 0  2 0  0 0  0
    17  0.1155562583484019E-02   3   0 1  2 0  0 0  0
    18  -.1176534033039571E-01   3   0 0  3 0  0 0  0
    19  -.1244248488443821E-01   3   2 0  0 1  0 0  0
    20  0.1329684057210546E-02   3   1 1  0 1  0 0  0
    21  0.2282234271900546E-02   3   0 2  0 1  0 0  0
    22  -.1074232486247873E-03   3   1 0  1 1  0 0  0
    23  -.2217333994469610E-03   3   0 1  1 1  0 0  0
    24  -.1270404143865667E-01   3   0 0  2 1  0 0  0
    25  0.2603067224410027E-03   3   1 0  0 2  0 0  0
    26  0.1882868857549020E-01   3   0 1  0 2  0 0  0
    27  -.1165356842194470E-02   3   0 0  1 2  0 0  0
    28  0.2282234271900546E-02   3   0 0  0 3  0 0  0
    29  0.1045660069427525E-03   3   1 0  0 0  0 2  0
    30  0.1927606380029405E-01   3   0 1  0 0  0 2  0
    31  -.8555245884057509E-03   3   0 0  1 0  0 2  0
    32  0.3411850588816335E-02   3   0 0  0 1  0 2  0
    33  -.1521338337359266E-03   4   3 0  0 0  0 1  0
    34  -.2140434795682722E-02   4   2 1  0 0  0 1  0
    35  -.1055770216183297E-03   4   1 2  0 0  0 1  0
    36  -.3831305269006379E-01   4   0 3  0 0  0 1  0
    37  0.8035005529430352E-02   4   2 0  1 0  0 1  0
    38  0.3618082830787932E-03   4   1 1  1 0  0 1  0
    39  0.5079939108489559E-02   4   0 2  1 0  0 1  0
    40  -.1521338337359269E-03   4   1 0  2 0  0 1  0
    41  -.2359861842529888E-02   4   0 1  2 0  0 1  0
    42  0.8035005529430343E-02   4   0 0  3 0  0 1  0
    43  0.1688246462622836E-01   4   2 0  0 1  0 1  0
    44  -.2693768112103070E-02   4   1 1  0 1  0 1  0
    45  -.6214732652273920E-02   4   0 2  0 1  0 1  0
    46  0.2194270468471671E-03   4   1 0  1 1  0 1  0
    47  0.6031089587183708E-03   4   0 1  1 1  0 1  0
    48  0.1724427290930718E-01   4   0 0  2 1  0 1  0
    49  -.7086859803367007E-03   4   1 0  0 2  0 1  0
    50  -.3831305269006379E-01   4   0 1  0 2  0 1  0
    51  0.2386170996386489E-02   4   0 0  1 2  0 1  0
    52  -.6214732652273920E-02   4   0 0  0 3  0 1  0
    53  -.1078029663454334E-03   4   1 0  0 0  0 3  0
    54  -.1560532330503024E-01   4   0 1  0 0  0 3  0
    55  0.6950758032087621E-03   4   0 0  1 0  0 3  0
    56  -.3515202881865685E-02   4   0 0  0 1  0 3  0
    57  -.8668674759311396E-02   5   5 0  0 0  0 0  0
    58  0.2415000612593422E-02   5   4 1  0 0  0 0  0
    59  0.1329586097207198E-03   5   3 2  0 0  0 0  0
    60  0.1565100331857972E-02   5   2 3  0 0  0 0  0
    61  0.7395488033044398E-05   5   1 4  0 0  0 0  0
    62  0.1405211046662083E-01   5   0 5  0 0  0 0  0
    63  0.1005901422243949       5   4 0  1 0  0 0  0
    64  0.4999239173678855E-02   5   3 1  1 0  0 0  0
    65  -.1756828006328543E-01   5   2 2  1 0  0 0  0
    66  -.5111796203862715E-03   5   1 3  1 0  0 0  0
    67  -.3105360728285842E-02   5   0 4  1 0  0 0  0
    68  -.1733734951862281E-01   5   3 0  2 0  0 0  0
    69  0.6381759665717977E-02   5   2 1  2 0  0 0  0
    70  0.1702415223939574E-03   5   1 2  2 0  0 0  0
    71  0.1878387991757061E-02   5   0 3  2 0  0 0  0
    72  0.2011802844487899       5   2 0  3 0  0 0  0
    73  0.4999239173678856E-02   5   1 1  3 0  0 0  0
    74  -.1767348328149779E-01   5   0 2  3 0  0 0  0
    75  -.8668674759311393E-02   5   1 0  4 0  0 0  0
    76  0.3966759053124552E-02   5   0 1  4 0  0 0  0
    77  0.1005901422243949       5   0 0  5 0  0 0  0
    78  -.6206413592429742E-01   5   4 0  0 1  0 0  0
    79  0.8926203181837421E-02   5   3 1  0 1  0 0  0
    80  -.1221464958726297E-01   5   2 2  0 1  0 0  0
    81  0.1977022350956952E-02   5   1 3  0 1  0 0  0
    82  0.2276232533042132E-02   5   0 4  0 1  0 0  0
    83  -.1551758440531131E-02   5   3 0  1 1  0 0  0
    84  -.2867396834395667E-03   5   2 1  1 1  0 0  0
    85  -.4484163245953598E-03   5   1 2  1 1  0 0  0
    86  -.4421739909627311E-03   5   0 3  1 1  0 0  0
    87  -.1191290326749161       5   2 0  2 1  0 0  0
    88  0.9136609618262188E-02   5   1 1  2 1  0 0  0
    89  -.1290136135207287E-01   5   0 2  2 1  0 0  0
    90  -.1551758440531132E-02   5   1 0  3 1  0 0  0
    91  -.2121738580930742E-03   5   0 1  3 1  0 0  0
    92  -.5706489675061863E-01   5   0 0  4 1  0 0  0
    93  0.3824153804870384E-03   5   3 0  0 2  0 0  0
    94  0.1700228996554252E-02   5   2 1  0 2  0 0  0
    95  0.4569649670288191E-03   5   1 2  0 2  0 0  0
    96  0.2810422093324166E-01   5   0 3  0 2  0 0  0
    97  -.8747280099660380E-02   5   2 0  1 2  0 0  0
    98  -.1601153315391763E-03   5   1 1  1 2  0 0  0
    99  -.4233699105614731E-02   5   0 2  1 2  0 0  0
   100  0.3451324678137987E-03   5   1 0  2 2  0 0  0
   101  0.1743259327060783E-02   5   0 1  2 2  0 0  0
   102  -.8642076881447995E-02   5   0 0  3 2  0 0  0
   103  -.1239018173168654E-01   5   2 0  0 3  0 0  0
   104  0.1977022350956953E-02   5   1 1  0 3  0 0  0
   105  0.4552465066084267E-02   5   0 2  0 3  0 0  0
   106  -.1781589952028157E-03   5   1 0  1 3  0 0  0
   107  -.4421739909627308E-03   5   0 1  1 3  0 0  0
   108  -.1272582920764929E-01   5   0 0  2 3  0 0  0
   109  0.4495694789957752E-03   5   1 0  0 4  0 0  0
   110  0.1405211046662083E-01   5   0 1  0 4  0 0  0
   111  -.1128338377328890E-02   5   0 0  1 4  0 0  0
   112  0.2276232533042133E-02   5   0 0  0 5  0 0  0
   113  0.1681820619883742E-03   5   3 0  0 0  0 2  0
   114  0.3072228473578754E-02   5   2 1  0 0  0 2  0
   115  0.1885921940556074E-03   5   1 2  0 0  0 2  0
   116  0.5475741137294720E-01   5   0 3  0 0  0 2  0
   117  -.6090170739535872E-02   5   2 0  1 0  0 2  0
   118  -.4039713571177647E-03   5   1 1  1 0  0 2  0
   119  -.7265402016563635E-02   5   0 2  1 0  0 2  0
   120  0.1681820619883747E-03   5   1 0  2 0  0 2  0
   121  0.3387272191085769E-02   5   0 1  2 0  0 2  0
   122  -.6090170739535869E-02   5   0 0  3 0  0 2  0
   123  -.1840822043980564E-01   5   2 0  0 1  0 2  0
   124  0.3829639928134066E-02   5   1 1  0 1  0 2  0
   125  0.1103658091901834E-01   5   0 2  0 1  0 2  0
   126  -.3150437175070168E-03   5   1 0  1 1  0 2  0
   127  -.1069632232501994E-02   5   0 1  1 1  0 2  0
   128  -.1881219179692342E-01   5   0 0  2 1  0 2  0
   129  0.1258224426557601E-02   5   1 0  0 2  0 2  0
   130  0.5475741137294720E-01   5   0 1  0 2  0 2  0
   131  -.3435762088429569E-02   5   0 0  1 2  0 2  0
   132  0.1103658091901834E-01   5   0 0  0 3  0 2  0
   133  0.1088960716190510E-03   5   1 0  0 0  0 4  0
   134  0.1329702065075622E-01   5   0 1  0 0  0 4  0
   135  -.5944837376710466E-03   5   0 0  1 0  0 4  0
   136  0.3548411114798262E-02   5   0 0  0 1  0 4  0
   --------------------------------------------------
     I  COEFFICIENT            ORDER EXPONENTS
     1  0.5239198443844410E-02   1   1 0  0 0  0 0  0
     2  0.9928258544565691       1   0 1  0 0  0 0  0
     3  -.7953289108132015E-01   1   0 0  1 0  0 0  0
     4  0.1191453448394162       1   0 0  0 1  0 0  0
     5  -.3561874176840262E-02   2   1 0  0 0  0 1  0
     6  0.9768091887594936E-02   2   0 1  0 0  0 1  0
     7  -.2986455130097401E-03   2   0 0  1 0  0 1  0
     8  -.8081789522467525E-01   2   0 0  0 1  0 1  0
     9  0.6786361919293628E-02   3   3 0  0 0  0 0  0
    10  0.7962630190895895E-01   3   2 1  0 0  0 0  0
    11  0.5730208189897032E-02   3   1 2  0 0  0 0  0
    12  -.7125576039507216E-02   3   0 3  0 0  0 0  0
    13  -.5412343325538125       3   2 0  1 0  0 0  0
    14  -.1780355006620874E-01   3   1 1  1 0  0 0  0
    15  0.5129025274330442E-03   3   0 2  1 0  0 0  0
    16  0.6786361919293665E-02   3   1 0  2 0  0 0  0
    17  0.8097415391575290E-01   3   0 1  2 0  0 0  0
    18  -.5412343325538124       3   0 0  3 0  0 0  0
    19  -.6694179572175825       3   2 0  0 1  0 0  0
    20  -.2664800605307549E-01   3   1 1  0 1  0 0  0
    21  0.5895114480948884E-01   3   0 2  0 1  0 0  0
    22  -.1347852006794053E-02   3   1 0  1 1  0 0  0
    23  -.9854791360486930E-03   3   0 1  1 1  0 0  0
    24  -.6872215072837912       3   0 0  2 1  0 0  0
    25  0.6715687325945723E-02   3   1 0  0 2  0 0  0
    26  -.7125576039507216E-02   3   0 1  0 2  0 0  0
    27  -.2613510352564245E-01   3   0 0  1 2  0 0  0
    28  0.5895114480948884E-01   3   0 0  0 3  0 0  0
    29  0.2683261083084672E-02   3   1 0  0 0  0 2  0
    30  -.1069727693676139E-01   3   0 1  0 0  0 2  0
    31  0.3272400261106341E-03   3   0 0  1 0  0 2  0
    32  0.6069489155493643E-01   3   0 0  0 1  0 2  0
    33  -.4725947604554230E-02   4   3 0  0 0  0 1  0
    34  -.1082568975975885       4   2 1  0 0  0 1  0
    35  -.1171896661269214E-01   4   1 2  0 0  0 1  0
    36  0.1940366969677085E-01   4   0 3  0 0  0 1  0
    37  0.1277296064234466E-02   4   2 0  1 0  0 1  0
    38  0.1257061979080541E-01   4   1 1  1 0  0 1  0
    39  -.1671933102677043E-02   4   0 2  1 0  0 1  0
    40  -.4725947604554251E-02   4   1 0  2 0  0 1  0
    41  -.1100759041380197       4   0 1  2 0  0 1  0
    42  0.1277296064234467E-02   4   0 0  3 0  0 1  0
    43  0.4492105269651920       4   2 0  0 1  0 1  0
    44  0.3696100900362699E-01   4   1 1  0 1  0 1  0
    45  -.1199578112382387       4   0 2  0 1  0 1  0
    46  0.1819006540431281E-02   4   1 0  1 1  0 1  0
    47  0.1952343216350812E-02   4   0 1  1 1  0 1  0
    48  0.4617811467559974       4   0 0  2 1  0 1  0
    49  -.1367130982904294E-01   4   1 0  0 2  0 1  0
    50  0.1940366969677085E-01   4   0 1  0 2  0 1  0
    51  0.3528907590094994E-01   4   0 0  1 2  0 1  0
    52  -.1199578112382387       4   0 0  0 3  0 1  0
    53  -.2180060359919552E-02   4   1 0  0 0  0 3  0
    54  0.1102137934023738E-01   4   0 1  0 0  0 3  0
    55  -.3373708209764470E-03   4   0 0  1 0  0 3  0
    56  -.4913908423267897E-01   4   0 0  0 1  0 3  0
    57  -.6549759526527781       5   5 0  0 0  0 0  0
    58  0.1008967298905875       5   4 1  0 0  0 0  0
    59  0.1050399708951342E-01   5   3 2  0 0  0 0  0
    60  0.7976774196581495E-01   5   2 3  0 0  0 0  0
    61  0.6650508164540543E-02   5   1 4  0 0  0 0  0
    62  -.7076859758820341E-02   5   0 5  0 0  0 0  0
    63   5.154819954234823       5   4 0  1 0  0 0  0
    64  0.3798104468822731       5   3 1  1 0  0 0  0
    65  0.1101075080835869E-01   5   2 2  1 0  0 0  0
    66  -.9289129654489477E-02   5   1 3  1 0  0 0  0
    67  0.1002934696365330E-02   5   0 4  1 0  0 0  0
    68  -1.309951905305557       5   3 0  2 0  0 0  0
    69  0.2258788576003621       5   2 1  2 0  0 0  0
    70  0.1098105705572717E-01   5   1 2  2 0  0 0  0
    71  0.8079428252100868E-01   5   0 3  2 0  0 0  0
    72   10.30963990846965       5   2 0  3 0  0 0  0
    73  0.3798104468822728       5   1 1  3 0  0 0  0
    74  0.1444148187605681E-02   5   0 2  3 0  0 0  0
    75  -.6549759526527781       5   1 0  4 0  0 0  0
    76  0.1249821277097745       5   0 1  4 0  0 0  0
    77   5.154819954234824       5   0 0  5 0  0 0  0
    78  -3.049779234333548       5   4 0  0 1  0 0  0
    79  -.2113965496568428       5   3 1  0 1  0 0  0
    80  -.3369154838739896       5   2 2  0 1  0 0  0
    81  -.2724850758510541E-01   5   1 3  0 1  0 0  0
    82  0.4374732503321063E-01   5   0 4  0 1  0 0  0
    83  -.2408539781918669E-01   5   3 0  1 1  0 0  0
    84  0.2878020954376146E-02   5   2 1  1 1  0 0  0
    85  0.1178568390052568E-02   5   1 2  1 1  0 0  0
    86  -.1380142883719467E-02   5   0 3  1 1  0 0  0
    87  -5.719748021784825       5   2 0  2 1  0 0  0
    88  -.1922633444153368       5   1 1  2 1  0 0  0
    89  -.3411047470765554       5   0 2  2 1  0 0  0
    90  -.2408539781918669E-01   5   1 0  3 1  0 0  0
    91  0.3832140886803598E-02   5   0 1  3 1  0 0  0
    92  -2.669968787451275       5   0 0  4 1  0 0  0
    93  0.7148916168923503E-02   5   3 0  0 2  0 0  0
    94  0.7756263302056873E-01   5   2 1  0 2  0 0  0
    95  0.1468115921280053E-01   5   1 2  0 2  0 0  0
    96  -.1415371951764089E-01   5   0 3  0 2  0 0  0
    97  -.2099524014692371       5   2 0  1 2  0 0  0
    98  -.1948886255833754E-01   5   1 1  1 2  0 0  0
    99  -.2524263819237464E-01   5   0 2  1 2  0 0  0
   100  0.6671856202709898E-02   5   1 0  2 2  0 0  0
   101  0.8299939146625507E-01   5   0 1  2 2  0 0  0
   102  -.2003857988484841       5   0 0  3 2  0 0  0
   103  -.3318156174220657       5   2 0  0 3  0 0  0
   104  -.2724850758510541E-01   5   1 1  0 3  0 0  0
   105  0.8749465006642126E-01   5   0 2  0 3  0 0  0
   106  -.3231649500440251E-02   5   1 0  1 3  0 0  0
   107  -.1380142883719465E-02   5   0 1  1 3  0 0  0
   108  -.3462046135284792       5   0 0  2 3  0 0  0
   109  0.8030651048260003E-02   5   1 0  0 4  0 0  0
   110  -.7076859758820492E-02   5   0 1  0 4  0 0  0
   111  -.2624557288874005E-01   5   0 0  1 4  0 0  0
   112  0.4374732503321064E-01   5   0 0  0 5  0 0  0
   113  0.3675039484174262E-02   5   3 0  0 0  0 2  0
   114  0.1183370296236895       5   2 1  0 0  0 2  0
   115  0.1684972975039150E-01   5   1 2  0 0  0 2  0
   116  -.3445862098822175E-01   5   0 3  0 0  0 2  0
   117  -.1395126970504830E-02   5   2 0  1 0  0 2  0
   118  -.9947356703019080E-02   5   1 1  1 0  0 2  0
   119  0.3155878411945009E-02   5   0 2  1 0  0 2  0
   120  0.3675039484174279E-02   5   1 0  2 0  0 2  0
   121  0.1203069982117889       5   0 1  2 0  0 2  0
   122  -.1395126970504831E-02   5   0 0  3 0  0 2  0
   123  -.3323753900926459       5   2 0  0 1  0 2  0
   124  -.4139696478293757E-01   5   1 1  0 1  0 2  0
   125  0.1714494808593308       5   0 2  0 1  0 2  0
   126  -.1969968588099405E-02   5   1 0  1 1  0 2  0
   127  -.2699885142397815E-02   5   0 1  1 1  0 2  0
   128  -.3423227467956650       5   0 0  2 1  0 2  0
   129  0.1954961489278931E-01   5   1 0  0 2  0 2  0
   130  -.3445862098822175E-01   5   0 1  0 2  0 2  0
   131  -.3824108637099256E-01   5   0 0  1 2  0 2  0
   132  0.1714494808593308       5   0 0  0 3  0 2  0
   133  0.1864586474041682E-02   5   1 0  0 0  0 4  0
   134  -.1112556199560790E-01   5   0 1  0 0  0 4  0
   135  0.3407924703716874E-03   5   0 0  1 0  0 4  0
   136  0.4187263471026377E-01   5   0 0  0 1  0 4  0
   --------------------------------------------------
     I  COEFFICIENT            ORDER EXPONENTS
     1  0.1670488225403359E-02   1   1 0  0 0  0 0  0
     2  -.2288182478949311E-02   1   0 1  0 0  0 0  0
     3   1.000070055726876       1   0 0  1 0  0 0  0
     4  0.3784201629042830E-01   1   0 0  0 1  0 0  0
     5  -.1135673069261456E-02   2   1 0  0 0  0 1  0
     6  0.3115505755825922E-02   2   0 1  0 0  0 1  0
     7  -.9542911773408670E-04   2   0 0  1 0  0 1  0
     8  -.2566797666430751E-01   2   0 0  0 1  0 1  0
     9  0.1176534033039571E-01   3   3 0  0 0  0 0  0
    10  0.1270404143865667E-01   3   2 1  0 0  0 0  0
    11  0.1165356842194470E-02   3   1 2  0 0  0 0  0
    12  -.2282234271900546E-02   3   0 3  0 0  0 0  0
    13  0.1108849811522844E-03   3   2 0  1 0  0 0  0
    14  -.1074232486247873E-03   3   1 1  1 0  0 0  0
    15  0.2603067224410028E-03   3   0 2  1 0  0 0  0
    16  0.1176534033039573E-01   3   1 0  2 0  0 0  0
    17  0.1244248488443821E-01   3   0 1  2 0  0 0  0
    18  0.1108849811522842E-03   3   0 0  3 0  0 0  0
    19  0.1155562583484019E-02   3   2 0  0 1  0 0  0
    20  -.2217333994469610E-03   3   1 1  0 1  0 0  0
    21  0.1882868857549020E-01   3   0 2  0 1  0 0  0
    22  0.2615565542184343E-03   3   1 0  1 1  0 0  0
    23  -.1329684057210546E-02   3   0 1  1 1  0 0  0
    24  0.1048139334859233E-02   3   0 0  2 1  0 0  0
    25  0.2495040899405016E-02   3   1 0  0 2  0 0  0
    26  -.2282234271900546E-02   3   0 1  0 2  0 0  0
    27  0.3857332299404170E-04   3   0 0  1 2  0 0  0
    28  0.1882868857549020E-01   3   0 0  0 3  0 0  0
    29  0.8555245884057509E-03   3   1 0  0 0  0 2  0
    30  -.3411850588816335E-02   3   0 1  0 0  0 2  0
    31  0.1045660069427525E-03   3   0 0  1 0  0 2  0
    32  0.1927606380029405E-01   3   0 0  0 1  0 2  0
    33  -.8035005529430346E-02   4   3 0  0 0  0 1  0
    34  -.1724427290930718E-01   4   2 1  0 0  0 1  0
    35  -.2386170996386489E-02   4   1 2  0 0  0 1  0
    36  0.6214732652273920E-02   4   0 3  0 0  0 1  0
    37  -.1521338337359267E-03   4   2 0  1 0  0 1  0
    38  0.2194270468471670E-03   4   1 1  1 0  0 1  0
    39  -.7086859803367007E-03   4   0 2  1 0  0 1  0
    40  -.8035005529430353E-02   4   1 0  2 0  0 1  0
    41  -.1688246462622836E-01   4   0 1  2 0  0 1  0
    42  -.1521338337359265E-03   4   0 0  3 0  0 1  0
    43  -.2359861842529888E-02   4   2 0  0 1  0 1  0
    44  0.6031089587183708E-03   4   1 1  0 1  0 1  0
    45  -.3831305269006379E-01   4   0 2  0 1  0 1  0
    46  -.3618082830787934E-03   4   1 0  1 1  0 1  0
    47  0.2693768112103069E-02   4   0 1  1 1  0 1  0
    48  -.2140434795682722E-02   4   0 0  2 1  0 1  0
    49  -.5079939108489559E-02   4   1 0  0 2  0 1  0
    50  0.6214732652273920E-02   4   0 1  0 2  0 1  0
    51  -.1055770216183297E-03   4   0 0  1 2  0 1  0
    52  -.3831305269006379E-01   4   0 0  0 3  0 1  0
    53  -.6950758032087621E-03   4   1 0  0 0  0 3  0
    54  0.3515202881865685E-02   4   0 1  0 0  0 3  0
    55  -.1078029663454334E-03   4   0 0  1 0  0 3  0
    56  -.1560532330503024E-01   4   0 0  0 1  0 3  0
    57  -.1005901422243949       5   5 0  0 0  0 0  0
    58  0.5706489675061859E-01   5   4 1  0 0  0 0  0
    59  0.8642076881447998E-02   5   3 2  0 0  0 0  0
    60  0.1272582920764929E-01   5   2 3  0 0  0 0  0
    61  0.1128338377328890E-02   5   1 4  0 0  0 0  0
    62  -.2276232533042133E-02   5   0 5  0 0  0 0  0
    63  -.8668674759311408E-02   5   4 0  1 0  0 0  0
    64  -.1551758440531132E-02   5   3 1  1 0  0 0  0
    65  0.3451324678137981E-03   5   2 2  1 0  0 0  0
    66  -.1781589952028156E-03   5   1 3  1 0  0 0  0
    67  0.4495694789957752E-03   5   0 4  1 0  0 0  0
    68  -.2011802844487902       5   3 0  2 0  0 0  0
    69  0.1191290326749161       5   2 1  2 0  0 0  0
    70  0.8747280099660387E-02   5   1 2  2 0  0 0  0
    71  0.1239018173168654E-01   5   0 3  2 0  0 0  0
    72  -.1733734951862280E-01   5   2 0  3 0  0 0  0
    73  -.1551758440531132E-02   5   1 1  3 0  0 0  0
    74  0.3824153804870381E-03   5   0 2  3 0  0 0  0
    75  -.1005901422243949       5   1 0  4 0  0 0  0
    76  0.6206413592429744E-01   5   0 1  4 0  0 0  0
    77  -.8668674759311400E-02   5   0 0  5 0  0 0  0
    78  0.3966759053124549E-02   5   4 0  0 1  0 0  0
    79  -.2121738580930754E-03   5   3 1  0 1  0 0  0
    80  0.1743259327060783E-02   5   2 2  0 1  0 0  0
    81  -.4421739909627310E-03   5   1 3  0 1  0 0  0
    82  0.1405211046662083E-01   5   0 4  0 1  0 0  0
    83  -.4999239173678851E-02   5   3 0  1 1  0 0  0
    84  -.9136609618262188E-02   5   2 1  1 1  0 0  0
    85  0.1601153315391761E-03   5   1 2  1 1  0 0  0
    86  -.1977022350956953E-02   5   0 3  1 1  0 0  0
    87  0.6381759665717980E-02   5   2 0  2 1  0 0  0
    88  -.2867396834395676E-03   5   1 1  2 1  0 0  0
    89  0.1700228996554253E-02   5   0 2  2 1  0 0  0
    90  -.4999239173678850E-02   5   1 0  3 1  0 0  0
    91  -.8926203181837417E-02   5   0 1  3 1  0 0  0
    92  0.2415000612593425E-02   5   0 0  4 1  0 0  0
    93  0.1767348328149779E-01   5   3 0  0 2  0 0  0
    94  0.1290136135207287E-01   5   2 1  0 2  0 0  0
    95  0.4233699105614729E-02   5   1 2  0 2  0 0  0
    96  -.4552465066084267E-02   5   0 3  0 2  0 0  0
    97  0.1702415223939578E-03   5   2 0  1 2  0 0  0
    98  -.4484163245953598E-03   5   1 1  1 2  0 0  0
    99  0.4569649670288192E-03   5   0 2  1 2  0 0  0
   100  0.1756828006328544E-01   5   1 0  2 2  0 0  0
   101  0.1221464958726297E-01   5   0 1  2 2  0 0  0
   102  0.1329586097207201E-03   5   0 0  3 2  0 0  0
   103  0.1878387991757061E-02   5   2 0  0 3  0 0  0
   104  -.4421739909627311E-03   5   1 1  0 3  0 0  0
   105  0.2810422093324166E-01   5   0 2  0 3  0 0  0
   106  0.5111796203862711E-03   5   1 0  1 3  0 0  0
   107  -.1977022350956952E-02   5   0 1  1 3  0 0  0
   108  0.1565100331857972E-02   5   0 0  2 3  0 0  0
   109  0.3105360728285842E-02   5   1 0  0 4  0 0  0
   110  -.2276232533042132E-02   5   0 1  0 4  0 0  0
   111  0.7395488033044389E-05   5   0 0  1 4  0 0  0
   112  0.1405211046662083E-01   5   0 0  0 5  0 0  0
   113  0.6090170739535871E-02   5   3 0  0 0  0 2  0
   114  0.1881219179692342E-01   5   2 1  0 0  0 2  0
   115  0.3435762088429569E-02   5   1 2  0 0  0 2  0
   116  -.1103658091901834E-01   5   0 3  0 0  0 2  0
   117  0.1681820619883744E-03   5   2 0  1 0  0 2  0
   118  -.3150437175070168E-03   5   1 1  1 0  0 2  0
   119  0.1258224426557601E-02   5   0 2  1 0  0 2  0
   120  0.6090170739535874E-02   5   1 0  2 0  0 2  0
   121  0.1840822043980564E-01   5   0 1  2 0  0 2  0
   122  0.1681820619883742E-03   5   0 0  3 0  0 2  0
   123  0.3387272191085769E-02   5   2 0  0 1  0 2  0
   124  -.1069632232501994E-02   5   1 1  0 1  0 2  0
   125  0.5475741137294720E-01   5   0 2  0 1  0 2  0
   126  0.4039713571177648E-03   5   1 0  1 1  0 2  0
   127  -.3829639928134065E-02   5   0 1  1 1  0 2  0
   128  0.3072228473578754E-02   5   0 0  2 1  0 2  0
   129  0.7265402016563635E-02   5   1 0  0 2  0 2  0
   130  -.1103658091901834E-01   5   0 1  0 2  0 2  0
   131  0.1885921940556076E-03   5   0 0  1 2  0 2  0
   132  0.5475741137294720E-01   5   0 0  0 3  0 2  0
   133  0.5944837376710466E-03   5   1 0  0 0  0 4  0
   134  -.3548411114798262E-02   5   0 1  0 0  0 4  0
   135  0.1088960716190510E-03   5   0 0  1 0  0 4  0
   136  0.1329702065075622E-01   5   0 0  0 1  0 4  0
   --------------------------------------------------
     I  COEFFICIENT            ORDER EXPONENTS
     1  0.7953289108132015E-01   1   1 0  0 0  0 0  0
     2  -.1191453448394162       1   0 1  0 0  0 0  0
     3  0.5239198443844410E-02   1   0 0  1 0  0 0  0
     4  0.9928258544565691       1   0 0  0 1  0 0  0
     5  0.2986455130097401E-03   2   1 0  0 0  0 1  0
     6  0.8081789522467525E-01   2   0 1  0 0  0 1  0
     7  -.3561874176840262E-02   2   0 0  1 0  0 1  0
     8  0.9768091887594936E-02   2   0 0  0 1  0 1  0
     9  0.5412343325538124       3   3 0  0 0  0 0  0
    10  0.6872215072837912       3   2 1  0 0  0 0  0
    11  0.2613510352564245E-01   3   1 2  0 0  0 0  0
    12  -.5895114480948884E-01   3   0 3  0 0  0 0  0
    13  0.6786361919293649E-02   3   2 0  1 0  0 0  0
    14  -.1347852006794053E-02   3   1 1  1 0  0 0  0
    15  0.6715687325945723E-02   3   0 2  1 0  0 0  0
    16  0.5412343325538124       3   1 0  2 0  0 0  0
    17  0.6694179572175825       3   0 1  2 0  0 0  0
    18  0.6786361919293613E-02   3   0 0  3 0  0 0  0
    19  0.8097415391575290E-01   3   2 0  0 1  0 0  0
    20  -.9854791360486930E-03   3   1 1  0 1  0 0  0
    21  -.7125576039507216E-02   3   0 2  0 1  0 0  0
    22  0.1780355006620874E-01   3   1 0  1 1  0 0  0
    23  0.2664800605307549E-01   3   0 1  1 1  0 0  0
    24  0.7962630190895895E-01   3   0 0  2 1  0 0  0
    25  -.5129025274330439E-03   3   1 0  0 2  0 0  0
    26  -.5895114480948884E-01   3   0 1  0 2  0 0  0
    27  0.5730208189897032E-02   3   0 0  1 2  0 0  0
    28  -.7125576039507216E-02   3   0 0  0 3  0 0  0
    29  -.3272400261106341E-03   3   1 0  0 0  0 2  0
    30  -.6069489155493643E-01   3   0 1  0 0  0 2  0
    31  0.2683261083084672E-02   3   0 0  1 0  0 2  0
    32  -.1069727693676139E-01   3   0 0  0 1  0 2  0
    33  -.1277296064234466E-02   4   3 0  0 0  0 1  0
    34  -.4617811467559974       4   2 1  0 0  0 1  0
    35  -.3528907590094994E-01   4   1 2  0 0  0 1  0
    36  0.1199578112382387       4   0 3  0 0  0 1  0
    37  -.4725947604554243E-02   4   2 0  1 0  0 1  0
    38  0.1819006540431282E-02   4   1 1  1 0  0 1  0
    39  -.1367130982904294E-01   4   0 2  1 0  0 1  0
    40  -.1277296064234465E-02   4   1 0  2 0  0 1  0
    41  -.4492105269651920       4   0 1  2 0  0 1  0
    42  -.4725947604554220E-02   4   0 0  3 0  0 1  0
    43  -.1100759041380197       4   2 0  0 1  0 1  0
    44  0.1952343216350812E-02   4   1 1  0 1  0 1  0
    45  0.1940366969677085E-01   4   0 2  0 1  0 1  0
    46  -.1257061979080541E-01   4   1 0  1 1  0 1  0
    47  -.3696100900362699E-01   4   0 1  1 1  0 1  0
    48  -.1082568975975885       4   0 0  2 1  0 1  0
    49  0.1671933102677043E-02   4   1 0  0 2  0 1  0
    50  0.1199578112382387       4   0 1  0 2  0 1  0
    51  -.1171896661269214E-01   4   0 0  1 2  0 1  0
    52  0.1940366969677085E-01   4   0 0  0 3  0 1  0
    53  0.3373708209764470E-03   4   1 0  0 0  0 3  0
    54  0.4913908423267897E-01   4   0 1  0 0  0 3  0
    55  -.2180060359919552E-02   4   0 0  1 0  0 3  0
    56  0.1102137934023738E-01   4   0 0  0 1  0 3  0
    57  -5.154819954234824       5   5 0  0 0  0 0  0
    58   2.669968787451275       5   4 1  0 0  0 0  0
    59  0.2003857988484842       5   3 2  0 0  0 0  0
    60  0.3462046135284792       5   2 3  0 0  0 0  0
    61  0.2624557288874005E-01   5   1 4  0 0  0 0  0
    62  -.4374732503321064E-01   5   0 5  0 0  0 0  0
    63  -.6549759526527782       5   4 0  1 0  0 0  0
    64  -.2408539781918670E-01   5   3 1  1 0  0 0  0
    65  0.6671856202709879E-02   5   2 2  1 0  0 0  0
    66  -.3231649500440249E-02   5   1 3  1 0  0 0  0
    67  0.8030651048260005E-02   5   0 4  1 0  0 0  0
    68  -10.30963990846965       5   3 0  2 0  0 0  0
    69   5.719748021784825       5   2 1  2 0  0 0  0
    70  0.2099524014692372       5   1 2  2 0  0 0  0
    71  0.3318156174220657       5   0 3  2 0  0 0  0
    72  -1.309951905305556       5   2 0  3 0  0 0  0
    73  -.2408539781918669E-01   5   1 1  3 0  0 0  0
    74  0.7148916168923505E-02   5   0 2  3 0  0 0  0
    75  -5.154819954234824       5   1 0  4 0  0 0  0
    76   3.049779234333548       5   0 1  4 0  0 0  0
    77  -.6549759526527777       5   0 0  5 0  0 0  0
    78  0.1249821277097744       5   4 0  0 1  0 0  0
    79  0.3832140886803592E-02   5   3 1  0 1  0 0  0
    80  0.8299939146625507E-01   5   2 2  0 1  0 0  0
    81  -.1380142883719464E-02   5   1 3  0 1  0 0  0
    82  -.7076859758820492E-02   5   0 4  0 1  0 0  0
    83  -.3798104468822727       5   3 0  1 1  0 0  0
    84  0.1922633444153368       5   2 1  1 1  0 0  0
    85  0.1948886255833754E-01   5   1 2  1 1  0 0  0
    86  0.2724850758510540E-01   5   0 3  1 1  0 0  0
    87  0.2258788576003621       5   2 0  2 1  0 0  0
    88  0.2878020954376123E-02   5   1 1  2 1  0 0  0
    89  0.7756263302056876E-01   5   0 2  2 1  0 0  0
    90  -.3798104468822728       5   1 0  3 1  0 0  0
    91  0.2113965496568428       5   0 1  3 1  0 0  0
    92  0.1008967298905877       5   0 0  4 1  0 0  0
    93  -.1444148187605682E-02   5   3 0  0 2  0 0  0
    94  0.3411047470765554       5   2 1  0 2  0 0  0
    95  0.2524263819237463E-01   5   1 2  0 2  0 0  0
    96  -.8749465006642126E-01   5   0 3  0 2  0 0  0
    97  0.1098105705572716E-01   5   2 0  1 2  0 0  0
    98  0.1178568390052569E-02   5   1 1  1 2  0 0  0
    99  0.1468115921280053E-01   5   0 2  1 2  0 0  0
   100  -.1101075080835869E-01   5   1 0  2 2  0 0  0
   101  0.3369154838739896       5   0 1  2 2  0 0  0
   102  0.1050399708951341E-01   5   0 0  3 2  0 0  0
   103  0.8079428252100868E-01   5   2 0  0 3  0 0  0
   104  -.1380142883719468E-02   5   1 1  0 3  0 0  0
   105  -.1415371951764089E-01   5   0 2  0 3  0 0  0
   106  0.9289129654489475E-02   5   1 0  1 3  0 0  0
   107  0.2724850758510541E-01   5   0 1  1 3  0 0  0
   108  0.7976774196581495E-01   5   0 0  2 3  0 0  0
   109  -.1002934696365330E-02   5   1 0  0 4  0 0  0
   110  -.4374732503321063E-01   5   0 1  0 4  0 0  0
   111  0.6650508164540542E-02   5   0 0  1 4  0 0  0
   112  -.7076859758820341E-02   5   0 0  0 5  0 0  0
   113  0.1395126970504831E-02   5   3 0  0 0  0 2  0
   114  0.3423227467956650       5   2 1  0 0  0 2  0
   115  0.3824108637099256E-01   5   1 2  0 0  0 2  0
   116  -.1714494808593308       5   0 3  0 0  0 2  0
   117  0.3675039484174272E-02   5   2 0  1 0  0 2  0
   118  -.1969968588099407E-02   5   1 1  1 0  0 2  0
   119  0.1954961489278931E-01   5   0 2  1 0  0 2  0
   120  0.1395126970504829E-02   5   1 0  2 0  0 2  0
   121  0.3323753900926459       5   0 1  2 0  0 2  0
   122  0.3675039484174254E-02   5   0 0  3 0  0 2  0
   123  0.1203069982117889       5   2 0  0 1  0 2  0
   124  -.2699885142397818E-02   5   1 1  0 1  0 2  0
   125  -.3445862098822175E-01   5   0 2  0 1  0 2  0
   126  0.9947356703019076E-02   5   1 0  1 1  0 2  0
   127  0.4139696478293757E-01   5   0 1  1 1  0 2  0
   128  0.1183370296236895       5   0 0  2 1  0 2  0
   129  -.3155878411945010E-02   5   1 0  0 2  0 2  0
   130  -.1714494808593308       5   0 1  0 2  0 2  0
   131  0.1684972975039150E-01   5   0 0  1 2  0 2  0
   132  -.3445862098822175E-01   5   0 0  0 3  0 2  0
   133  -.3407924703716874E-03   5   1 0  0 0  0 4  0
   134  -.4187263471026377E-01   5   0 1  0 0  0 4  0
   135  0.1864586474041682E-02   5   0 0  1 0  0 4  0
   136  -.1112556199560790E-01   5   0 0  0 1  0 4  0
   --------------------------------------------------
     I  COEFFICIENT            ORDER EXPONENTS
     1  1.0000000000000000       1   0 0  0 0  1 0  0
     2  0.3845463487677048E-02   1   0 0  0 0  0 1  0
     3  -.3202963826762661E-04   2   2 0  0 0  0 0  0
     4  0.4158214931833758E-04   2   1 1  0 0  0 0  0
     5  -.1292779103796294E-01   2   0 2  0 0  0 0  0
     6  0.1138894632414904E-02   2   0 1  1 0  0 0  0
     7  -.3202963826762661E-04   2   0 0  2 0  0 0  0
     8  -.1138894632414904E-02   2   1 0  0 1  0 0  0
     9  0.4158214931833758E-04   2   0 0  1 1  0 0  0
    10  -.1292779103796294E-01   2   0 0  0 2  0 0  0
    11  -.3931661018608455E-02   2   0 0  0 0  0 2  0
    12  0.4839715116293842E-04   3   2 0  0 0  0 1  0
    13  -.9117511441792287E-04   3   1 1  0 0  0 1  0
    14  0.1954560627072344E-01   3   0 2  0 0  0 1  0
    15  -.1720307436055180E-02   3   0 1  1 0  0 1  0
    16  0.4839715116293842E-04   3   0 0  2 0  0 1  0
    17  0.1720307436055180E-02   3   1 0  0 1  0 1  0
    18  -.9117511441792287E-04   3   0 0  1 1  0 1  0
    19  0.1954560627072344E-01   3   0 0  0 2  0 1  0
    20  0.3768058509294893E-02   3   0 0  0 0  0 3  0
    21  -.4466042668209837E-03   4   4 0  0 0  0 0  0
    22  0.4473592594812159E-04   4   3 1  0 0  0 0  0
    23  -.4241803925119196E-04   4   2 2  0 0  0 0  0
    24  0.8324727681055444E-04   4   1 3  0 0  0 0  0
    25  -.9695199739476912E-02   4   0 4  0 0  0 0  0
    26  0.8022771548065803E-02   4   2 1  1 0  0 0  0
    27  0.1665615640072776E-03   4   1 2  1 0  0 0  0
    28  0.1708561113916603E-02   4   0 3  1 0  0 0  0
    29  -.8932085336419684E-03   4   2 0  2 0  0 0  0
    30  0.4473592594812363E-04   4   1 1  2 0  0 0  0
    31  -.1485551264860385E-03   4   0 2  2 0  0 0  0
    32  0.8022771548065794E-02   4   0 1  3 0  0 0  0
    33  -.4466042668209836E-03   4   0 0  4 0  0 0  0
    34  -.8022771548065799E-02   4   3 0  0 1  0 0  0
    35  -.1665615640072958E-03   4   2 1  0 1  0 0  0
    36  -.1708561113916603E-02   4   1 2  0 1  0 0  0
    37  0.4473592594812348E-04   4   2 0  1 1  0 0  0
    38  0.2122741744696910E-03   4   1 1  1 1  0 0  0
    39  0.8324727681055443E-04   4   0 2  1 1  0 0  0
    40  -.8022771548065808E-02   4   1 0  2 1  0 0  0
    41  0.1665615640072971E-03   4   0 1  2 1  0 0  0
    42  0.4473592594812131E-04   4   0 0  3 1  0 0  0
    43  -.1485551264860384E-03   4   2 0  0 2  0 0  0
    44  0.8324727681055440E-04   4   1 1  0 2  0 0  0
    45  -.1939039947895382E-01   4   0 2  0 2  0 0  0
    46  -.1665615640072775E-03   4   1 0  1 2  0 0  0
    47  0.1708561113916603E-02   4   0 1  1 2  0 0  0
    48  -.4241803925119196E-04   4   0 0  2 2  0 0  0
    49  -.1708561113916603E-02   4   1 0  0 3  0 0  0
    50  0.8324727681055444E-04   4   0 0  1 3  0 0  0
    51  -.9695199739476912E-02   4   0 0  0 4  0 0  0
    52  -.5917531082530319E-04   4   2 0  0 0  0 2  0
    53  0.1410803702532172E-03   4   1 1  0 0  0 2  0
    54  -.2391448380937918E-01   4   0 2  0 0  0 2  0
    55  0.2102626926622478E-02   4   0 1  1 0  0 2  0
    56  -.5917531082530319E-04   4   0 0  2 0  0 2  0
    57  -.2102626926622478E-02   4   1 0  0 1  0 2  0
    58  0.1410803702532172E-03   4   0 0  1 1  0 2  0
    59  -.2391448380937918E-01   4   0 0  0 2  0 2  0
    60  -.3542567864577317E-02   4   0 0  0 0  0 4  0
    61  0.6752948470932601E-03   5   4 0  0 0  0 1  0
    62  -.9888416787251905E-04   5   3 1  0 0  0 1  0
    63  0.1221386875961709E-03   5   2 2  0 0  0 1  0
    64  -.2959736431177995E-03   5   1 3  0 0  0 1  0
    65  0.2787405019178224E-01   5   0 4  0 0  0 1  0
    66  -.1214526160438222E-01   5   2 1  1 0  0 1  0
    67  -.3529979032833976E-03   5   1 2  1 0  0 1  0
    68  -.4908168999154217E-02   5   0 3  1 0  0 1  0
    69  0.1350589694186521E-02   5   2 0  2 0  0 1  0
    70  -.9888416787252222E-04   5   1 1  2 0  0 1  0
    71  0.4266164156164394E-03   5   0 2  2 0  0 1  0
    72  -.1214526160438221E-01   5   0 1  3 0  0 1  0
    73  0.6752948470932597E-03   5   0 0  4 0  0 1  0
    74  0.1214526160438222E-01   5   3 0  0 1  0 1  0
    75  0.3529979032834283E-03   5   2 1  0 1  0 1  0
    76  0.4908168999154219E-02   5   1 2  0 1  0 1  0
    77  -.9888416787252234E-04   5   2 0  1 1  0 1  0
    78  -.6089554560405316E-03   5   1 1  1 1  0 1  0
    79  -.2959736431177993E-03   5   0 2  1 1  0 1  0
    80  0.1214526160438223E-01   5   1 0  2 1  0 1  0
    81  -.3529979032834261E-03   5   0 1  2 1  0 1  0
    82  -.9888416787251843E-04   5   0 0  3 1  0 1  0
    83  0.4266164156164395E-03   5   2 0  0 2  0 1  0
    84  -.2959736431177993E-03   5   1 1  0 2  0 1  0
    85  0.5574810038356450E-01   5   0 2  0 2  0 1  0
    86  0.3529979032833975E-03   5   1 0  1 2  0 1  0
    87  -.4908168999154219E-02   5   0 1  1 2  0 1  0
    88  0.1221386875961709E-03   5   0 0  2 2  0 1  0
    89  0.4908168999154217E-02   5   1 0  0 3  0 1  0
    90  -.2959736431177995E-03   5   0 0  1 3  0 1  0
    91  0.2787405019178224E-01   5   0 0  0 4  0 1  0
    92  0.6771463069075727E-04   5   2 0  0 0  0 3  0
    93  -.1901350584445811E-03   5   1 1  0 0  0 3  0
    94  0.2738460159775169E-01   5   0 2  0 0  0 3  0
    95  -.2405096477643833E-02   5   0 1  1 0  0 3  0
    96  0.6771463069075727E-04   5   0 0  2 0  0 3  0
    97  0.2405096477643833E-02   5   1 0  0 1  0 3  0
    98  -.1901350584445811E-03   5   0 0  1 1  0 3  0
    99  0.2738460159775169E-01   5   0 0  0 2  0 3  0
   100  0.3319893953354093E-02   5   0 0  0 0  0 5  0
   --------------------------------------------------
     I  COEFFICIENT            ORDER EXPONENTS
     1  1.0000000000000000       1   0 0  0 0  0 1  0
     ------------------------------------------------
     ALL COMPONENTS ZERO 
     ------------------- 
     ALL COMPONENTS ZERO 
     ------------------- 
