 L    0.3793416666666660E-01
 P (  0.0000000000000000E+00,  0.0000000000000000E+00,  0.1555300833333333E+01)
 A (  0.0000000000000000E+00,  0.0000000000000000E+00,  0.0000000000000000E+00)
     I  COEFFICIENT            ORDER EXPONENTS
     1  0.9999108654914491       1   1 0  0 0  0 0  0
     2  0.3772413726027619E-01   1   0 1  0 0  0 0  0
     3  0.1382809184043802E-02   1   0 0  1 0  0 0  0
     4  0.3449984479346885E-02   1   0 0  0 1  0 0  0
     5  0.1212968202302622E-03   2   1 0  0 0  0 1  0
     6  -.2542731887507226E-01   2   0 1  0 0  0 1  0
     7  -.9368172301330795E-03   2   0 0  1 0  0 1  0
     8  -.4690038492565092E-02   2   0 0  0 1  0 1  0
     9  -.2735182987830544E-02   3   3 0  0 0  0 0  0
    10  -.1520240374364891E-02   3   2 1  0 0  0 0  0
    11  -.6170768145383147E-04   3   1 2  0 0  0 0  0
    12  0.1865255154125292E-01   3   0 3  0 0  0 0  0
    13  0.3790440668620093E-01   3   2 0  1 0  0 0  0
    14  0.8841185558010248E-03   3   1 1  1 0  0 0  0
    15  0.2058379194604730E-02   3   0 2  1 0  0 0  0
    16  -.2735182987830541E-02   3   1 0  2 0  0 0  0
    17  -.1438489166839191E-02   3   0 1  2 0  0 0  0
    18  0.3790440668620095E-01   3   0 0  3 0  0 0  0
    19  0.1212496890525228E-01   3   2 0  0 1  0 0  0
    20  -.1016113285904424E-02   3   1 1  0 1  0 0  0
    21  0.3443841138842445E-02   3   0 2  0 1  0 0  0
    22  -.8175120752569870E-04   3   1 0  1 1  0 0  0
    23  0.2635823635951711E-03   3   0 1  1 1  0 0  0
    24  0.1300908746105330E-01   3   0 0  2 1  0 0  0
    25  -.3252900450490024E-03   3   1 0  0 2  0 0  0
    26  0.1865255154125292E-01   3   0 1  0 2  0 0  0
    27  0.1042265908700307E-02   3   0 0  1 2  0 0  0
    28  0.3443841138842445E-02   3   0 0  0 3  0 0  0
    29  -.1327452676774247E-03   3   1 0  0 0  0 2  0
    30  0.1893075370225868E-01   3   0 1  0 0  0 2  0
    31  0.7023690514877968E-03   3   0 0  1 0  0 2  0
    32  0.5126157129049681E-02   3   0 0  0 1  0 2  0
    33  0.3720844673839483E-02   4   3 0  0 0  0 1  0
    34  0.3102874320962349E-02   4   2 1  0 0  0 1  0
    35  0.1693047768472525E-03   4   1 2  0 0  0 1  0
    36  -.3771371311063847E-01   4   0 3  0 0  0 1  0
    37  -.2564214291111330E-01   4   2 0  1 0  0 1  0
    38  -.1197017221554306E-02   4   1 1  1 0  0 1  0
    39  -.4168109513171765E-02   4   0 2  1 0  0 1  0
    40  0.3720844673839481E-02   4   1 0  2 0  0 1  0
    41  0.2936101799202767E-02   4   0 1  2 0  0 1  0
    42  -.2564214291111332E-01   4   0 0  3 0  0 1  0
    43  -.1640400952419815E-01   4   2 0  0 1  0 1  0
    44  0.2032353882324454E-02   4   1 1  0 1  0 1  0
    45  -.9363463190604151E-02   4   0 2  0 1  0 1  0
    46  0.1667725217595807E-03   4   1 0  1 1  0 1  0
    47  -.7147389108002357E-03   4   0 1  1 1  0 1  0
    48  -.1760102674575246E-01   4   0 0  2 1  0 1  0
    49  0.8840436876474876E-03   4   1 0  0 2  0 1  0
    50  -.3771371311063847E-01   4   0 1  0 2  0 1  0
    51  -.2135755630847312E-02   4   0 0  1 2  0 1  0
    52  -.9363463190604151E-02   4   0 0  0 3  0 1  0
    53  0.1366628032666244E-03   4   1 0  0 0  0 3  0
    54  -.1517337531861095E-01   4   0 1  0 0  0 3  0
    55  -.5675442861147383E-03   4   0 0  1 0  0 3  0
    56  -.5269834732790067E-02   4   0 0  0 1  0 3  0
    57  -.3290509069829300E-01   5   5 0  0 0  0 0  0
    58  -.1616705005385750E-01   5   4 1  0 0  0 0  0
    59  -.1407378475362764E-02   5   3 2  0 0  0 0  0
    60  -.2206531836979818E-02   5   2 3  0 0  0 0  0
    61  -.3411790370737263E-04   5   1 4  0 0  0 0  0
    62  0.1383278637759741E-01   5   0 5  0 0  0 0  0
    63  0.3268266185303504       5   4 0  1 0  0 0  0
    64  0.1499506139784353E-01   5   3 1  1 0  0 0  0
    65  0.5641421614434495E-01   5   2 2  1 0  0 0  0
    66  0.1757916787193988E-02   5   1 3  1 0  0 0  0
    67  0.2553155652713657E-02   5   0 4  1 0  0 0  0
    68  -.6581018139658601E-01   5   3 0  2 0  0 0  0
    69  -.2806430141812842E-01   5   2 1  2 0  0 0  0
    70  -.1305209425613795E-02   5   1 2  2 0  0 0  0
    71  -.2085645870946351E-02   5   0 3  2 0  0 0  0
    72  0.6536532370607018       5   2 0  3 0  0 0  0
    73  0.1499506139784356E-01   5   1 1  3 0  0 0  0
    74  0.5614489622013115E-01   5   0 2  3 0  0 0  0
    75  -.3290509069829301E-01   5   1 0  4 0  0 0  0
    76  -.1189725136427083E-01   5   0 1  4 0  0 0  0
    77  0.3268266185303508       5   0 0  5 0  0 0  0
    78  0.1106053815207813       5   4 0  0 1  0 0  0
    79  -.3047941004260602E-01   5   3 1  0 1  0 0  0
    80  0.1136826724949039E-01   5   2 2  0 1  0 0  0
    81  -.1495367317753266E-02   5   1 3  0 1  0 0  0
    82  0.3437808029260480E-02   5   0 4  0 1  0 0  0
    83  -.4269798689586684E-02   5   3 0  1 1  0 0  0
    84  0.8691774012138605E-02   5   2 1  1 1  0 0  0
    85  0.6697998646457773E-04   5   1 2  1 1  0 0  0
    86  0.5273237400911347E-03   5   0 3  1 1  0 0  0
    87  0.2362058244394062       5   2 0  2 1  0 0  0
    88  -.2994077019417829E-01   5   1 1  2 1  0 0  0
    89  0.1387154933434585E-01   5   0 2  2 1  0 0  0
    90  -.4269798689586685E-02   5   1 0  3 1  0 0  0
    91  0.8896112111636538E-02   5   0 1  3 1  0 0  0
    92  0.1256004429186248       5   0 0  4 1  0 0  0
    93  -.1020132153725034E-01   5   3 0  0 2  0 0  0
    94  -.2394397789477842E-02   5   2 1  0 2  0 0  0
    95  -.5955595475058785E-03   5   1 2  0 2  0 0  0
    96  0.2766557275519483E-01   5   0 3  0 2  0 0  0
    97  0.2566548617752508E-01   5   2 0  1 2  0 0  0
    98  0.2671861918710302E-03   5   1 1  1 2  0 0  0
    99  0.3610943987674059E-02   5   0 2  1 2  0 0  0
   100  -.1030349058699931E-01   5   1 0  2 2  0 0  0
   101  -.1897779918448315E-02   5   0 1  2 2  0 0  0
   102  0.2593480610173897E-01   5   0 0  3 2  0 0  0
   103  0.1211363254715188E-01   5   2 0  0 3  0 0  0
   104  -.1495367317753264E-02   5   1 1  0 3  0 0  0
   105  0.6875616058520962E-02   5   0 2  0 3  0 0  0
   106  -.3087519185315045E-03   5   1 0  1 3  0 0  0
   107  0.5273237400911350E-03   5   0 1  1 3  0 0  0
   108  0.1312618403668437E-01   5   0 0  2 3  0 0  0
   109  -.5614416437985063E-03   5   1 0  0 4  0 0  0
   110  0.1383278637759741E-01   5   0 1  0 4  0 0  0
   111  0.1057788334960391E-02   5   0 0  1 4  0 0  0
   112  0.3437808029260480E-02   5   0 0  0 5  0 0  0
   113  -.4070297283745897E-02   5   3 0  0 0  0 2  0
   114  -.4450827127568503E-02   5   2 1  0 0  0 2  0
   115  -.3032540493107876E-03   5   1 2  0 0  0 2  0
   116  0.5348954675003586E-01   5   0 3  0 0  0 2  0
   117  0.1918686198373474E-01   5   2 0  1 0  0 2  0
   118  0.1301661218548396E-02   5   1 1  1 0  0 2  0
   119  0.5922480569096691E-02   5   0 2  1 0  0 2  0
   120  -.4070297283745899E-02   5   1 0  2 0  0 2  0
   121  -.4211750050649935E-02   5   0 1  2 0  0 2  0
   122  0.1918686198373476E-01   5   0 0  3 0  0 2  0
   123  0.1782136520051821E-01   5   2 0  0 1  0 2  0
   124  -.2844618705716446E-02   5   1 1  0 1  0 2  0
   125  0.1659882950759350E-01   5   0 2  0 1  0 2  0
   126  -.2390770769185682E-03   5   1 0  1 1  0 2  0
   127  0.1263121061433973E-02   5   0 1  1 1  0 2  0
   128  0.1912302641906660E-01   5   0 0  2 1  0 2  0
   129  -.1566375110744761E-02   5   1 0  0 2  0 2  0
   130  0.5348954675003586E-01   5   0 1  0 2  0 2  0
   131  0.3077861863380246E-02   5   0 0  1 2  0 2  0
   132  0.1659882950759350E-01   5   0 0  0 3  0 2  0
   133  -.1378425358360807E-03   5   1 0  0 0  0 4  0
   134  0.1279216508316299E-01   5   0 1  0 0  0 4  0
   135  0.4826324212509422E-03   5   0 0  1 0  0 4  0
   136  0.5307150225439377E-02   5   0 0  0 1  0 4  0
   --------------------------------------------------
     I  COEFFICIENT            ORDER EXPONENTS
     1  -.6701216502958907E-02   1   1 0  0 0  0 0  0
     2  0.9832770136787246       1   0 1  0 0  0 0  0
     3  0.6422285595242896E-01   1   0 0  1 0  0 0  0
     4  0.1824450826116763       1   0 0  0 1  0 0  0
     5  0.4539849512885246E-02   2   1 0  0 0  0 1  0
     6  0.2273375353391148E-01   2   0 1  0 0  0 1  0
     7  0.5885092217230616E-03   2   0 0  1 0  0 1  0
     8  -.1229694661643510       2   0 0  0 1  0 1  0
     9  -.2103462489253398       3   3 0  0 0  0 0  0
    10  -.1312573815842813       3   2 1  0 0  0 0  0
    11  -.8555303338192825E-02   3   1 2  0 0  0 0  0
    12  -.1674370515145602E-01   3   0 3  0 0  0 0  0
    13   1.831507235989139       3   2 0  1 0  0 0  0
    14  0.6343844601499206E-01   3   1 1  1 0  0 0  0
    15  -.5726276838776723E-03   3   0 2  1 0  0 0  0
    16  -.2103462489253398       3   1 0  2 0  0 0  0
    17  -.1292442300297341       3   0 1  2 0  0 0  0
    18   1.831507235989139       3   0 0  3 0  0 0  0
    19  0.6883032575919130       3   2 0  0 1  0 0  0
    20  0.2935788025143514E-01   3   1 1  0 1  0 0  0
    21  0.9057612649926447E-01   3   0 2  0 1  0 0  0
    22  -.2013151554547277E-02   3   1 0  1 1  0 0  0
    23  -.3141090868444589E-03   3   0 1  1 1  0 0  0
    24  0.7517417036069053       3   0 0  2 1  0 0  0
    25  -.8241194251348364E-02   3   1 0  0 2  0 0  0
    26  -.1674370515145602E-01   3   0 1  0 2  0 0  0
    27  0.2878525256755746E-01   3   0 0  1 2  0 0  0
    28  0.9057612649926447E-01   3   0 0  0 3  0 0  0
    29  -.3403653747071130E-02   3   1 0  0 0  0 2  0
    30  -.2484758674745560E-01   3   0 1  0 0  0 2  0
    31  -.6440534842490325E-03   3   0 0  1 0  0 2  0
    32  0.9154661474260872E-01   3   0 0  0 1  0 2  0
    33  0.1423155149246466       4   3 0  0 0  0 1  0
    34  0.1780038726976338       4   2 1  0 0  0 1  0
    35  0.1748363445702231E-01   4   1 2  0 0  0 1  0
    36  0.4552426879787756E-01   4   0 3  0 0  0 1  0
    37  0.2054767987209513E-01   4   2 0  1 0  0 1  0
    38  -.4246920037047053E-01   4   1 1  1 0  0 1  0
    39  0.2597461494620987E-02   4   0 2  1 0  0 1  0
    40  0.1423155149246467       4   1 0  2 0  0 1  0
    41  0.1752948763447866       4   0 1  2 0  0 1  0
    42  0.2054767987209511E-01   4   0 0  3 0  0 1  0
    43  -.4538283597371042       4   2 0  0 1  0 1  0
    44  -.4098215623316715E-01   4   1 1  0 1  0 1  0
    45  -.1831321349723235       4   0 2  0 1  0 1  0
    46  0.2708996352847137E-02   4   1 0  1 1  0 1  0
    47  0.8027121314004406E-03   4   0 1  1 1  0 1  0
    48  -.4962975601075747       4   0 0  2 1  0 1  0
    49  0.1668092232562187E-01   4   1 0  0 2  0 1  0
    50  0.4552426879787756E-01   4   0 1  0 2  0 1  0
    51  -.3838469473854617E-01   4   0 0  1 2  0 1  0
    52  -.1831321349723235       4   0 0  0 3  0 1  0
    53  0.2750250150939403E-02   4   1 0  0 0  0 3  0
    54  0.2554386066525632E-01   4   0 1  0 0  0 3  0
    55  0.6630589112328349E-03   4   0 0  1 0  0 3  0
    56  -.7337203204004537E-01   4   0 0  0 1  0 3  0
    57  -2.570101607365149       5   5 0  0 0  0 0  0
    58  -1.566088819417973       5   4 1  0 0  0 0  0
    59  -.2284888299342396       5   3 2  0 0  0 0  0
    60  -.1352622822831133       5   2 3  0 0  0 0  0
    61  -.1043040357768114E-01   5   1 4  0 0  0 0  0
    62  -.1676522791913086E-01   5   0 5  0 0  0 0  0
    63   15.61101544602576       5   4 0  1 0  0 0  0
    64   1.062093962939572       5   3 1  1 0  0 0  0
    65  -.1142882520144502E-01   5   2 2  1 0  0 0  0
    66  0.3092603195421967E-01   5   1 3  1 0  0 0  0
    67  -.1479828727088423E-02   5   0 4  1 0  0 0  0
    68  -5.140203214730295       5   3 0  2 0  0 0  0
    69  -3.050775039596214       5   2 1  2 0  0 0  0
    70  -.2274669352173839       5   1 2  2 0  0 0  0
    71  -.1302003870648111       5   0 3  2 0  0 0  0
    72   31.22203089205154       5   2 0  3 0  0 0  0
    73   1.062093962939572       5   1 1  3 0  0 0  0
    74  -.3689568112867761E-01   5   0 2  3 0  0 0  0
    75  -2.570101607365145       5   1 0  4 0  0 0  0
    76  -1.484686220178240       5   0 1  4 0  0 0  0
    77   15.61101544602576       5   0 0  5 0  0 0  0
    78   6.405184739178497       5   4 0  0 1  0 0  0
    79  0.5806299720446227       5   3 1  0 1  0 0  0
    80  0.3555331021232144       5   2 2  0 1  0 0  0
    81  0.3049452316645520E-01   5   1 3  0 1  0 0  0
    82  0.6744863220143654E-01   5   0 4  0 1  0 0  0
    83  -.8140259923973361E-01   5   3 0  1 1  0 0  0
    84  0.4406588651427911E-01   5   2 1  1 1  0 0  0
    85  -.3836260765830737E-02   5   1 2  1 1  0 0  0
    86  -.6286258428474491E-03   5   0 3  1 1  0 0  0
    87   13.87246344129657       5   2 0  2 1  0 0  0
    88  0.6315636838990883       5   1 1  2 1  0 0  0
    89  0.3711575027483912       5   0 2  2 1  0 0  0
    90  -.8140259923973370E-01   5   1 0  3 1  0 0  0
    91  0.4610967594799074E-01   5   0 1  3 1  0 0  0
    92   7.467278702118067       5   0 0  4 1  0 0  0
    93  -.2735766111653745       5   3 0  0 2  0 0  0
    94  -.1364879167355844       5   2 1  0 2  0 0  0
    95  -.2023218131251478E-01   5   1 2  0 2  0 0  0
    96  -.3353045583826190E-01   5   0 3  0 2  0 0  0
    97  0.5437342909159452       5   2 0  1 2  0 0  0
    98  0.6152929461230633E-01   5   1 1  1 2  0 0  0
    99  0.2753486571227872E-01   5   0 2  1 2  0 0  0
   100  -.2745985058822304       5   1 0  2 2  0 0  0
   101  -.1289747526123396       5   0 1  2 2  0 0  0
   102  0.5692011468431777       5   0 0  3 2  0 0  0
   103  0.3402314707941714       5   2 0  0 3  0 0  0
   104  0.3049452316645528E-01   5   1 1  0 3  0 0  0
   105  0.1348972644028732       5   0 2  0 3  0 0  0
   106  -.6287529670773739E-02   5   1 0  1 3  0 0  0
   107  -.6286258428474322E-03   5   0 1  1 3  0 0  0
   108  0.3864591340774340       5   0 0  2 3  0 0  0
   109  -.9801777734833646E-02   5   1 0  0 4  0 0  0
   110  -.1676522791913119E-01   5   0 1  0 4  0 0  0
   111  0.2901469443936679E-01   5   0 0  1 4  0 0  0
   112  0.6744863220143660E-01   5   0 0  0 5  0 0  0
   113  -.1065061062333992       5   3 0  0 0  0 2  0
   114  -.1939660314333622       5   2 1  0 0  0 2  0
   115  -.2511577158571866E-01   5   1 2  0 0  0 2  0
   116  -.8070150679361170E-01   5   0 3  0 0  0 2  0
   117  -.2247823497132543E-01   5   2 0  1 0  0 2  0
   118  0.3132012815050322E-01   5   1 1  1 0  0 2  0
   119  -.5309313880279556E-02   5   0 2  1 0  0 2  0
   120  -.1065061062333993       5   1 0  2 0  0 2  0
   121  -.1910429901542877       5   0 1  2 0  0 2  0
   122  -.2247823497132542E-01   5   0 0  3 0  0 2  0
   123  0.3274624509033869       5   2 0  0 1  0 2  0
   124  0.4623762831761064E-01   5   1 1  0 1  0 2  0
   125  0.2597298131344331       5   0 2  0 1  0 2  0
   126  -.2923041279074471E-02   5   1 0  1 1  0 2  0
   127  -.1425891719590507E-02   5   0 1  1 1  0 2  0
   128  0.3587825790538901       5   0 0  2 1  0 2  0
   129  -.2368987986612817E-01   5   1 0  0 2  0 2  0
   130  -.8070150679361170E-01   5   0 1  0 2  0 2  0
   131  0.4092831443733109E-01   5   0 0  1 2  0 2  0
   132  0.2597298131344331       5   0 0  0 3  0 2  0
   133  -.2338734496449608E-02   5   1 0  0 0  0 4  0
   134  -.2572456090636844E-01   5   0 1  0 0  0 4  0
   135  -.6687809243537986E-03   5   0 0  1 0  0 4  0
   136  0.6185351508680105E-01   5   0 0  0 1  0 4  0
   --------------------------------------------------
     I  COEFFICIENT            ORDER EXPONENTS
     1  -.1382809184043802E-02   1   1 0  0 0  0 0  0
     2  -.3449984479346885E-02   1   0 1  0 0  0 0  0
     3  0.9999108654914491       1   0 0  1 0  0 0  0
     4  0.3772413726027619E-01   1   0 0  0 1  0 0  0
     5  0.9368172301330795E-03   2   1 0  0 0  0 1  0
     6  0.4690038492565092E-02   2   0 1  0 0  0 1  0
     7  0.1212968202302622E-03   2   0 0  1 0  0 1  0
     8  -.2542731887507226E-01   2   0 0  0 1  0 1  0
     9  -.3790440668620095E-01   3   3 0  0 0  0 0  0
    10  -.1300908746105330E-01   3   2 1  0 0  0 0  0
    11  -.1042265908700307E-02   3   1 2  0 0  0 0  0
    12  -.3443841138842445E-02   3   0 3  0 0  0 0  0
    13  -.2735182987830547E-02   3   2 0  1 0  0 0  0
    14  -.8175120752569870E-04   3   1 1  1 0  0 0  0
    15  -.3252900450490025E-03   3   0 2  1 0  0 0  0
    16  -.3790440668620097E-01   3   1 0  2 0  0 0  0
    17  -.1212496890525228E-01   3   0 1  2 0  0 0  0
    18  -.2735182987830544E-02   3   0 0  3 0  0 0  0
    19  -.1438489166839191E-02   3   2 0  0 1  0 0  0
    20  0.2635823635951710E-03   3   1 1  0 1  0 0  0
    21  0.1865255154125292E-01   3   0 2  0 1  0 0  0
    22  -.8841185558010248E-03   3   1 0  1 1  0 0  0
    23  0.1016113285904424E-02   3   0 1  1 1  0 0  0
    24  -.1520240374364891E-02   3   0 0  2 1  0 0  0
    25  -.2058379194604730E-02   3   1 0  0 2  0 0  0
    26  -.3443841138842445E-02   3   0 1  0 2  0 0  0
    27  -.6170768145383147E-04   3   0 0  1 2  0 0  0
    28  0.1865255154125292E-01   3   0 0  0 3  0 0  0
    29  -.7023690514877968E-03   3   1 0  0 0  0 2  0
    30  -.5126157129049681E-02   3   0 1  0 0  0 2  0
    31  -.1327452676774247E-03   3   0 0  1 0  0 2  0
    32  0.1893075370225868E-01   3   0 0  0 1  0 2  0
    33  0.2564214291111332E-01   4   3 0  0 0  0 1  0
    34  0.1760102674575246E-01   4   2 1  0 0  0 1  0
    35  0.2135755630847312E-02   4   1 2  0 0  0 1  0
    36  0.9363463190604151E-02   4   0 3  0 0  0 1  0
    37  0.3720844673839483E-02   4   2 0  1 0  0 1  0
    38  0.1667725217595808E-03   4   1 1  1 0  0 1  0
    39  0.8840436876474876E-03   4   0 2  1 0  0 1  0
    40  0.2564214291111333E-01   4   1 0  2 0  0 1  0
    41  0.1640400952419814E-01   4   0 1  2 0  0 1  0
    42  0.3720844673839483E-02   4   0 0  3 0  0 1  0
    43  0.2936101799202767E-02   4   2 0  0 1  0 1  0
    44  -.7147389108002356E-03   4   1 1  0 1  0 1  0
    45  -.3771371311063847E-01   4   0 2  0 1  0 1  0
    46  0.1197017221554306E-02   4   1 0  1 1  0 1  0
    47  -.2032353882324453E-02   4   0 1  1 1  0 1  0
    48  0.3102874320962349E-02   4   0 0  2 1  0 1  0
    49  0.4168109513171765E-02   4   1 0  0 2  0 1  0
    50  0.9363463190604151E-02   4   0 1  0 2  0 1  0
    51  0.1693047768472525E-03   4   0 0  1 2  0 1  0
    52  -.3771371311063847E-01   4   0 0  0 3  0 1  0
    53  0.5675442861147383E-03   4   1 0  0 0  0 3  0
    54  0.5269834732790067E-02   4   0 1  0 0  0 3  0
    55  0.1366628032666244E-03   4   0 0  1 0  0 3  0
    56  -.1517337531861095E-01   4   0 0  0 1  0 3  0
    57  -.3268266185303512       5   5 0  0 0  0 0  0
    58  -.1256004429186249       5   4 1  0 0  0 0  0
    59  -.2593480610173897E-01   5   3 2  0 0  0 0  0
    60  -.1312618403668437E-01   5   2 3  0 0  0 0  0
    61  -.1057788334960391E-02   5   1 4  0 0  0 0  0
    62  -.3437808029260480E-02   5   0 5  0 0  0 0  0
    63  -.3290509069829296E-01   5   4 0  1 0  0 0  0
    64  -.4269798689586681E-02   5   3 1  1 0  0 0  0
    65  -.1030349058699929E-01   5   2 2  1 0  0 0  0
    66  -.3087519185315046E-03   5   1 3  1 0  0 0  0
    67  -.5614416437985063E-03   5   0 4  1 0  0 0  0
    68  -.6536532370607022       5   3 0  2 0  0 0  0
    69  -.2362058244394061       5   2 1  2 0  0 0  0
    70  -.2566548617752512E-01   5   1 2  2 0  0 0  0
    71  -.1211363254715188E-01   5   0 3  2 0  0 0  0
    72  -.6581018139658602E-01   5   2 0  3 0  0 0  0
    73  -.4269798689586687E-02   5   1 1  3 0  0 0  0
    74  -.1020132153725034E-01   5   0 2  3 0  0 0  0
    75  -.3268266185303504       5   1 0  4 0  0 0  0
    76  -.1106053815207814       5   0 1  4 0  0 0  0
    77  -.3290509069829303E-01   5   0 0  5 0  0 0  0
    78  -.1189725136427085E-01   5   4 0  0 1  0 0  0
    79  0.8896112111636536E-02   5   3 1  0 1  0 0  0
    80  -.1897779918448313E-02   5   2 2  0 1  0 0  0
    81  0.5273237400911352E-03   5   1 3  0 1  0 0  0
    82  0.1383278637759741E-01   5   0 4  0 1  0 0  0
    83  -.1499506139784356E-01   5   3 0  1 1  0 0  0
    84  0.2994077019417825E-01   5   2 1  1 1  0 0  0
    85  -.2671861918710287E-03   5   1 2  1 1  0 0  0
    86  0.1495367317753263E-02   5   0 3  1 1  0 0  0
    87  -.2806430141812837E-01   5   2 0  2 1  0 0  0
    88  0.8691774012138626E-02   5   1 1  2 1  0 0  0
    89  -.2394397789477840E-02   5   0 2  2 1  0 0  0
    90  -.1499506139784357E-01   5   1 0  3 1  0 0  0
    91  0.3047941004260603E-01   5   0 1  3 1  0 0  0
    92  -.1616705005385751E-01   5   0 0  4 1  0 0  0
    93  -.5614489622013114E-01   5   3 0  0 2  0 0  0
    94  -.1387154933434586E-01   5   2 1  0 2  0 0  0
    95  -.3610943987674060E-02   5   1 2  0 2  0 0  0
    96  -.6875616058520962E-02   5   0 3  0 2  0 0  0
    97  -.1305209425613810E-02   5   2 0  1 2  0 0  0
    98  0.6697998646457780E-04   5   1 1  1 2  0 0  0
    99  -.5955595475058783E-03   5   0 2  1 2  0 0  0
   100  -.5641421614434501E-01   5   1 0  2 2  0 0  0
   101  -.1136826724949039E-01   5   0 1  2 2  0 0  0
   102  -.1407378475362764E-02   5   0 0  3 2  0 0  0
   103  -.2085645870946350E-02   5   2 0  0 3  0 0  0
   104  0.5273237400911348E-03   5   1 1  0 3  0 0  0
   105  0.2766557275519483E-01   5   0 2  0 3  0 0  0
   106  -.1757916787193987E-02   5   1 0  1 3  0 0  0
   107  0.1495367317753266E-02   5   0 1  1 3  0 0  0
   108  -.2206531836979818E-02   5   0 0  2 3  0 0  0
   109  -.2553155652713657E-02   5   1 0  0 4  0 0  0
   110  -.3437808029260480E-02   5   0 1  0 4  0 0  0
   111  -.3411790370737271E-04   5   0 0  1 4  0 0  0
   112  0.1383278637759741E-01   5   0 0  0 5  0 0  0
   113  -.1918686198373476E-01   5   3 0  0 0  0 2  0
   114  -.1912302641906660E-01   5   2 1  0 0  0 2  0
   115  -.3077861863380246E-02   5   1 2  0 0  0 2  0
   116  -.1659882950759350E-01   5   0 3  0 0  0 2  0
   117  -.4070297283745900E-02   5   2 0  1 0  0 2  0
   118  -.2390770769185681E-03   5   1 1  1 0  0 2  0
   119  -.1566375110744761E-02   5   0 2  1 0  0 2  0
   120  -.1918686198373478E-01   5   1 0  2 0  0 2  0
   121  -.1782136520051820E-01   5   0 1  2 0  0 2  0
   122  -.4070297283745897E-02   5   0 0  3 0  0 2  0
   123  -.4211750050649935E-02   5   2 0  0 1  0 2  0
   124  0.1263121061433974E-02   5   1 1  0 1  0 2  0
   125  0.5348954675003586E-01   5   0 2  0 1  0 2  0
   126  -.1301661218548397E-02   5   1 0  1 1  0 2  0
   127  0.2844618705716446E-02   5   0 1  1 1  0 2  0
   128  -.4450827127568503E-02   5   0 0  2 1  0 2  0
   129  -.5922480569096692E-02   5   1 0  0 2  0 2  0
   130  -.1659882950759350E-01   5   0 1  0 2  0 2  0
   131  -.3032540493107876E-03   5   0 0  1 2  0 2  0
   132  0.5348954675003586E-01   5   0 0  0 3  0 2  0
   133  -.4826324212509422E-03   5   1 0  0 0  0 4  0
   134  -.5307150225439377E-02   5   0 1  0 0  0 4  0
   135  -.1378425358360807E-03   5   0 0  1 0  0 4  0
   136  0.1279216508316299E-01   5   0 0  0 1  0 4  0
   --------------------------------------------------
     I  COEFFICIENT            ORDER EXPONENTS
     1  -.6422285595242896E-01   1   1 0  0 0  0 0  0
     2  -.1824450826116763       1   0 1  0 0  0 0  0
     3  -.6701216502958907E-02   1   0 0  1 0  0 0  0
     4  0.9832770136787246       1   0 0  0 1  0 0  0
     5  -.5885092217230616E-03   2   1 0  0 0  0 1  0
     6  0.1229694661643510       2   0 1  0 0  0 1  0
     7  0.4539849512885246E-02   2   0 0  1 0  0 1  0
     8  0.2273375353391148E-01   2   0 0  0 1  0 1  0
     9  -1.831507235989139       3   3 0  0 0  0 0  0
    10  -.7517417036069053       3   2 1  0 0  0 0  0
    11  -.2878525256755746E-01   3   1 2  0 0  0 0  0
    12  -.9057612649926447E-01   3   0 3  0 0  0 0  0
    13  -.2103462489253397       3   2 0  1 0  0 0  0
    14  -.2013151554547277E-02   3   1 1  1 0  0 0  0
    15  -.8241194251348363E-02   3   0 2  1 0  0 0  0
    16  -1.831507235989139       3   1 0  2 0  0 0  0
    17  -.6883032575919130       3   0 1  2 0  0 0  0
    18  -.2103462489253398       3   0 0  3 0  0 0  0
    19  -.1292442300297341       3   2 0  0 1  0 0  0
    20  -.3141090868444589E-03   3   1 1  0 1  0 0  0
    21  -.1674370515145602E-01   3   0 2  0 1  0 0  0
    22  -.6343844601499206E-01   3   1 0  1 1  0 0  0
    23  -.2935788025143514E-01   3   0 1  1 1  0 0  0
    24  -.1312573815842813       3   0 0  2 1  0 0  0
    25  0.5726276838776720E-03   3   1 0  0 2  0 0  0
    26  -.9057612649926447E-01   3   0 1  0 2  0 0  0
    27  -.8555303338192825E-02   3   0 0  1 2  0 0  0
    28  -.1674370515145602E-01   3   0 0  0 3  0 0  0
    29  0.6440534842490325E-03   3   1 0  0 0  0 2  0
    30  -.9154661474260872E-01   3   0 1  0 0  0 2  0
    31  -.3403653747071130E-02   3   0 0  1 0  0 2  0
    32  -.2484758674745560E-01   3   0 0  0 1  0 2  0
    33  -.2054767987209511E-01   4   3 0  0 0  0 1  0
    34  0.4962975601075747       4   2 1  0 0  0 1  0
    35  0.3838469473854617E-01   4   1 2  0 0  0 1  0
    36  0.1831321349723235       4   0 3  0 0  0 1  0
    37  0.1423155149246465       4   2 0  1 0  0 1  0
    38  0.2708996352847137E-02   4   1 1  1 0  0 1  0
    39  0.1668092232562186E-01   4   0 2  1 0  0 1  0
    40  -.2054767987209511E-01   4   1 0  2 0  0 1  0
    41  0.4538283597371042       4   0 1  2 0  0 1  0
    42  0.1423155149246466       4   0 0  3 0  0 1  0
    43  0.1752948763447866       4   2 0  0 1  0 1  0
    44  0.8027121314004406E-03   4   1 1  0 1  0 1  0
    45  0.4552426879787756E-01   4   0 2  0 1  0 1  0
    46  0.4246920037047053E-01   4   1 0  1 1  0 1  0
    47  0.4098215623316715E-01   4   0 1  1 1  0 1  0
    48  0.1780038726976338       4   0 0  2 1  0 1  0
    49  -.2597461494620988E-02   4   1 0  0 2  0 1  0
    50  0.1831321349723235       4   0 1  0 2  0 1  0
    51  0.1748363445702231E-01   4   0 0  1 2  0 1  0
    52  0.4552426879787756E-01   4   0 0  0 3  0 1  0
    53  -.6630589112328349E-03   4   1 0  0 0  0 3  0
    54  0.7337203204004537E-01   4   0 1  0 0  0 3  0
    55  0.2750250150939403E-02   4   0 0  1 0  0 3  0
    56  0.2554386066525632E-01   4   0 0  0 1  0 3  0
    57  -15.61101544602576       5   5 0  0 0  0 0  0
    58  -7.467278702118067       5   4 1  0 0  0 0  0
    59  -.5692011468431778       5   3 2  0 0  0 0  0
    60  -.3864591340774341       5   2 3  0 0  0 0  0
    61  -.2901469443936679E-01   5   1 4  0 0  0 0  0
    62  -.6744863220143660E-01   5   0 5  0 0  0 0  0
    63  -2.570101607365143       5   4 0  1 0  0 0  0
    64  -.8140259923973338E-01   5   3 1  1 0  0 0  0
    65  -.2745985058822301       5   2 2  1 0  0 0  0
    66  -.6287529670773743E-02   5   1 3  1 0  0 0  0
    67  -.9801777734833643E-02   5   0 4  1 0  0 0  0
    68  -31.22203089205152       5   3 0  2 0  0 0  0
    69  -13.87246344129657       5   2 1  2 0  0 0  0
    70  -.5437342909159449       5   1 2  2 0  0 0  0
    71  -.3402314707941714       5   0 3  2 0  0 0  0
    72  -5.140203214730294       5   2 0  3 0  0 0  0
    73  -.8140259923973361E-01   5   1 1  3 0  0 0  0
    74  -.2735766111653745       5   0 2  3 0  0 0  0
    75  -15.61101544602577       5   1 0  4 0  0 0  0
    76  -6.405184739178497       5   0 1  4 0  0 0  0
    77  -2.570101607365147       5   0 0  5 0  0 0  0
    78  -1.484686220178240       5   4 0  0 1  0 0  0
    79  0.4610967594799073E-01   5   3 1  0 1  0 0  0
    80  -.1289747526123395       5   2 2  0 1  0 0  0
    81  -.6286258428474301E-03   5   1 3  0 1  0 0  0
    82  -.1676522791913119E-01   5   0 4  0 1  0 0  0
    83  -1.062093962939572       5   3 0  1 1  0 0  0
    84  -.6315636838990882       5   2 1  1 1  0 0  0
    85  -.6152929461230635E-01   5   1 2  1 1  0 0  0
    86  -.3049452316645529E-01   5   0 3  1 1  0 0  0
    87  -3.050775039596214       5   2 0  2 1  0 0  0
    88  0.4406588651427933E-01   5   1 1  2 1  0 0  0
    89  -.1364879167355844       5   0 2  2 1  0 0  0
    90  -1.062093962939572       5   1 0  3 1  0 0  0
    91  -.5806299720446229       5   0 1  3 1  0 0  0
    92  -1.566088819417972       5   0 0  4 1  0 0  0
    93  0.3689568112867762E-01   5   3 0  0 2  0 0  0
    94  -.3711575027483912       5   2 1  0 2  0 0  0
    95  -.2753486571227871E-01   5   1 2  0 2  0 0  0
    96  -.1348972644028732       5   0 3  0 2  0 0  0
    97  -.2274669352173838       5   2 0  1 2  0 0  0
    98  -.3836260765830741E-02   5   1 1  1 2  0 0  0
    99  -.2023218131251478E-01   5   0 2  1 2  0 0  0
   100  0.1142882520144507E-01   5   1 0  2 2  0 0  0
   101  -.3555331021232145       5   0 1  2 2  0 0  0
   102  -.2284888299342395       5   0 0  3 2  0 0  0
   103  -.1302003870648111       5   2 0  0 3  0 0  0
   104  -.6286258428474449E-03   5   1 1  0 3  0 0  0
   105  -.3353045583826190E-01   5   0 2  0 3  0 0  0
   106  -.3092603195421966E-01   5   1 0  1 3  0 0  0
   107  -.3049452316645522E-01   5   0 1  1 3  0 0  0
   108  -.1352622822831133       5   0 0  2 3  0 0  0
   109  0.1479828727088423E-02   5   1 0  0 4  0 0  0
   110  -.6744863220143654E-01   5   0 1  0 4  0 0  0
   111  -.1043040357768114E-01   5   0 0  1 4  0 0  0
   112  -.1676522791913086E-01   5   0 0  0 5  0 0  0
   113  0.2247823497132542E-01   5   3 0  0 0  0 2  0
   114  -.3587825790538901       5   2 1  0 0  0 2  0
   115  -.4092831443733109E-01   5   1 2  0 0  0 2  0
   116  -.2597298131344331       5   0 3  0 0  0 2  0
   117  -.1065061062333991       5   2 0  1 0  0 2  0
   118  -.2923041279074467E-02   5   1 1  1 0  0 2  0
   119  -.2368987986612817E-01   5   0 2  1 0  0 2  0
   120  0.2247823497132542E-01   5   1 0  2 0  0 2  0
   121  -.3274624509033869       5   0 1  2 0  0 2  0
   122  -.1065061062333992       5   0 0  3 0  0 2  0
   123  -.1910429901542878       5   2 0  0 1  0 2  0
   124  -.1425891719590506E-02   5   1 1  0 1  0 2  0
   125  -.8070150679361170E-01   5   0 2  0 1  0 2  0
   126  -.3132012815050322E-01   5   1 0  1 1  0 2  0
   127  -.4623762831761064E-01   5   0 1  1 1  0 2  0
   128  -.1939660314333622       5   0 0  2 1  0 2  0
   129  0.5309313880279554E-02   5   1 0  0 2  0 2  0
   130  -.2597298131344331       5   0 1  0 2  0 2  0
   131  -.2511577158571866E-01   5   0 0  1 2  0 2  0
   132  -.8070150679361170E-01   5   0 0  0 3  0 2  0
   133  0.6687809243537986E-03   5   1 0  0 0  0 4  0
   134  -.6185351508680105E-01   5   0 1  0 0  0 4  0
   135  -.2338734496449608E-02   5   0 0  1 0  0 4  0
   136  -.2572456090636844E-01   5   0 0  0 1  0 4  0
   --------------------------------------------------
     I  COEFFICIENT            ORDER EXPONENTS
     1  1.0000000000000000       1   0 0  0 0  1 0  0
     2  0.3845463487677048E-02   1   0 0  0 0  0 1  0
     3  -.2185099617038044E-04   2   2 0  0 0  0 0  0
     4  -.5099232525207178E-04   2   1 1  0 0  0 0  0
     5  -.1292860569024986E-01   2   0 2  0 0  0 0  0
     6  -.9432825029307593E-03   2   0 1  1 0  0 0  0
     7  -.2185099617038044E-04   2   0 0  2 0  0 0  0
     8  0.9432825029307593E-03   2   1 0  0 1  0 0  0
     9  -.5099232525207178E-04   2   0 0  1 1  0 0  0
    10  -.1292860569024986E-01   2   0 0  0 2  0 0  0
    11  -.3931661018608455E-02   2   0 0  0 0  0 2  0
    12  0.3299294784825482E-04   3   2 0  0 0  0 1  0
    13  0.1117550885565169E-03   3   1 1  0 0  0 1  0
    14  0.1954794769878045E-01   3   0 2  0 0  0 1  0
    15  0.1423307290957847E-02   3   0 1  1 0  0 1  0
    16  0.3299294784825482E-04   3   0 0  2 0  0 1  0
    17  -.1423307290957847E-02   3   1 0  0 1  0 1  0
    18  0.1117550885565169E-03   3   0 0  1 1  0 1  0
    19  0.1954794769878045E-01   3   0 0  0 2  0 1  0
    20  0.3768058509294893E-02   3   0 0  0 0  0 3  0
    21  -.1207870972439210E-02   4   4 0  0 0  0 0  0
    22  -.1661633874812965E-02   4   3 1  0 0  0 0  0
    23  -.1038199519978244E-03   4   2 2  0 0  0 0  0
    24  -.1031413532040530E-03   4   1 3  0 0  0 0  0
    25  -.9697243977611444E-02   4   0 4  0 0  0 0  0
    26  -.2585831120121138E-01   4   2 1  1 0  0 0  0
    27  -.6087085405278182E-03   4   1 2  1 0  0 0  0
    28  -.1418280288115466E-02   4   0 3  1 0  0 0  0
    29  -.2415741944878421E-02   4   2 0  2 0  0 0  0
    30  -.1661633874812969E-02   4   1 1  2 0  0 0  0
    31  -.8736774494192068E-04   4   0 2  2 0  0 0  0
    32  -.2585831120121140E-01   4   0 1  3 0  0 0  0
    33  -.1207870972439210E-02   4   0 0  4 0  0 0  0
    34  0.2585831120121140E-01   4   3 0  0 1  0 0  0
    35  0.6087085405278153E-03   4   2 1  0 1  0 0  0
    36  0.1418280288115466E-02   4   1 2  0 1  0 0  0
    37  -.1661633874812961E-02   4   2 0  1 1  0 0  0
    38  -.3290441411181118E-04   4   1 1  1 1  0 0  0
    39  -.1031413532040530E-03   4   0 2  1 1  0 0  0
    40  0.2585831120121141E-01   4   1 0  2 1  0 0  0
    41  -.6087085405278135E-03   4   0 1  2 1  0 0  0
    42  -.1661633874812965E-02   4   0 0  3 1  0 0  0
    43  -.8736774494192053E-04   4   2 0  0 2  0 0  0
    44  -.1031413532040530E-03   4   1 1  0 2  0 0  0
    45  -.1939448795522289E-01   4   0 2  0 2  0 0  0
    46  0.6087085405278182E-03   4   1 0  1 2  0 0  0
    47  -.1418280288115466E-02   4   0 1  1 2  0 0  0
    48  -.1038199519978244E-03   4   0 0  2 2  0 0  0
    49  0.1418280288115466E-02   4   1 0  0 3  0 0  0
    50  -.1031413532040530E-03   4   0 0  1 3  0 0  0
    51  -.9697243977611444E-02   4   0 0  0 4  0 0  0
    52  -.4030710710695313E-04   4   2 0  0 0  0 2  0
    53  -.1728321804529773E-03   4   1 1  0 0  0 2  0
    54  -.2391888469117808E-01   4   0 2  0 0  0 2  0
    55  -.1737507927690488E-02   4   0 1  1 0  0 2  0
    56  -.4030710710695313E-04   4   0 0  2 0  0 2  0
    57  0.1737507927690488E-02   4   1 0  0 1  0 2  0
    58  -.1728321804529773E-03   4   0 0  1 1  0 2  0
    59  -.2391888469117808E-01   4   0 0  0 2  0 2  0
    60  -.3542567864577317E-02   4   0 0  0 0  0 4  0
    61  0.1823435369135409E-02   5   4 0  0 0  0 1  0
    62  0.3640957893699350E-02   5   3 1  0 0  0 1  0
    63  0.2984199068930378E-03   5   2 2  0 0  0 1  0
    64  0.3665540080653055E-03   5   1 3  0 0  0 1  0
    65  0.2788271153312926E-01   5   0 4  0 0  0 1  0
    66  0.3899449506336046E-01   5   2 1  1 0  0 1  0
    67  0.1337879507051174E-02   5   1 2  1 0  0 1  0
    68  0.4070606657701903E-02   5   0 3  1 0  0 1  0
    69  0.3646870738270817E-02   5   2 0  2 0  0 1  0
    70  0.3640957893699358E-02   5   1 1  2 0  0 1  0
    71  0.2507344918523760E-03   5   0 2  2 0  0 1  0
    72  0.3899449506336050E-01   5   0 1  3 0  0 1  0
    73  0.1823435369135409E-02   5   0 0  4 0  0 1  0
    74  -.3899449506336049E-01   5   3 0  0 1  0 1  0
    75  -.1337879507051174E-02   5   2 1  0 1  0 1  0
    76  -.4070606657701904E-02   5   1 2  0 1  0 1  0
    77  0.3640957893699341E-02   5   2 0  1 1  0 1  0
    78  0.9537083008132788E-04   5   1 1  1 1  0 1  0
    79  0.3665540080653054E-03   5   0 2  1 1  0 1  0
    80  -.3899449506336052E-01   5   1 0  2 1  0 1  0
    81  0.1337879507051176E-02   5   0 1  2 1  0 1  0
    82  0.3640957893699350E-02   5   0 0  3 1  0 1  0
    83  0.2507344918523772E-03   5   2 0  0 2  0 1  0
    84  0.3665540080653055E-03   5   1 1  0 2  0 1  0
    85  0.5576542306625852E-01   5   0 2  0 2  0 1  0
    86  -.1337879507051173E-02   5   1 0  1 2  0 1  0
    87  0.4070606657701903E-02   5   0 1  1 2  0 1  0
    88  0.2984199068930378E-03   5   0 0  2 2  0 1  0
    89  -.4070606657701903E-02   5   1 0  0 3  0 1  0
    90  0.3665540080653055E-03   5   0 0  1 3  0 1  0
    91  0.2788271153312926E-01   5   0 0  0 4  0 1  0
    92  0.4608375276919891E-04   5   2 0  0 0  0 3  0
    93  0.2327943599697727E-03   5   1 1  0 0  0 3  0
    94  0.2739147245945276E-01   5   0 2  0 0  0 3  0
    95  0.1984933182268537E-02   5   0 1  1 0  0 3  0
    96  0.4608375276919891E-04   5   0 0  2 0  0 3  0
    97  -.1984933182268537E-02   5   1 0  0 1  0 3  0
    98  0.2327943599697727E-03   5   0 0  1 1  0 3  0
    99  0.2739147245945276E-01   5   0 0  0 2  0 3  0
   100  0.3319893953354093E-02   5   0 0  0 0  0 5  0
   --------------------------------------------------
     I  COEFFICIENT            ORDER EXPONENTS
     1  1.0000000000000000       1   0 0  0 0  0 1  0
     ------------------------------------------------
     ALL COMPONENTS ZERO 
     ------------------- 
     ALL COMPONENTS ZERO 
     ------------------- 
