 L    0.3793416666666667E-01
 P (  0.0000000000000000E+00,  0.0000000000000000E+00,  0.0000000000000000E+00)
 A (  0.0000000000000000E+00,  0.0000000000000000E+00,  0.0000000000000000E+00)
     I  COEFFICIENT            ORDER EXPONENTS
     1   1.000000115835957       1   1 0  0 0  0 0  0
     2  0.7520171051550810E-01   1   0 1  0 0  0 0  0
     3  0.1463068017086646E-03   1   0 0  1 0  0 0  0
     4  0.8685232181251910E-02   1   0 0  0 1  0 0  0
     5  -.1573531213857346E-06   2   1 0  0 0  0 1  0
     6  -.5035190496663701E-01   2   0 1  0 0  0 1  0
     7  -.9884467558124107E-04   2   0 0  1 0  0 1  0
     8  -.1178769532890182E-01   2   0 0  0 1  0 1  0
     9  -.7457322490317081E-06   3   3 0  0 0  0 0  0
    10  0.5785423783376765E-05   3   2 1  0 0  0 0  0
    11  0.1704502049229378E-04   3   1 2  0 0  0 0  0
    12  0.3693615567648344E-01   3   0 3  0 0  0 0  0
    13  -.3081002062664853E-03   3   2 0  1 0  0 0  0
    14  -.1556076780228760E-04   3   1 1  1 0  0 0  0
    15  0.2159419839691253E-03   3   0 2  1 0  0 0  0
    16  -.7457322490254231E-06   3   1 0  2 0  0 0  0
    17  0.8444962139437619E-05   3   0 1  2 0  0 0  0
    18  -.3081002062665464E-03   3   0 0  3 0  0 0  0
    19  -.4487064428039832E-04   3   2 0  0 1  0 0  0
    20  -.1430471808410588E-03   3   1 1  0 1  0 0  0
    21  0.8646974551416265E-02   3   0 2  0 1  0 0  0
    22  -.2659538356043973E-05   3   1 0  1 1  0 0  0
    23  0.3345956604910049E-04   3   0 1  1 1  0 0  0
    24  -.6043141208268572E-04   3   0 0  2 1  0 0  0
    25  -.1641454555680609E-04   3   1 0  0 2  0 0  0
    26  0.3693615567648344E-01   3   0 1  0 2  0 0  0
    27  0.7289480312806661E-04   3   0 0  1 2  0 0  0
    28  0.8646974551416267E-02   3   0 0  0 3  0 0  0
    29  0.1718233625229154E-06   3   1 0  0 0  0 2  0
    30  0.3714125330001797E-01   3   0 1  0 0  0 2  0
    31  0.7382670708804038E-04   3   0 0  1 0  0 2  0
    32  0.1285745674996931E-01   3   0 0  0 1  0 2  0
    33  0.1012854236434816E-05   4   3 0  0 0  0 1  0
    34  -.1180084867780604E-04   4   2 1  0 0  0 1  0
    35  -.4616783623205833E-04   4   1 2  0 0  0 1  0
    36  -.7417367431451614E-01   4   0 3  0 0  0 1  0
    37  0.2081438898584247E-03   4   2 0  1 0  0 1  0
    38  0.2074447269960542E-04   4   1 1  1 0  0 1  0
    39  -.4358900795166312E-03   4   0 2  1 0  0 1  0
    40  0.1012854236418618E-05   4   1 0  2 0  0 1  0
    41  -.1719203078419869E-04   4   0 1  2 0  0 1  0
    42  0.2081438898587095E-03   4   0 0  3 0  0 1  0
    43  0.6056356679474251E-04   4   2 0  0 1  0 1  0
    44  0.2864080025576487E-03   4   1 1  0 1  0 1  0
    45  -.2347128399947712E-01   4   0 2  0 1  0 1  0
    46  0.5391182106364039E-05   4   1 0  1 1  0 1  0
    47  -.9062145046254981E-04   4   0 1  1 1  0 1  0
    48  0.8130803949435508E-04   4   0 0  2 1  0 1  0
    49  0.4445361423048995E-04   4   1 0  0 2  0 1  0
    50  -.7417367431451619E-01   4   0 1  0 2  0 1  0
    51  -.1494820769589824E-03   4   0 0  1 2  0 1  0
    52  -.2347128399947713E-01   4   0 0  0 3  0 1  0
    53  -.1764513156208104E-06   4   1 0  0 0  0 3  0
    54  -.2944731455309967E-01   4   0 1  0 0  0 3  0
    55  -.5939476399247590E-04   4   0 0  1 0  0 3  0
    56  -.1318721415191510E-01   4   0 0  0 1  0 3  0
    57  -.7162781242668802E-05   5   5 0  0 0  0 0  0
    58  -.2325560527252446E-04   5   4 1  0 0  0 0  0
    59  -.3757871349876676E-04   5   3 2  0 0  0 0  0
    60  0.6049101557534822E-05   5   2 3  0 0  0 0  0
    61  0.3369171284846641E-04   5   1 4  0 0  0 0  0
    62  0.2720551104398701E-01   5   0 5  0 0  0 0  0
    63  -.3804642343894068E-03   5   4 0  1 0  0 0  0
    64  -.4281052342819284E-04   5   3 1  1 0  0 0  0
    65  -.4577749549745555E-03   5   2 2  1 0  0 0  0
    66  -.3040418328261205E-04   5   1 3  1 0  0 0  0
    67  0.2655577336391855E-03   5   0 4  1 0  0 0  0
    68  -.1432556248589491E-04   5   3 0  2 0  0 0  0
    69  -.4140546530797091E-04   5   2 1  2 0  0 0  0
    70  -.3720819331389532E-04   5   1 2  2 0  0 0  0
    71  0.1439687944764360E-04   5   0 3  2 0  0 0  0
    72  -.7609284687790169E-03   5   2 0  3 0  0 0  0
    73  -.4281052342808706E-04   5   1 1  3 0  0 0  0
    74  -.4561771827356150E-03   5   0 2  3 0  0 0  0
    75  -.7162781242830897E-05   5   1 0  4 0  0 0  0
    76  -.1814986003536471E-04   5   0 1  4 0  0 0  0
    77  -.3804642343894481E-03   5   0 0  5 0  0 0  0
    78  0.1249335341171893E-03   5   4 0  0 1  0 0  0
    79  0.2983170100069489E-03   5   3 1  0 1  0 0  0
    80  -.3010763229044487E-04   5   2 2  0 1  0 0  0
    81  -.2098375644977822E-03   5   1 3  0 1  0 0  0
    82  0.8608796001744910E-02   5   0 4  0 1  0 0  0
    83  -.5105745237075181E-05   5   3 0  1 1  0 0  0
    84  -.7067936854448674E-04   5   2 1  1 1  0 0  0
    85  -.1346007944545269E-04   5   1 2  1 1  0 0  0
    86  0.6641237745620057E-04   5   0 3  1 1  0 0  0
    87  0.2070565448062470E-03   5   2 0  2 1  0 0  0
    88  0.2951214655285720E-03   5   1 1  2 1  0 0  0
    89  -.7501970042922067E-04   5   0 2  2 1  0 0  0
    90  -.5105745237051745E-05   5   1 0  3 1  0 0  0
    91  -.6993832817494156E-04   5   0 1  3 1  0 0  0
    92  0.8212301068880839E-04   5   0 0  4 1  0 0  0
    93  0.3273013486094572E-04   5   3 0  0 2  0 0  0
    94  0.1116140311313685E-04   5   2 1  0 2  0 0  0
    95  0.9710482407338932E-06   5   1 2  0 2  0 0  0
    96  0.5441102208797405E-01   5   0 3  0 2  0 0  0
    97  -.1578601727289503E-03   5   2 0  1 2  0 0  0
    98  -.1388413570341051E-05   5   1 1  1 2  0 0  0
    99  0.3212779027806051E-03   5   0 2  1 2  0 0  0
   100  0.3235961467617249E-04   5   1 0  2 2  0 0  0
   101  0.9284577892261565E-05   5   0 1  2 2  0 0  0
   102  -.1594579449679700E-03   5   0 0  3 2  0 0  0
   103  -.4461551714660008E-04   5   2 0  0 3  0 0  0
   104  -.2098375644977913E-03   5   1 1  0 3  0 0  0
   105  0.1721759200348985E-01   5   0 2  0 3  0 0  0
   106  -.3235476334587194E-05   5   1 0  1 3  0 0  0
   107  0.6641237745618543E-04   5   0 1  1 3  0 0  0
   108  -.6051181557309095E-04   5   0 0  2 3  0 0  0
   109  -.3272066460773715E-04   5   1 0  0 4  0 0  0
   110  0.2720551104398703E-01   5   0 1  0 4  0 0  0
   111  0.5572016914146345E-04   5   0 0  1 4  0 0  0
   112  0.8608796001744943E-02   5   0 0  0 5  0 0  0
   113  -.1105781384423765E-05   5   3 0  0 0  0 2  0
   114  0.1691463403337598E-04   5   2 1  0 0  0 2  0
   115  0.8148404440673978E-04   5   1 2  0 0  0 2  0
   116  0.1043308235577624       5   0 3  0 0  0 2  0
   117  -.1554534794311210E-03   5   2 0  1 0  0 2  0
   118  -.2211887155666924E-04   5   1 1  1 0  0 2  0
   119  0.6170012335485140E-03   5   0 2  1 0  0 2  0
   120  -.1105781384493503E-05   5   1 0  2 0  0 2  0
   121  0.2458496957482772E-04   5   0 1  2 0  0 2  0
   122  -.1554534794315229E-03   5   0 0  3 0  0 2  0
   123  -.6560099193249328E-04   5   2 0  0 1  0 2  0
   124  -.4014070435514298E-03   5   1 1  0 1  0 2  0
   125  0.4152838610226352E-01   5   0 2  0 1  0 2  0
   126  -.7670335541411416E-05   5   1 0  1 1  0 2  0
   127  0.1599292010122973E-03   5   0 1  1 1  0 2  0
   128  -.8771986348918312E-04   5   0 0  2 1  0 2  0
   129  -.7844515660555483E-04   5   1 0  0 2  0 2  0
   130  0.1043308235577624       5   0 1  0 2  0 2  0
   131  0.2155941899970834E-03   5   0 0  1 2  0 2  0
   132  0.4152838610226350E-01   5   0 0  0 3  0 2  0
   133  0.1774986053914295E-06   5   1 0  0 0  0 4  0
   134  0.2453499167738169E-01   5   0 1  0 0  0 4  0
   135  0.5027469123620222E-04   5   0 0  1 0  0 4  0
   136  0.1324767987822680E-01   5   0 0  0 1  0 4  0
   --------------------------------------------------
     I  COEFFICIENT            ORDER EXPONENTS
     1  0.4462310260269189E-03   1   1 0  0 0  0 0  0
     2   1.000000115835957       1   0 1  0 0  0 0  0
     3  0.3839513958734228E-02   1   0 0  1 0  0 0  0
     4  0.1463068017086844E-03   1   0 0  0 1  0 0  0
     5  -.3014583741956016E-03   2   1 0  0 0  0 1  0
     6  -.1573531213522328E-06   2   0 1  0 0  0 1  0
     7  0.4675017619228149E-04   2   0 0  1 0  0 1  0
     8  -.9884467558127219E-04   2   0 0  0 1  0 1  0
     9  -.9545722736718783E-03   3   3 0  0 0  0 0  0
    10  -.7244306869246655E-04   3   2 1  0 0  0 0  0
    11  0.2201252999412016E-03   3   1 2  0 0  0 0  0
    12  0.1465607502311016E-06   3   0 3  0 0  0 0  0
    13  -.8083785124940030E-02   3   2 0  1 0  0 0  0
    14  -.5979299297120161E-03   3   1 1  1 0  0 0  0
    15  -.4968094631872509E-04   3   0 2  1 0  0 0  0
    16  -.9545722736720148E-03   3   1 0  2 0  0 0  0
    17  0.6917186232620833E-04   3   0 1  2 0  0 0  0
    18  -.8083785124940046E-02   3   0 0  3 0  0 0  0
    19  -.3189759221022995E-03   3   2 0  0 1  0 0  0
    20  -.2550272265832419E-04   3   1 1  0 1  0 0  0
    21  0.7380194800371206E-04   3   0 2  0 1  0 0  0
    22  -.1416149310186825E-03   3   1 0  1 1  0 0  0
    23  -.4496131165745006E-03   3   0 1  1 1  0 0  0
    24  -.9169058518143211E-03   3   0 0  2 1  0 0  0
    25  0.6697384165157018E-03   3   1 0  0 2  0 0  0
    26  0.1465607502304511E-06   3   0 1  0 2  0 0  0
    27  -.7518366897704976E-04   3   0 0  1 2  0 0  0
    28  0.7380194800371553E-04   3   0 0  0 3  0 0  0
    29  0.2251429869262139E-03   3   1 0  0 0  0 2  0
    30  0.1718233625033760E-06   3   0 1  0 0  0 2  0
    31  -.5110524844500640E-04   3   0 0  1 0  0 2  0
    32  0.7382670708802608E-04   3   0 0  0 1  0 2  0
    33  0.6447839464104402E-03   4   3 0  0 0  0 1  0
    34  0.9713363007507587E-04   4   2 1  0 0  0 1  0
    35  -.4461002834483495E-03   4   1 2  0 0  0 1  0
    36  -.3982475727040691E-06   4   0 3  0 0  0 1  0
    37  -.1009131496404172E-03   4   2 0  1 0  0 1  0
    38  0.3792227278039323E-03   4   1 1  1 0  0 1  0
    39  0.1140411898835224E-03   4   0 2  1 0  0 1  0
    40  0.6447839464105069E-03   4   1 0  2 0  0 1  0
    41  -.9269084934678516E-04   4   0 1  2 0  0 1  0
    42  -.1009131496404070E-03   4   0 0  3 0  0 1  0
    43  0.2302249766756766E-03   4   2 0  0 1  0 1  0
    44  0.1285688386350798E-03   4   1 1  0 1  0 1  0
    45  -.1486933816816673E-03   4   0 2  0 1  0 1  0
    46  0.1898244794218620E-03   4   1 0  1 1  0 1  0
    47  0.9112702304767673E-03   4   0 1  1 1  0 1  0
    48  0.6094477044796207E-03   4   0 0  2 1  0 1  0
    49  -.1357370513925117E-02   4   1 0  0 2  0 1  0
    50  -.3982475726589663E-06   4   0 1  0 2  0 1  0
    51  0.2426100285186035E-03   4   0 0  1 2  0 1  0
    52  -.1486933816817956E-03   4   0 0  0 3  0 1  0
    53  -.1811170607287207E-03   4   1 0  0 0  0 3  0
    54  -.1764513156005121E-06   4   0 1  0 0  0 3  0
    55  0.5254681959811100E-04   4   0 0  1 0  0 3  0
    56  -.5939476399248467E-04   4   0 0  0 1  0 3  0
    57  -.1329705578080956E-02   5   5 0  0 0  0 0  0
    58  -.2068024931630009E-03   5   4 1  0 0  0 0  0
    59  -.4855217687364167E-03   5   3 2  0 0  0 0  0
    60  -.7152545836807828E-04   5   2 3  0 0  0 0  0
    61  0.1628708345332894E-03   5   1 4  0 0  0 0  0
    62  0.1772759661328887E-06   5   0 5  0 0  0 0  0
    63  -.9964458500956419E-02   5   4 0  1 0  0 0  0
    64  -.1483124924676532E-02   5   3 1  1 0  0 0  0
    65  -.3128893579651360E-04   5   2 2  1 0  0 0  0
    66  -.2819718212081155E-03   5   1 3  1 0  0 0  0
    67  -.4950777605928709E-04   5   0 4  1 0  0 0  0
    68  -.2659411156161290E-02   5   3 0  2 0  0 0  0
    69  -.4024665140139827E-04   5   2 1  2 0  0 0  0
    70  -.4605457419831108E-03   5   1 2  2 0  0 0  0
    71  0.6836646560878486E-04   5   0 3  2 0  0 0  0
    72  -.1992891700191336E-01   5   2 0  3 0  0 0  0
    73  -.1483124924676553E-02   5   1 1  3 0  0 0  0
    74  0.3699604559563583E-04   5   0 2  3 0  0 0  0
    75  -.1329705578080653E-02   5   1 0  4 0  0 0  0
    76  0.1665558417617060E-03   5   0 1  4 0  0 0  0
    77  -.9964458500956638E-02   5   0 0  5 0  0 0  0
    78  -.3923749035990462E-03   5   4 0  0 1  0 0  0
    79  -.4682126804177973E-03   5   3 1  0 1  0 0  0
    80  -.2237120162484805E-03   5   2 2  0 1  0 0  0
    81  -.9696594506201659E-04   5   1 3  0 1  0 0  0
    82  0.5512886004269005E-04   5   0 4  0 1  0 0  0
    83  -.3733583349245428E-03   5   3 0  1 1  0 0  0
    84  0.1004459537887116E-02   5   2 1  1 1  0 0  0
    85  -.5844313390327133E-04   5   1 2  1 1  0 0  0
    86  -.6665029797305778E-03   5   0 3  1 1  0 0  0
    87  -.2267874731875094E-02   5   2 0  2 1  0 0  0
    88  -.6047826432024285E-03   5   1 1  2 1  0 0  0
    89  -.4837282810522695E-03   5   0 2  2 1  0 0  0
    90  -.3733583349245342E-03   5   1 0  3 1  0 0  0
    91  0.1054411591393581E-02   5   0 1  3 1  0 0  0
    92  -.1875499828275718E-02   5   0 0  4 1  0 0  0
    93  -.1514957333376652E-02   5   3 0  0 2  0 0  0
    94  -.1529742484416481E-03   5   2 1  0 2  0 0  0
    95  0.9922446487971781E-03   5   1 2  0 2  0 0  0
    96  0.3545519322925572E-06   5   0 3  0 2  0 0  0
    97  -.4312166348221526E-03   5   2 0  1 2  0 0  0
    98  -.3258829340167909E-03   5   1 1  1 2  0 0  0
    99  -.1959814971805942E-03   5   0 2  1 2  0 0  0
   100  -.1539933360130017E-02   5   1 0  2 2  0 0  0
   101  0.1498152556823452E-03   5   0 1  2 2  0 0  0
   102  -.4995016162143748E-03   5   0 0  3 2  0 0  0
   103  -.2017564598441477E-03   5   2 0  0 3  0 0  0
   104  -.9696594506201017E-04   5   1 1  0 3  0 0  0
   105  0.1102577200853619E-03   5   0 2  0 3  0 0  0
   106  -.2213407140504388E-03   5   1 0  1 3  0 0  0
   107  -.6665029797305573E-03   5   0 1  1 3  0 0  0
   108  -.5056838374565236E-03   5   0 0  2 3  0 0  0
   109  0.8293738142638801E-03   5   1 0  0 4  0 0  0
   110  0.1772759661566869E-06   5   0 1  0 4  0 0  0
   111  -.1464737211212799E-03   5   0 0  1 4  0 0  0
   112  0.5512886004267747E-04   5   0 0  0 5  0 0  0
   113  -.4814595320937481E-03   5   3 0  0 0  0 2  0
   114  -.1043387739115404E-03   5   2 1  0 0  0 2  0
   115  0.6344741122492361E-03   5   1 2  0 0  0 2  0
   116  0.7054989334120965E-06   5   0 3  0 0  0 2  0
   117  0.1103087447064208E-03   5   2 0  1 0  0 2  0
   118  -.2581233255645619E-03   5   1 1  1 0  0 2  0
   119  -.1878798840964977E-03   5   0 2  1 0  0 2  0
   120  -.4814595320938187E-03   5   1 0  2 0  0 2  0
   121  0.9948861670921533E-04   5   0 1  2 0  0 2  0
   122  0.1103087447064155E-03   5   0 0  3 0  0 2  0
   123  -.1869289236547087E-03   5   2 0  0 1  0 2  0
   124  -.2682079795194893E-03   5   1 1  0 1  0 2  0
   125  0.2099871866075376E-03   5   0 2  0 1  0 2  0
   126  -.2038273906207506E-03   5   1 0  1 1  0 2  0
   127  -.1296234848650725E-02   5   0 1  1 1  0 2  0
   128  -.4450522492192916E-03   5   0 0  2 1  0 2  0
   129  0.1930708960899960E-02   5   1 0  0 2  0 2  0
   130  0.7054989335092410E-06   5   0 1  0 2  0 2  0
   131  -.4560878636159876E-03   5   0 0  1 2  0 2  0
   132  0.2099871866074058E-03   5   0 0  0 3  0 2  0
   133  0.1532938134678669E-03   5   1 0  0 0  0 4  0
   134  0.1774986053797167E-06   5   0 1  0 0  0 4  0
   135  -.5292883150134718E-04   5   0 0  1 0  0 4  0
   136  0.5027469123621009E-04   5   0 0  0 1  0 4  0
   --------------------------------------------------
     I  COEFFICIENT            ORDER EXPONENTS
     1  -.1463068017086646E-03   1   1 0  0 0  0 0  0
     2  -.8685232181251912E-02   1   0 1  0 0  0 0  0
     3   1.000000115835957       1   0 0  1 0  0 0  0
     4  0.7520171051550811E-01   1   0 0  0 1  0 0  0
     5  0.9884467558124110E-04   2   1 0  0 0  0 1  0
     6  0.1178769532890182E-01   2   0 1  0 0  0 1  0
     7  -.1573531213857338E-06   2   0 0  1 0  0 1  0
     8  -.5035190496663702E-01   2   0 0  0 1  0 1  0
     9  0.3081002062665463E-03   3   3 0  0 0  0 0  0
    10  0.6043141208268574E-04   3   2 1  0 0  0 0  0
    11  -.7289480312806664E-04   3   1 2  0 0  0 0  0
    12  -.8646974551416270E-02   3   0 3  0 0  0 0  0
    13  -.7457322490254323E-06   3   2 0  1 0  0 0  0
    14  -.2659538356043973E-05   3   1 1  1 0  0 0  0
    15  -.1641454555680611E-04   3   0 2  1 0  0 0  0
    16  0.3081002062664852E-03   3   1 0  2 0  0 0  0
    17  0.4487064428039831E-04   3   0 1  2 0  0 0  0
    18  -.7457322490316799E-06   3   0 0  3 0  0 0  0
    19  0.8444962139437624E-05   3   2 0  0 1  0 0  0
    20  0.3345956604910052E-04   3   1 1  0 1  0 0  0
    21  0.3693615567648346E-01   3   0 2  0 1  0 0  0
    22  0.1556076780228759E-04   3   1 0  1 1  0 0  0
    23  0.1430471808410588E-03   3   0 1  1 1  0 0  0
    24  0.5785423783376771E-05   3   0 0  2 1  0 0  0
    25  -.2159419839691254E-03   3   1 0  0 2  0 0  0
    26  -.8646974551416269E-02   3   0 1  0 2  0 0  0
    27  0.1704502049229379E-04   3   0 0  1 2  0 0  0
    28  0.3693615567648345E-01   3   0 0  0 3  0 0  0
    29  -.7382670708804036E-04   3   1 0  0 0  0 2  0
    30  -.1285745674996931E-01   3   0 1  0 0  0 2  0
    31  0.1718233625229171E-06   3   0 0  1 0  0 2  0
    32  0.3714125330001797E-01   3   0 0  0 1  0 2  0
    33  -.2081438898587095E-03   4   3 0  0 0  0 1  0
    34  -.8130803949435512E-04   4   2 1  0 0  0 1  0
    35  0.1494820769589824E-03   4   1 2  0 0  0 1  0
    36  0.2347128399947714E-01   4   0 3  0 0  0 1  0
    37  0.1012854236418623E-05   4   2 0  1 0  0 1  0
    38  0.5391182106364036E-05   4   1 1  1 0  0 1  0
    39  0.4445361423049003E-04   4   0 2  1 0  0 1  0
    40  -.2081438898584247E-03   4   1 0  2 0  0 1  0
    41  -.6056356679474253E-04   4   0 1  2 0  0 1  0
    42  0.1012854236434783E-05   4   0 0  3 0  0 1  0
    43  -.1719203078419871E-04   4   2 0  0 1  0 1  0
    44  -.9062145046254975E-04   4   1 1  0 1  0 1  0
    45  -.7417367431451616E-01   4   0 2  0 1  0 1  0
    46  -.2074447269960543E-04   4   1 0  1 1  0 1  0
    47  -.2864080025576488E-03   4   0 1  1 1  0 1  0
    48  -.1180084867780606E-04   4   0 0  2 1  0 1  0
    49  0.4358900795166313E-03   4   1 0  0 2  0 1  0
    50  0.2347128399947712E-01   4   0 1  0 2  0 1  0
    51  -.4616783623205832E-04   4   0 0  1 2  0 1  0
    52  -.7417367431451620E-01   4   0 0  0 3  0 1  0
    53  0.5939476399247592E-04   4   1 0  0 0  0 3  0
    54  0.1318721415191510E-01   4   0 1  0 0  0 3  0
    55  -.1764513156208133E-06   4   0 0  1 0  0 3  0
    56  -.2944731455309968E-01   4   0 0  0 1  0 3  0
    57  0.3804642343894480E-03   5   5 0  0 0  0 0  0
    58  -.8212301068880858E-04   5   4 1  0 0  0 0  0
    59  0.1594579449679698E-03   5   3 2  0 0  0 0  0
    60  0.6051181557309098E-04   5   2 3  0 0  0 0  0
    61  -.5572016914146345E-04   5   1 4  0 0  0 0  0
    62  -.8608796001744948E-02   5   0 5  0 0  0 0  0
    63  -.7162781242830921E-05   5   4 0  1 0  0 0  0
    64  -.5105745237051745E-05   5   3 1  1 0  0 0  0
    65  0.3235961467617252E-04   5   2 2  1 0  0 0  0
    66  -.3235476334587195E-05   5   1 3  1 0  0 0  0
    67  -.3272066460773718E-04   5   0 4  1 0  0 0  0
    68  0.7609284687790171E-03   5   3 0  2 0  0 0  0
    69  -.2070565448062470E-03   5   2 1  2 0  0 0  0
    70  0.1578601727289503E-03   5   1 2  2 0  0 0  0
    71  0.4461551714660008E-04   5   0 3  2 0  0 0  0
    72  -.1432556248589493E-04   5   2 0  3 0  0 0  0
    73  -.5105745237075176E-05   5   1 1  3 0  0 0  0
    74  0.3273013486094578E-04   5   0 2  3 0  0 0  0
    75  0.3804642343894069E-03   5   1 0  4 0  0 0  0
    76  -.1249335341171893E-03   5   0 1  4 0  0 0  0
    77  -.7162781242668820E-05   5   0 0  5 0  0 0  0
    78  -.1814986003536472E-04   5   4 0  0 1  0 0  0
    79  -.6993832817494163E-04   5   3 1  0 1  0 0  0
    80  0.9284577892261555E-05   5   2 2  0 1  0 0  0
    81  0.6641237745618549E-04   5   1 3  0 1  0 0  0
    82  0.2720551104398703E-01   5   0 4  0 1  0 0  0
    83  0.4281052342808705E-04   5   3 0  1 1  0 0  0
    84  -.2951214655285723E-03   5   2 1  1 1  0 0  0
    85  0.1388413570341041E-05   5   1 2  1 1  0 0  0
    86  0.2098375644977912E-03   5   0 3  1 1  0 0  0
    87  -.4140546530797091E-04   5   2 0  2 1  0 0  0
    88  -.7067936854448676E-04   5   1 1  2 1  0 0  0
    89  0.1116140311313685E-04   5   0 2  2 1  0 0  0
    90  0.4281052342819282E-04   5   1 0  3 1  0 0  0
    91  -.2983170100069492E-03   5   0 1  3 1  0 0  0
    92  -.2325560527252448E-04   5   0 0  4 1  0 0  0
    93  0.4561771827356149E-03   5   3 0  0 2  0 0  0
    94  0.7501970042922064E-04   5   2 1  0 2  0 0  0
    95  -.3212779027806052E-03   5   1 2  0 2  0 0  0
    96  -.1721759200348987E-01   5   0 3  0 2  0 0  0
    97  -.3720819331389536E-04   5   2 0  1 2  0 0  0
    98  -.1346007944545269E-04   5   1 1  1 2  0 0  0
    99  0.9710482407338238E-06   5   0 2  1 2  0 0  0
   100  0.4577749549745555E-03   5   1 0  2 2  0 0  0
   101  0.3010763229044483E-04   5   0 1  2 2  0 0  0
   102  -.3757871349876672E-04   5   0 0  3 2  0 0  0
   103  0.1439687944764361E-04   5   2 0  0 3  0 0  0
   104  0.6641237745620059E-04   5   1 1  0 3  0 0  0
   105  0.5441102208797405E-01   5   0 2  0 3  0 0  0
   106  0.3040418328261203E-04   5   1 0  1 3  0 0  0
   107  0.2098375644977823E-03   5   0 1  1 3  0 0  0
   108  0.6049101557534829E-05   5   0 0  2 3  0 0  0
   109  -.2655577336391856E-03   5   1 0  0 4  0 0  0
   110  -.8608796001744915E-02   5   0 1  0 4  0 0  0
   111  0.3369171284846642E-04   5   0 0  1 4  0 0  0
   112  0.2720551104398702E-01   5   0 0  0 5  0 0  0
   113  0.1554534794315228E-03   5   3 0  0 0  0 2  0
   114  0.8771986348918314E-04   5   2 1  0 0  0 2  0
   115  -.2155941899970835E-03   5   1 2  0 0  0 2  0
   116  -.4152838610226351E-01   5   0 3  0 0  0 2  0
   117  -.1105781384493498E-05   5   2 0  1 0  0 2  0
   118  -.7670335541411416E-05   5   1 1  1 0  0 2  0
   119  -.7844515660555499E-04   5   0 2  1 0  0 2  0
   120  0.1554534794311210E-03   5   1 0  2 0  0 2  0
   121  0.6560099193249328E-04   5   0 1  2 0  0 2  0
   122  -.1105781384423738E-05   5   0 0  3 0  0 2  0
   123  0.2458496957482771E-04   5   2 0  0 1  0 2  0
   124  0.1599292010122973E-03   5   1 1  0 1  0 2  0
   125  0.1043308235577624       5   0 2  0 1  0 2  0
   126  0.2211887155666924E-04   5   1 0  1 1  0 2  0
   127  0.4014070435514299E-03   5   0 1  1 1  0 2  0
   128  0.1691463403337597E-04   5   0 0  2 1  0 2  0
   129  -.6170012335485140E-03   5   1 0  0 2  0 2  0
   130  -.4152838610226352E-01   5   0 1  0 2  0 2  0
   131  0.8148404440673985E-04   5   0 0  1 2  0 2  0
   132  0.1043308235577625       5   0 0  0 3  0 2  0
   133  -.5027469123620224E-04   5   1 0  0 0  0 4  0
   134  -.1324767987822680E-01   5   0 1  0 0  0 4  0
   135  0.1774986053914376E-06   5   0 0  1 0  0 4  0
   136  0.2453499167738168E-01   5   0 0  0 1  0 4  0
   --------------------------------------------------
     I  COEFFICIENT            ORDER EXPONENTS
     1  -.3839513958734228E-02   1   1 0  0 0  0 0  0
     2  -.1463068017086844E-03   1   0 1  0 0  0 0  0
     3  0.4462310260269190E-03   1   0 0  1 0  0 0  0
     4   1.000000115835957       1   0 0  0 1  0 0  0
     5  -.4675017619228145E-04   2   1 0  0 0  0 1  0
     6  0.9884467558124096E-04   2   0 1  0 0  0 1  0
     7  -.3014583741956018E-03   2   0 0  1 0  0 1  0
     8  -.1573531213661106E-06   2   0 0  0 1  0 1  0
     9  0.8083785124940044E-02   3   3 0  0 0  0 0  0
    10  0.9169058518143210E-03   3   2 1  0 0  0 0  0
    11  0.7518366897704972E-04   3   1 2  0 0  0 0  0
    12  -.7380194800374909E-04   3   0 3  0 0  0 0  0
    13  -.9545722736720155E-03   3   2 0  1 0  0 0  0
    14  -.1416149310186825E-03   3   1 1  1 0  0 0  0
    15  0.6697384165157015E-03   3   0 2  1 0  0 0  0
    16  0.8083785124940027E-02   3   1 0  2 0  0 0  0
    17  0.3189759221022992E-03   3   0 1  2 0  0 0  0
    18  -.9545722736718777E-03   3   0 0  3 0  0 0  0
    19  0.6917186232620842E-04   3   2 0  0 1  0 0  0
    20  -.4496131165745006E-03   3   1 1  0 1  0 0  0
    21  0.1465607502183081E-06   3   0 2  0 1  0 0  0
    22  0.5979299297120157E-03   3   1 0  1 1  0 0  0
    23  0.2550272265832411E-04   3   0 1  1 1  0 0  0
    24  -.7244306869246648E-04   3   0 0  2 1  0 0  0
    25  0.4968094631872507E-04   3   1 0  0 2  0 0  0
    26  -.7380194800370860E-04   3   0 1  0 2  0 0  0
    27  0.2201252999412016E-03   3   0 0  1 2  0 0  0
    28  0.1465607502235122E-06   3   0 0  0 3  0 0  0
    29  0.5110524844500633E-04   3   1 0  0 0  0 2  0
    30  -.7382670708803996E-04   3   0 1  0 0  0 2  0
    31  0.2251429869262139E-03   3   0 0  1 0  0 2  0
    32  0.1718233625241927E-06   3   0 0  0 1  0 2  0
    33  0.1009131496404071E-03   4   3 0  0 0  0 1  0
    34  -.6094477044796203E-03   4   2 1  0 0  0 1  0
    35  -.2426100285186033E-03   4   1 2  0 0  0 1  0
    36  0.1486933816817896E-03   4   0 3  0 0  0 1  0
    37  0.6447839464105073E-03   4   2 0  1 0  0 1  0
    38  0.1898244794218619E-03   4   1 1  1 0  0 1  0
    39  -.1357370513925117E-02   4   0 2  1 0  0 1  0
    40  0.1009131496404171E-03   4   1 0  2 0  0 1  0
    41  -.2302249766756760E-03   4   0 1  2 0  0 1  0
    42  0.6447839464104405E-03   4   0 0  3 0  0 1  0
    43  -.9269084934678489E-04   4   2 0  0 1  0 1  0
    44  0.9112702304767677E-03   4   1 1  0 1  0 1  0
    45  -.3982475726092014E-06   4   0 2  0 1  0 1  0
    46  -.3792227278039322E-03   4   1 0  1 1  0 1  0
    47  -.1285688386350801E-03   4   0 1  1 1  0 1  0
    48  0.9713363007507567E-04   4   0 0  2 1  0 1  0
    49  -.1140411898835224E-03   4   1 0  0 2  0 1  0
    50  0.1486933816817037E-03   4   0 1  0 2  0 1  0
    51  -.4461002834483495E-03   4   0 0  1 2  0 1  0
    52  -.3982475726577736E-06   4   0 0  0 3  0 1  0
    53  -.5254681959811098E-04   4   1 0  0 0  0 3  0
    54  0.5939476399246038E-04   4   0 1  0 0  0 3  0
    55  -.1811170607287207E-03   4   0 0  1 0  0 3  0
    56  -.1764513156143899E-06   4   0 0  0 1  0 3  0
    57  0.9964458500956635E-02   5   5 0  0 0  0 0  0
    58  0.1875499828275714E-02   5   4 1  0 0  0 0  0
    59  0.4995016162143723E-03   5   3 2  0 0  0 0  0
    60  0.5056838374565233E-03   5   2 3  0 0  0 0  0
    61  0.1464737211212799E-03   5   1 4  0 0  0 0  0
    62  -.5512886004265319E-04   5   0 5  0 0  0 0  0
    63  -.1329705578080652E-02   5   4 0  1 0  0 0  0
    64  -.3733583349245344E-03   5   3 1  1 0  0 0  0
    65  -.1539933360130018E-02   5   2 2  1 0  0 0  0
    66  -.2213407140504389E-03   5   1 3  1 0  0 0  0
    67  0.8293738142638797E-03   5   0 4  1 0  0 0  0
    68  0.1992891700191334E-01   5   3 0  2 0  0 0  0
    69  0.2267874731875095E-02   5   2 1  2 0  0 0  0
    70  0.4312166348221532E-03   5   1 2  2 0  0 0  0
    71  0.2017564598441474E-03   5   0 3  2 0  0 0  0
    72  -.2659411156161290E-02   5   2 0  3 0  0 0  0
    73  -.3733583349245429E-03   5   1 1  3 0  0 0  0
    74  -.1514957333376652E-02   5   0 2  3 0  0 0  0
    75  0.9964458500956426E-02   5   1 0  4 0  0 0  0
    76  0.3923749035990500E-03   5   0 1  4 0  0 0  0
    77  -.1329705578080955E-02   5   0 0  5 0  0 0  0
    78  0.1665558417617059E-03   5   4 0  0 1  0 0  0
    79  0.1054411591393581E-02   5   3 1  0 1  0 0  0
    80  0.1498152556823448E-03   5   2 2  0 1  0 0  0
    81  -.6665029797305576E-03   5   1 3  0 1  0 0  0
    82  0.1772759661350571E-06   5   0 4  0 1  0 0  0
    83  0.1483124924676553E-02   5   3 0  1 1  0 0  0
    84  0.6047826432024284E-03   5   2 1  1 1  0 0  0
    85  0.3258829340167912E-03   5   1 2  1 1  0 0  0
    86  0.9696594506200975E-04   5   0 3  1 1  0 0  0
    87  -.4024665140139889E-04   5   2 0  2 1  0 0  0
    88  0.1004459537887116E-02   5   1 1  2 1  0 0  0
    89  -.1529742484416480E-03   5   0 2  2 1  0 0  0
    90  0.1483124924676532E-02   5   1 0  3 1  0 0  0
    91  0.4682126804177982E-03   5   0 1  3 1  0 0  0
    92  -.2068024931630014E-03   5   0 0  4 1  0 0  0
    93  -.3699604559563578E-04   5   3 0  0 2  0 0  0
    94  0.4837282810522695E-03   5   2 1  0 2  0 0  0
    95  0.1959814971805942E-03   5   1 2  0 2  0 0  0
    96  -.1102577200853684E-03   5   0 3  0 2  0 0  0
    97  -.4605457419831112E-03   5   2 0  1 2  0 0  0
    98  -.5844313390327135E-04   5   1 1  1 2  0 0  0
    99  0.9922446487971789E-03   5   0 2  1 2  0 0  0
   100  0.3128893579651350E-04   5   1 0  2 2  0 0  0
   101  0.2237120162484800E-03   5   0 1  2 2  0 0  0
   102  -.4855217687364162E-03   5   0 0  3 2  0 0  0
   103  0.6836646560878485E-04   5   2 0  0 3  0 0  0
   104  -.6665029797305782E-03   5   1 1  0 3  0 0  0
   105  0.3545519322561280E-06   5   0 2  0 3  0 0  0
   106  0.2819718212081153E-03   5   1 0  1 3  0 0  0
   107  0.9696594506201640E-04   5   0 1  1 3  0 0  0
   108  -.7152545836807832E-04   5   0 0  2 3  0 0  0
   109  0.4950777605928700E-04   5   1 0  0 4  0 0  0
   110  -.5512886004269135E-04   5   0 1  0 4  0 0  0
   111  0.1628708345332895E-03   5   0 0  1 4  0 0  0
   112  0.1772759661358703E-06   5   0 0  0 5  0 0  0
   113  -.1103087447064157E-03   5   3 0  0 0  0 2  0
   114  0.4450522492192915E-03   5   2 1  0 0  0 2  0
   115  0.4560878636159878E-03   5   1 2  0 0  0 2  0
   116  -.2099871866074413E-03   5   0 3  0 0  0 2  0
   117  -.4814595320938189E-03   5   2 0  1 0  0 2  0
   118  -.2038273906207506E-03   5   1 1  1 0  0 2  0
   119  0.1930708960899961E-02   5   0 2  1 0  0 2  0
   120  -.1103087447064206E-03   5   1 0  2 0  0 2  0
   121  0.1869289236547084E-03   5   0 1  2 0  0 2  0
   122  -.4814595320937480E-03   5   0 0  3 0  0 2  0
   123  0.9948861670921512E-04   5   2 0  0 1  0 2  0
   124  -.1296234848650724E-02   5   1 1  0 1  0 2  0
   125  0.7054989335562954E-06   5   0 2  0 1  0 2  0
   126  0.2581233255645619E-03   5   1 0  1 1  0 2  0
   127  0.2682079795194889E-03   5   0 1  1 1  0 2  0
   128  -.1043387739115409E-03   5   0 0  2 1  0 2  0
   129  0.1878798840964975E-03   5   1 0  0 2  0 2  0
   130  -.2099871866073945E-03   5   0 1  0 2  0 2  0
   131  0.6344741122492359E-03   5   0 0  1 2  0 2  0
   132  0.7054989334938453E-06   5   0 0  0 3  0 2  0
   133  0.5292883150134719E-04   5   1 0  0 0  0 4  0
   134  -.5027469123620835E-04   5   0 1  0 0  0 4  0
   135  0.1532938134678670E-03   5   0 0  1 0  0 4  0
   136  0.1774986053970640E-06   5   0 0  0 1  0 4  0
   --------------------------------------------------
     I  COEFFICIENT            ORDER EXPONENTS
     1  1.0000000000000000       1   0 0  0 0  1 0  0
     2  0.7690926975354109E-02   1   0 0  0 0  0 1  0
     3  -.1291687209401780E-06   2   2 0  0 0  0 0  0
     4  -.1154765262060487E-04   2   1 1  0 0  0 0  0
     5  -.2585642767202122E-01   2   0 2  0 0  0 0  0
     6  -.9927498160978282E-04   2   0 1  1 0  0 0  0
     7  -.1291687209401780E-06   2   0 0  2 0  0 0  0
     8  0.9927498160978282E-04   2   1 0  0 1  0 0  0
     9  -.1154765262060488E-04   2   0 0  1 1  0 0  0
    10  -.2585642767202122E-01   2   0 0  0 2  0 0  0
    11  -.7863322037216923E-02   2   0 0  0 0  0 2  0
    12  0.1945977456957164E-06   3   2 0  0 0  0 1  0
    13  0.2526056624961239E-04   3   1 1  0 0  0 1  0
    14  0.3909364287162199E-01   3   0 2  0 0  0 1  0
    15  0.1488885493579851E-03   3   0 1  1 0  0 1  0
    16  0.1945977456957163E-06   3   0 0  2 0  0 1  0
    17  -.1488885493579851E-03   3   1 0  0 1  0 1  0
    18  0.2526056624961239E-04   3   0 0  1 1  0 1  0
    19  0.3909364287162200E-01   3   0 0  0 2  0 1  0
    20  0.7536117018589799E-02   3   0 0  0 0  0 3  0
    21  0.5455389712608099E-06   4   4 0  0 0  0 0  0
    22  0.2475410766382816E-04   4   3 1  0 0  0 0  0
    23  0.1600692069107585E-05   4   2 2  0 0  0 0  0
    24  -.2300207914042805E-04   4   1 3  0 0  0 0  0
    25  -.1939251399536275E-01   4   0 4  0 0  0 0  0
    26  0.2090097373226338E-03   4   2 1  1 0  0 0  0
    27  0.1036777703572896E-04   4   1 2  1 0  0 0  0
    28  -.1478246727256538E-03   4   0 3  1 0  0 0  0
    29  0.1091077942813060E-05   4   2 0  2 0  0 0  0
    30  0.2475410766375540E-04   4   1 1  2 0  0 0  0
    31  -.1408147257935963E-05   4   0 2  2 0  0 0  0
    32  0.2090097373226541E-03   4   0 1  3 0  0 0  0
    33  0.5455389712142198E-06   4   0 0  4 0  0 0  0
    34  -.2090097373226533E-03   4   3 0  0 1  0 0  0
    35  -.1036777703570567E-04   4   2 1  0 1  0 0  0
    36  0.1478246727256882E-03   4   1 2  0 1  0 0  0
    37  0.2475410766375543E-04   4   2 0  1 1  0 0  0
    38  0.6017678653937336E-05   4   1 1  1 1  0 0  0
    39  -.2300207914040958E-04   4   0 2  1 1  0 0  0
    40  -.2090097373226337E-03   4   1 0  2 1  0 0  0
    41  0.1036777703570577E-04   4   0 1  2 1  0 0  0
    42  0.2475410766382114E-04   4   0 0  3 1  0 0  0
    43  -.1408147257935964E-05   4   2 0  0 2  0 0  0
    44  -.2300207914040956E-04   4   1 1  0 2  0 0  0
    45  -.3878502799072542E-01   4   0 2  0 2  0 0  0
    46  -.1036777703572896E-04   4   1 0  1 2  0 0  0
    47  -.1478246727256882E-03   4   0 1  1 2  0 0  0
    48  0.1600692069107189E-05   4   0 0  2 2  0 0  0
    49  0.1478246727256538E-03   4   1 0  0 3  0 0  0
    50  -.2300207914042807E-04   4   0 0  1 3  0 0  0
    51  -.1939251399536275E-01   4   0 0  0 4  0 0  0
    52  -.2371359992142719E-06   4   2 0  0 0  0 2  0
    53  -.3898372542843258E-04   4   1 1  0 0  0 2  0
    54  -.4783353552584511E-01   4   0 2  0 0  0 2  0
    55  -.1805024178788623E-03   4   0 1  1 0  0 2  0
    56  -.2371359992142718E-06   4   0 0  2 0  0 2  0
    57  0.1805024178788623E-03   4   1 0  0 1  0 2  0
    58  -.3898372542843255E-04   4   0 0  1 1  0 2  0
    59  -.4783353552584510E-01   4   0 0  0 2  0 2  0
    60  -.7085135729154647E-02   4   0 0  0 0  0 4  0
    61  -.8218730286428215E-06   5   4 0  0 0  0 1  0
    62  -.5414693510295311E-04   5   3 1  0 0  0 1  0
    63  -.4567691514905041E-05   5   2 2  0 0  0 1  0
    64  0.8160459359531772E-04   5   1 3  0 0  0 1  0
    65  0.5575705932441564E-01   5   0 4  0 0  0 1  0
    66  -.1617486042794033E-15   5   3 0  1 0  0 1  0
    67  -.3133922411151040E-03   5   2 1  1 0  0 1  0
    68  -.2210161513121952E-04   5   1 2  1 0  0 1  0
    69  0.4220095744021621E-03   5   0 3  1 0  0 1  0
    70  -.1643746056847955E-05   5   2 0  2 0  0 1  0
    71  -.5414693510266979E-04   5   1 1  2 0  0 1  0
    72  0.4011070919754803E-05   5   0 2  2 0  0 1  0
    73  0.1617456131943083E-15   5   1 0  3 0  0 1  0
    74  -.3133922411148762E-03   5   0 1  3 0  0 1  0
    75  -.8218730286548020E-06   5   0 0  4 0  0 1  0
    76  0.3133922411148753E-03   5   3 0  0 1  0 1  0
    77  0.2210161513119605E-04   5   2 1  0 1  0 1  0
    78  -.4220095744023675E-03   5   1 2  0 1  0 1  0
    79  -.5414693510266974E-04   5   2 0  1 1  0 1  0
    80  -.1715752486906351E-04   5   1 1  1 1  0 1  0
    81  0.8160459359523819E-04   5   0 2  1 1  0 1  0
    82  0.3133922411151039E-03   5   1 0  2 1  0 1  0
    83  -.2210161513119620E-04   5   0 1  2 1  0 1  0
    84  -.5414693510295020E-04   5   0 0  3 1  0 1  0
    85  0.4011070919754790E-05   5   2 0  0 2  0 1  0
    86  0.8160459359523820E-04   5   1 1  0 2  0 1  0
    87  0.1115141186488312       5   0 2  0 2  0 1  0
    88  0.2210161513121951E-04   5   1 0  1 2  0 1  0
    89  0.4220095744023676E-03   5   0 1  1 2  0 1  0
    90  -.4567691514904601E-05   5   0 0  2 2  0 1  0
    91  -.4220095744021622E-03   5   1 0  0 3  0 1  0
    92  0.8160459359531780E-04   5   0 0  1 3  0 1  0
    93  0.5575705932441566E-01   5   0 0  0 4  0 1  0
    94  0.2704039366282024E-06   5   2 0  0 0  0 3  0
    95  0.5239070737865502E-04   5   1 1  0 0  0 3  0
    96  0.5477633470420230E-01   5   0 2  0 0  0 3  0
    97  0.2047122676884791E-03   5   0 1  1 0  0 3  0
    98  0.2704039366282023E-06   5   0 0  2 0  0 3  0
    99  -.2047122676884790E-03   5   1 0  0 1  0 3  0
   100  0.5239070737865503E-04   5   0 0  1 1  0 3  0
   101  0.5477633470420230E-01   5   0 0  0 2  0 3  0
   102  0.6639787906708198E-02   5   0 0  0 0  0 5  0
   --------------------------------------------------
     I  COEFFICIENT            ORDER EXPONENTS
     1  1.0000000000000000       1   0 0  0 0  0 1  0
     ------------------------------------------------
     ALL COMPONENTS ZERO 
     ------------------- 
     ALL COMPONENTS ZERO 
     ------------------- 
