 L    0.9999999999999787E-02
 P (  0.0000000000000000E+00,  0.0000000000000000E+00,  0.2386049999999998E+01)
 A (  0.0000000000000000E+00,  0.0000000000000000E+00,  0.0000000000000000E+00)
     I  COEFFICIENT            ORDER EXPONENTS
     1   1.000004884533125       1   1 0  0 0  0 0  0
     2  0.9999247160986062E-02   1   0 1  0 0  0 0  0
     3  -.7031306195023679E-03   1   0 0  1 0  0 0  0
     4  0.1062501653371688E-03   1   0 0  0 1  0 0  0
     5  -.6658548169723137E-05   2   1 0  0 0  0 1  0
     6  -.6814563137814892E-02   2   0 1  0 0  0 1  0
     7  0.4792260641503529E-03   2   0 0  1 0  0 1  0
     8  -.1448369507184466E-03   2   0 0  0 1  0 1  0
     9  0.7820494017572454E-04   3   3 0  0 0  0 0  0
    10  0.1778975041749355E-04   3   2 1  0 0  0 0  0
    11  -.2350916879168011E-06   3   1 2  0 0  0 0  0
    12  0.4998858068719032E-02   3   0 3  0 0  0 0  0
    13  -.3836875153183220E-02   3   2 0  1 0  0 0  0
    14  -.2598095977965372E-04   3   1 1  1 0  0 0  0
    15  -.1054573720182567E-02   3   0 2  1 0  0 0  0
    16  0.7820494017572467E-04   3   1 0  2 0  0 0  0
    17  0.8339279684902157E-04   3   0 1  2 0  0 0  0
    18  -.3836875153183220E-02   3   0 0  3 0  0 0  0
    19  0.1125722713412314E-02   3   2 0  0 1  0 0  0
    20  0.7101470249986757E-03   3   1 1  0 1  0 0  0
    21  0.1062637863612878E-03   3   0 2  0 1  0 0  0
    22  -.6560304643152799E-04   3   1 0  1 1  0 0  0
    23  -.1993617142172874E-04   3   0 1  1 1  0 0  0
    24  0.1099741753632662E-02   3   0 0  2 1  0 0  0
    25  0.1970107973381193E-04   3   1 0  0 2  0 0  0
    26  0.4998858068719033E-02   3   0 1  0 2  0 0  0
    27  -.3444266951838915E-03   3   0 0  1 2  0 0  0
    28  0.1062637863612878E-03   3   0 0  0 3  0 0  0
    29  0.7302744976198739E-05   3   1 0  0 0  0 2  0
    30  0.5150572555784489E-02   3   0 1  0 0  0 2  0
    31  -.3622459282198831E-03   3   0 0  1 0  0 2  0
    32  0.1588464811336198E-03   3   0 0  0 1  0 2  0
    33  -.1066641170197788E-03   4   3 0  0 0  0 1  0
    34  -.3635803625265175E-04   4   2 1  0 0  0 1  0
    35  0.6396019873437633E-06   4   1 2  0 0  0 1  0
    36  -.1022026211611355E-01   4   0 3  0 0  0 1  0
    37  0.2619100225208543E-02   4   2 0  1 0  0 1  0
    38  0.3585933521798551E-04   4   1 1  1 0  0 1  0
    39  0.2156118109443588E-02   4   0 2  1 0  0 1  0
    40  -.1066641170197789E-03   4   1 0  2 0  0 1  0
    41  -.1705010084466744E-03   4   0 1  2 0  0 1  0
    42  0.2619100225208542E-02   4   0 0  3 0  0 1  0
    43  -.1536547890979268E-02   4   2 0  0 1  0 1  0
    44  -.1451733996615462E-02   4   1 1  0 1  0 1  0
    45  -.2897106827556150E-03   4   0 2  0 1  0 1  0
    46  0.1341429721940226E-03   4   1 0  1 1  0 1  0
    47  0.5435080317308284E-04   4   0 1  1 1  0 1  0
    48  -.1500688555761284E-02   4   0 0  2 1  0 1  0
    49  -.5371120118573908E-04   4   1 0  0 2  0 1  0
    50  -.1022026211611356E-01   4   0 1  0 2  0 1  0
    51  0.7043841128281261E-03   4   0 0  1 2  0 1  0
    52  -.2897106827556150E-03   4   0 0  0 3  0 1  0
    53  -.7536563443207658E-05   4   1 0  0 0  0 3  0
    54  -.4200379599686711E-02   4   0 1  0 0  0 3  0
    55  0.2954528420475944E-03   4   0 0  1 0  0 3  0
    56  -.1639288569269876E-03   4   0 0  0 1  0 3  0
    57  0.4755425488560819E-03   5   5 0  0 0  0 0  0
    58  0.2525938424006704E-03   5   4 1  0 0  0 0  0
    59  -.1235231975580050E-05   5   3 2  0 0  0 0  0
    60  0.2594717086835896E-04   5   2 3  0 0  0 0  0
    61  -.5356643087755072E-05   5   1 4  0 0  0 0  0
    62  0.3748556742668328E-02   5   0 5  0 0  0 0  0
    63  -.1375524629899121E-01   5   4 0  1 0  0 0  0
    64  -.1847131625350382E-03   5   3 1  1 0  0 0  0
    65  -.5762289238197574E-02   5   2 2  1 0  0 0  0
    66  -.5016535853585859E-04   5   1 3  1 0  0 0  0
    67  -.1318059048380541E-02   5   0 4  1 0  0 0  0
    68  0.9510850977121636E-03   5   3 0  2 0  0 0  0
    69  0.1222378144902368E-02   5   2 1  2 0  0 0  0
    70  0.5048937586578185E-05   5   1 2  2 0  0 0  0
    71  0.2241474427952652E-03   5   0 3  2 0  0 0  0
    72  -.2751049259798244E-01   5   2 0  3 0  0 0  0
    73  -.1847131625350380E-03   5   1 1  3 0  0 0  0
    74  -.5771862855870772E-02   5   0 2  3 0  0 0  0
    75  0.4755425488560815E-03   5   1 0  4 0  0 0  0
    76  0.9697843025016964E-03   5   0 1  4 0  0 0  0
    77  -.1375524629899121E-01   5   0 0  5 0  0 0  0
    78  0.2218493608956354E-02   5   4 0  0 1  0 0  0
    79  0.3864218598203857E-02   5   3 1  0 1  0 0  0
    80  0.1151166922937636E-02   5   2 2  0 1  0 0  0
    81  0.1064989237696919E-02   5   1 3  0 1  0 0  0
    82  0.1062771475005218E-03   5   0 4  0 1  0 0  0
    83  -.7171904601010259E-03   5   3 0  1 1  0 0  0
    84  -.3235922880849965E-03   5   2 1  1 1  0 0  0
    85  -.2999980148855987E-03   5   1 2  1 1  0 0  0
    86  -.3987877708103321E-04   5   0 3  1 1  0 0  0
    87  0.4252274055377657E-02   5   2 0  2 1  0 0  0
    88  0.3883365833550256E-02   5   1 1  2 1  0 0  0
    89  0.1079638076772230E-02   5   0 2  2 1  0 0  0
    90  -.7171904601010264E-03   5   1 0  3 1  0 0  0
    91  -.3110239489606819E-03   5   0 1  3 1  0 0  0
    92  0.2033780446421315E-02   5   0 0  4 1  0 0  0
    93  0.3160728865472590E-03   5   3 0  0 2  0 0  0
    94  0.1277449138270509E-03   5   2 1  0 2  0 0  0
    95  0.2916549090552356E-04   5   1 2  0 2  0 0  0
    96  0.7497113485336656E-02   5   0 3  0 2  0 0  0
    97  -.1907644257666918E-02   5   2 0  1 2  0 0  0
    98  -.7438383276753751E-05   5   1 1  1 2  0 0  0
    99  -.1571128859064163E-02   5   0 2  1 2  0 0  0
   100  0.3097887169851019E-03   5   1 0  2 2  0 0  0
   101  0.1223496998365744E-03   5   0 1  2 2  0 0  0
   102  -.1898070639993718E-02   5   0 0  3 2  0 0  0
   103  0.1129803435308085E-02   5   2 0  0 3  0 0  0
   104  0.1064989237696919E-02   5   1 1  0 3  0 0  0
   105  0.2125542950010436E-03   5   0 2  0 3  0 0  0
   106  -.9640252896821481E-04   5   1 0  1 3  0 0  0
   107  -.3987877708103336E-04   5   0 1  1 3  0 0  0
   108  0.1101001564401780E-02   5   0 0  2 3  0 0  0
   109  0.3452213399327804E-04   5   1 0  0 4  0 0  0
   110  0.3748556742668328E-02   5   0 1  0 4  0 0  0
   111  -.2530698106836224E-03   5   0 0  1 4  0 0  0
   112  0.1062771475005229E-03   5   0 0  0 5  0 0  0
   113  0.1170597887505208E-03   5   3 0  0 0  0 2  0
   114  0.5223532062066662E-04   5   2 1  0 0  0 2  0
   115  -.1134676182665764E-05   5   1 2  0 0  0 2  0
   116  0.1468981927736973E-01   5   0 3  0 0  0 2  0
   117  -.1983899816970075E-02   5   2 0  1 0  0 2  0
   118  -.3993163418718143E-04   5   1 1  1 0  0 2  0
   119  -.3099075481840788E-02   5   0 2  1 0  0 2  0
   120  0.1170597887505209E-03   5   1 0  2 0  0 2  0
   121  0.2450698527920609E-03   5   0 1  2 0  0 2  0
   122  -.1983899816970075E-02   5   0 0  3 0  0 2  0
   123  0.1687895076207291E-02   5   2 0  0 1  0 2  0
   124  0.2086312061742726E-02   5   1 1  0 1  0 2  0
   125  0.5151949137403103E-03   5   0 2  0 1  0 2  0
   126  -.1928345321713943E-03   5   1 0  1 1  0 2  0
   127  -.9664864205456918E-04   5   0 1  1 1  0 2  0
   128  0.1647963442020111E-02   5   0 0  2 1  0 2  0
   129  0.9551396587190343E-04   5   1 0  0 2  0 2  0
   130  0.1468981927736973E-01   5   0 1  0 2  0 2  0
   131  -.1012763420098062E-02   5   0 0  1 2  0 2  0
   132  0.5151949137403103E-03   5   0 0  0 3  0 2  0
   133  0.7621322199730403E-05   5   1 0  0 0  0 4  0
   134  0.3606649525993725E-02   5   0 1  0 0  0 4  0
   135  -.2537215669615922E-03   5   0 0  1 0  0 4  0
   136  0.1657686375890312E-03   5   0 0  0 1  0 4  0
   --------------------------------------------------
     I  COEFFICIENT            ORDER EXPONENTS
     1  0.1427592326331268E-02   1   1 0  0 0  0 0  0
     2  0.9997841792691904       1   0 1  0 0  0 0  0
     3  -.1413624106607759       1   0 0  1 0  0 0  0
     4  0.2053874631090146E-01   1   0 0  0 1  0 0  0
     5  -.9729911865384307E-03   2   1 0  0 0  0 1  0
     6  0.2942002708223108E-03   2   0 1  0 0  0 1  0
     7  -.1344486799457127E-04   2   0 0  1 0  0 1  0
     8  -.1399734745757727E-01   2   0 0  0 1  0 1  0
     9  0.2287689175760931E-01   3   3 0  0 0  0 0  0
    10  -.4316652670095030E-02   3   2 1  0 0  0 0  0
    11  0.6703746208596871E-03   3   1 2  0 0  0 0  0
    12  -.2159581835484723E-03   3   0 3  0 0  0 0  0
    13  -.7693449806050260       3   2 0  1 0  0 0  0
    14  -.7856241814682601E-02   3   1 1  1 0  0 0  0
    15  0.1424358828112002E-04   3   0 2  1 0  0 0  0
    16  0.2287689175760931E-01   3   1 0  2 0  0 0  0
    17  -.4509378774029829E-02   3   0 1  2 0  0 0  0
    18  -.7693449806050263       3   0 0  3 0  0 0  0
    19  0.2185867505410374       3   2 0  0 1  0 0  0
    20  0.2079225879823348E-02   3   1 1  0 1  0 0  0
    21  0.1027478555589520E-01   3   0 2  0 1  0 0  0
    22  0.1927261039348041E-03   3   1 0  1 1  0 0  0
    23  -.1487273158733464E-02   3   0 1  1 1  0 0  0
    24  0.2107305087263548       3   0 0  2 1  0 0  0
    25  0.2157647779593151E-02   3   1 0  0 2  0 0  0
    26  -.2159581835484696E-03   3   0 1  0 2  0 0  0
    27  0.2093469468104468E-02   3   0 0  1 2  0 0  0
    28  0.1027478555589520E-01   3   0 0  0 3  0 0  0
    29  0.7354825442424802E-03   3   1 0  0 0  0 2  0
    30  -.3226572896438036E-03   3   0 1  0 0  0 2  0
    31  0.1474562550860112E-04   3   0 0  1 0  0 2  0
    32  0.1057948960557944E-01   3   0 0  0 1  0 2  0
    33  -.1560020294402634E-01   4   3 0  0 0  0 1  0
    34  0.5887484263416907E-02   4   2 1  0 0  0 1  0
    35  -.1370986992135672E-02   4   1 2  0 0  0 1  0
    36  0.5887745733478470E-03   4   0 3  0 0  0 1  0
    37  -.3543071404329337E-03   4   2 0  1 0  0 1  0
    38  0.5535174627971391E-02   4   1 1  1 0  0 1  0
    39  -.7398840420097321E-04   4   0 2  1 0  0 1  0
    40  -.1560020294402635E-01   4   1 0  2 0  0 1  0
    41  0.6151097193211367E-02   4   0 1  2 0  0 1  0
    42  -.3543071404329338E-03   4   0 0  3 0  0 1  0
    43  -.1492015367403654       4   2 0  0 1  0 1  0
    44  -.2778805214451168E-02   4   1 1  0 1  0 1  0
    45  -.2100705244057288E-01   4   0 2  0 1  0 1  0
    46  -.2636129297944647E-03   4   1 0  1 1  0 1  0
    47  0.3040417046383612E-02   4   0 1  1 1  0 1  0
    48  -.1436663621123941       4   0 0  2 1  0 1  0
    49  -.4411404038519284E-02   4   1 0  0 2  0 1  0
    50  0.5887745733478362E-03   4   0 1  0 2  0 1  0
    51  -.2852793618652140E-02   4   0 0  1 2  0 1  0
    52  -.2100705244057288E-01   4   0 0  0 3  0 1  0
    53  -.5998704389370666E-03   4   1 0  0 0  0 3  0
    54  0.3329810393856806E-03   4   0 1  0 0  0 3  0
    55  -.1521775199765856E-04   4   0 0  1 0  0 3  0
    56  -.8627787242312670E-02   4   0 0  0 1  0 3  0
    57  0.1372989597957681       5   5 0  0 0  0 0  0
    58  -.3006467488557469E-01   5   4 1  0 0  0 0  0
    59  0.1084542188275408E-01   5   3 2  0 0  0 0  0
    60  -.4323964720026744E-02   5   2 3  0 0  0 0  0
    61  0.4704057020640648E-03   5   1 4  0 0  0 0  0
    62  -.2160951428545748E-03   5   0 5  0 0  0 0  0
    63  -2.656067961243785       5   4 0  1 0  0 0  0
    64  -.5438176351593079E-01   5   3 1  1 0  0 0  0
    65  0.5124262215692765E-03   5   2 2  1 0  0 0  0
    66  -.4052739731976997E-02   5   1 3  1 0  0 0  0
    67  0.4445079454836094E-04   5   0 4  1 0  0 0  0
    68  0.2745979195915362       5   3 0  2 0  0 0  0
    69  -.6184860516917624E-01   5   2 1  2 0  0 0  0
    70  0.1122197018491036E-01   5   1 2  2 0  0 0  0
    71  -.4516775064546306E-02   5   0 3  2 0  0 0  0
    72  -5.312135922487572       5   2 0  3 0  0 0  0
    73  -.5438176351593080E-01   5   1 1  3 0  0 0  0
    74  0.8862135542173866E-03   5   0 2  3 0  0 0  0
    75  0.1372989597957681       5   1 0  4 0  0 0  0
    76  -.3178393028360162E-01   5   0 1  4 0  0 0  0
    77  -2.656067961243786       5   0 0  5 0  0 0  0
    78  0.4104882211854171       5   4 0  0 1  0 0  0
    79  0.6502145705942911E-02   5   3 1  0 1  0 0  0
    80  0.1095061101540395       5   2 2  0 1  0 0  0
    81  0.2038698729776200E-02   5   1 3  0 1  0 0  0
    82  0.7710122542673629E-02   5   0 4  0 1  0 0  0
    83  0.1719255398027038E-02   5   3 0  1 1  0 0  0
    84  -.2410162766431205E-01   5   2 1  1 1  0 0  0
    85  -.1510661184847338E-03   5   1 2  1 1  0 0  0
    86  -.2231929346468977E-02   5   0 3  1 1  0 0  0
    87  0.7665946788549042       5   2 0  2 1  0 0  0
    88  0.5754571040646343E-02   5   1 1  2 1  0 0  0
    89  0.1056224228868285       5   0 2  2 1  0 0  0
    90  0.1719255398026969E-02   5   1 0  3 1  0 0  0
    91  -.2334853105999944E-01   5   0 1  3 1  0 0  0
    92  0.3561064576694867       5   0 0  4 1  0 0  0
    93  0.3457050124490981E-01   5   3 0  0 2  0 0  0
    94  -.3980088257022492E-02   5   2 1  0 2  0 0  0
    95  0.3172740750597208E-02   5   1 2  0 2  0 0  0
    96  -.4321902857090588E-03   5   0 3  0 2  0 0  0
    97  0.7388359260160224E-02   5   2 0  1 2  0 0  0
    98  -.4390844661509081E-02   5   1 1  1 2  0 0  0
    99  0.2127600318872758E-02   5   0 2  1 2  0 0  0
   100  0.3419395294275353E-01   5   1 0  2 2  0 0  0
   101  -.4860651527550430E-02   5   0 1  2 2  0 0  0
   102  0.7014571927512118E-02   5   0 0  3 2  0 0  0
   103  0.1096751626188056       5   2 0  0 3  0 0  0
   104  0.2038698729776142E-02   5   1 1  0 3  0 0  0
   105  0.1542024508534726E-01   5   0 2  0 3  0 0  0
   106  0.5366868075237496E-03   5   1 0  1 3  0 0  0
   107  -.2231929346469001E-02   5   0 1  1 3  0 0  0
   108  0.1054533704220625       5   0 0  2 3  0 0  0
   109  0.2702335048533032E-02   5   1 0  0 4  0 0  0
   110  -.2160951428544838E-03   5   0 1  0 4  0 0  0
   111  0.2083149524324463E-02   5   0 0  1 4  0 0  0
   112  0.7710122542673848E-02   5   0 0  0 5  0 0  0
   113  0.1180055935192694E-01   5   3 0  0 0  0 2  0
   114  -.6461260881540765E-02   5   2 1  0 0  0 2  0
   115  0.1971221240987755E-02   5   1 2  0 0  0 2  0
   116  -.1047023151007921E-02   5   0 3  0 0  0 2  0
   117  0.3887393647583461E-03   5   2 0  1 0  0 2  0
   118  -.4368748675425089E-02   5   1 1  1 0  0 2  0
   119  0.1555342369750151E-03   5   0 2  1 0  0 2  0
   120  0.1180055935192695E-01   5   1 0  2 0  0 2  0
   121  -.6751591695765398E-02   5   0 1  2 0  0 2  0
   122  0.3887393647583460E-03   5   0 0  3 0  0 2  0
   123  0.1130074698648659       5   2 0  0 1  0 2  0
   124  0.2971895101456997E-02   5   1 1  0 1  0 2  0
   125  0.3019401539900744E-01   5   0 2  0 1  0 2  0
   126  0.2903308142246354E-03   5   1 0  1 1  0 2  0
   127  -.4369479451325586E-02   5   0 1  1 1  0 2  0
   128  0.1086387211894408       5   0 0  2 1  0 2  0
   129  0.6340700692313338E-02   5   1 0  0 2  0 2  0
   130  -.1047023151007921E-02   5   0 1  0 2  0 2  0
   131  0.3127429338432012E-02   5   0 0  1 2  0 2  0
   132  0.3019401539900744E-01   5   0 0  0 3  0 2  0
   133  0.5151421944358456E-03   5   1 0  0 0  0 4  0
   134  -.3367182740615514E-03   5   0 1  0 0  0 4  0
   135  0.1538889892747908E-04   5   0 0  1 0  0 4  0
   136  0.7408266202246466E-02   5   0 0  0 1  0 4  0
   --------------------------------------------------
     I  COEFFICIENT            ORDER EXPONENTS
     1  0.7031306195023679E-03   1   1 0  0 0  0 0  0
     2  -.1062501653371688E-03   1   0 1  0 0  0 0  0
     3   1.000004884533125       1   0 0  1 0  0 0  0
     4  0.9999247160986062E-02   1   0 0  0 1  0 0  0
     5  -.4792260641503529E-03   2   1 0  0 0  0 1  0
     6  0.1448369507184466E-03   2   0 1  0 0  0 1  0
     7  -.6658548169723137E-05   2   0 0  1 0  0 1  0
     8  -.6814563137814892E-02   2   0 0  0 1  0 1  0
     9  0.3836875153183220E-02   3   3 0  0 0  0 0  0
    10  -.1099741753632662E-02   3   2 1  0 0  0 0  0
    11  0.3444266951838915E-03   3   1 2  0 0  0 0  0
    12  -.1062637863612878E-03   3   0 3  0 0  0 0  0
    13  0.7820494017572454E-04   3   2 0  1 0  0 0  0
    14  -.6560304643152800E-04   3   1 1  1 0  0 0  0
    15  0.1970107973381193E-04   3   0 2  1 0  0 0  0
    16  0.3836875153183222E-02   3   1 0  2 0  0 0  0
    17  -.1125722713412314E-02   3   0 1  2 0  0 0  0
    18  0.7820494017572454E-04   3   0 0  3 0  0 0  0
    19  0.8339279684902157E-04   3   2 0  0 1  0 0  0
    20  -.1993617142172874E-04   3   1 1  0 1  0 0  0
    21  0.4998858068719033E-02   3   0 2  0 1  0 0  0
    22  0.2598095977965376E-04   3   1 0  1 1  0 0  0
    23  -.7101470249986756E-03   3   0 1  1 1  0 0  0
    24  0.1778975041749355E-04   3   0 0  2 1  0 0  0
    25  0.1054573720182567E-02   3   1 0  0 2  0 0  0
    26  -.1062637863612878E-03   3   0 1  0 2  0 0  0
    27  -.2350916879168011E-06   3   0 0  1 2  0 0  0
    28  0.4998858068719032E-02   3   0 0  0 3  0 0  0
    29  0.3622459282198831E-03   3   1 0  0 0  0 2  0
    30  -.1588464811336198E-03   3   0 1  0 0  0 2  0
    31  0.7302744976198739E-05   3   0 0  1 0  0 2  0
    32  0.5150572555784489E-02   3   0 0  0 1  0 2  0
    33  -.2619100225208542E-02   4   3 0  0 0  0 1  0
    34  0.1500688555761284E-02   4   2 1  0 0  0 1  0
    35  -.7043841128281261E-03   4   1 2  0 0  0 1  0
    36  0.2897106827556150E-03   4   0 3  0 0  0 1  0
    37  -.1066641170197788E-03   4   2 0  1 0  0 1  0
    38  0.1341429721940226E-03   4   1 1  1 0  0 1  0
    39  -.5371120118573908E-04   4   0 2  1 0  0 1  0
    40  -.2619100225208545E-02   4   1 0  2 0  0 1  0
    41  0.1536547890979267E-02   4   0 1  2 0  0 1  0
    42  -.1066641170197788E-03   4   0 0  3 0  0 1  0
    43  -.1705010084466743E-03   4   2 0  0 1  0 1  0
    44  0.5435080317308282E-04   4   1 1  0 1  0 1  0
    45  -.1022026211611356E-01   4   0 2  0 1  0 1  0
    46  -.3585933521798554E-04   4   1 0  1 1  0 1  0
    47  0.1451733996615462E-02   4   0 1  1 1  0 1  0
    48  -.3635803625265175E-04   4   0 0  2 1  0 1  0
    49  -.2156118109443588E-02   4   1 0  0 2  0 1  0
    50  0.2897106827556150E-03   4   0 1  0 2  0 1  0
    51  0.6396019873437633E-06   4   0 0  1 2  0 1  0
    52  -.1022026211611355E-01   4   0 0  0 3  0 1  0
    53  -.2954528420475944E-03   4   1 0  0 0  0 3  0
    54  0.1639288569269876E-03   4   0 1  0 0  0 3  0
    55  -.7536563443207658E-05   4   0 0  1 0  0 3  0
    56  -.4200379599686711E-02   4   0 0  0 1  0 3  0
    57  0.1375524629899121E-01   5   5 0  0 0  0 0  0
    58  -.2033780446421313E-02   5   4 1  0 0  0 0  0
    59  0.1898070639993718E-02   5   3 2  0 0  0 0  0
    60  -.1101001564401780E-02   5   2 3  0 0  0 0  0
    61  0.2530698106836224E-03   5   1 4  0 0  0 0  0
    62  -.1062771475005229E-03   5   0 5  0 0  0 0  0
    63  0.4755425488560818E-03   5   4 0  1 0  0 0  0
    64  -.7171904601010259E-03   5   3 1  1 0  0 0  0
    65  0.3097887169851017E-03   5   2 2  1 0  0 0  0
    66  -.9640252896821483E-04   5   1 3  1 0  0 0  0
    67  0.3452213399327867E-04   5   0 4  1 0  0 0  0
    68  0.2751049259798243E-01   5   3 0  2 0  0 0  0
    69  -.4252274055377657E-02   5   2 1  2 0  0 0  0
    70  0.1907644257666919E-02   5   1 2  2 0  0 0  0
    71  -.1129803435308085E-02   5   0 3  2 0  0 0  0
    72  0.9510850977121642E-03   5   2 0  3 0  0 0  0
    73  -.7171904601010259E-03   5   1 1  3 0  0 0  0
    74  0.3160728865472589E-03   5   0 2  3 0  0 0  0
    75  0.1375524629899120E-01   5   1 0  4 0  0 0  0
    76  -.2218493608956354E-02   5   0 1  4 0  0 0  0
    77  0.4755425488560820E-03   5   0 0  5 0  0 0  0
    78  0.9697843025016966E-03   5   4 0  0 1  0 0  0
    79  -.3110239489606816E-03   5   3 1  0 1  0 0  0
    80  0.1223496998365743E-03   5   2 2  0 1  0 0  0
    81  -.3987877708103336E-04   5   1 3  0 1  0 0  0
    82  0.3748556742668328E-02   5   0 4  0 1  0 0  0
    83  0.1847131625350381E-03   5   3 0  1 1  0 0  0
    84  -.3883365833550255E-02   5   2 1  1 1  0 0  0
    85  0.7438383276753798E-05   5   1 2  1 1  0 0  0
    86  -.1064989237696919E-02   5   0 3  1 1  0 0  0
    87  0.1222378144902368E-02   5   2 0  2 1  0 0  0
    88  -.3235922880849967E-03   5   1 1  2 1  0 0  0
    89  0.1277449138270509E-03   5   0 2  2 1  0 0  0
    90  0.1847131625350379E-03   5   1 0  3 1  0 0  0
    91  -.3864218598203855E-02   5   0 1  3 1  0 0  0
    92  0.2525938424006704E-03   5   0 0  4 1  0 0  0
    93  0.5771862855870775E-02   5   3 0  0 2  0 0  0
    94  -.1079638076772230E-02   5   2 1  0 2  0 0  0
    95  0.1571128859064163E-02   5   1 2  0 2  0 0  0
    96  -.2125542950010436E-03   5   0 3  0 2  0 0  0
    97  0.5048937586578025E-05   5   2 0  1 2  0 0  0
    98  -.2999980148855987E-03   5   1 1  1 2  0 0  0
    99  0.2916549090552358E-04   5   0 2  1 2  0 0  0
   100  0.5762289238197577E-02   5   1 0  2 2  0 0  0
   101  -.1151166922937636E-02   5   0 1  2 2  0 0  0
   102  -.1235231975580049E-05   5   0 0  3 2  0 0  0
   103  0.2241474427952652E-03   5   2 0  0 3  0 0  0
   104  -.3987877708103321E-04   5   1 1  0 3  0 0  0
   105  0.7497113485336656E-02   5   0 2  0 3  0 0  0
   106  0.5016535853585868E-04   5   1 0  1 3  0 0  0
   107  -.1064989237696920E-02   5   0 1  1 3  0 0  0
   108  0.2594717086835897E-04   5   0 0  2 3  0 0  0
   109  0.1318059048380541E-02   5   1 0  0 4  0 0  0
   110  -.1062771475005218E-03   5   0 1  0 4  0 0  0
   111  -.5356643087757484E-05   5   0 0  1 4  0 0  0
   112  0.3748556742668328E-02   5   0 0  0 5  0 0  0
   113  0.1983899816970075E-02   5   3 0  0 0  0 2  0
   114  -.1647963442020111E-02   5   2 1  0 0  0 2  0
   115  0.1012763420098062E-02   5   1 2  0 0  0 2  0
   116  -.5151949137403103E-03   5   0 3  0 0  0 2  0
   117  0.1170597887505208E-03   5   2 0  1 0  0 2  0
   118  -.1928345321713943E-03   5   1 1  1 0  0 2  0
   119  0.9551396587190343E-04   5   0 2  1 0  0 2  0
   120  0.1983899816970077E-02   5   1 0  2 0  0 2  0
   121  -.1687895076207291E-02   5   0 1  2 0  0 2  0
   122  0.1170597887505208E-03   5   0 0  3 0  0 2  0
   123  0.2450698527920609E-03   5   2 0  0 1  0 2  0
   124  -.9664864205456919E-04   5   1 1  0 1  0 2  0
   125  0.1468981927736973E-01   5   0 2  0 1  0 2  0
   126  0.3993163418718148E-04   5   1 0  1 1  0 2  0
   127  -.2086312061742726E-02   5   0 1  1 1  0 2  0
   128  0.5223532062066662E-04   5   0 0  2 1  0 2  0
   129  0.3099075481840788E-02   5   1 0  0 2  0 2  0
   130  -.5151949137403103E-03   5   0 1  0 2  0 2  0
   131  -.1134676182665764E-05   5   0 0  1 2  0 2  0
   132  0.1468981927736973E-01   5   0 0  0 3  0 2  0
   133  0.2537215669615922E-03   5   1 0  0 0  0 4  0
   134  -.1657686375890312E-03   5   0 1  0 0  0 4  0
   135  0.7621322199730403E-05   5   0 0  1 0  0 4  0
   136  0.3606649525993725E-02   5   0 0  0 1  0 4  0
   --------------------------------------------------
     I  COEFFICIENT            ORDER EXPONENTS
     1  0.1413624106607759       1   1 0  0 0  0 0  0
     2  -.2053874631090146E-01   1   0 1  0 0  0 0  0
     3  0.1427592326331268E-02   1   0 0  1 0  0 0  0
     4  0.9997841792691904       1   0 0  0 1  0 0  0
     5  0.1344486799457127E-04   2   1 0  0 0  0 1  0
     6  0.1399734745757727E-01   2   0 1  0 0  0 1  0
     7  -.9729911865384307E-03   2   0 0  1 0  0 1  0
     8  0.2942002708223108E-03   2   0 0  0 1  0 1  0
     9  0.7693449806050263       3   3 0  0 0  0 0  0
    10  -.2107305087263548       3   2 1  0 0  0 0  0
    11  -.2093469468104468E-02   3   1 2  0 0  0 0  0
    12  -.1027478555589520E-01   3   0 3  0 0  0 0  0
    13  0.2287689175760931E-01   3   2 0  1 0  0 0  0
    14  0.1927261039348041E-03   3   1 1  1 0  0 0  0
    15  0.2157647779593151E-02   3   0 2  1 0  0 0  0
    16  0.7693449806050259       3   1 0  2 0  0 0  0
    17  -.2185867505410374       3   0 1  2 0  0 0  0
    18  0.2287689175760931E-01   3   0 0  3 0  0 0  0
    19  -.4509378774029829E-02   3   2 0  0 1  0 0  0
    20  -.1487273158733464E-02   3   1 1  0 1  0 0  0
    21  -.2159581835484696E-03   3   0 2  0 1  0 0  0
    22  0.7856241814682606E-02   3   1 0  1 1  0 0  0
    23  -.2079225879823348E-02   3   0 1  1 1  0 0  0
    24  -.4316652670095030E-02   3   0 0  2 1  0 0  0
    25  -.1424358828112003E-04   3   1 0  0 2  0 0  0
    26  -.1027478555589520E-01   3   0 1  0 2  0 0  0
    27  0.6703746208596871E-03   3   0 0  1 2  0 0  0
    28  -.2159581835484723E-03   3   0 0  0 3  0 0  0
    29  -.1474562550860112E-04   3   1 0  0 0  0 2  0
    30  -.1057948960557944E-01   3   0 1  0 0  0 2  0
    31  0.7354825442424802E-03   3   0 0  1 0  0 2  0
    32  -.3226572896438036E-03   3   0 0  0 1  0 2  0
    33  0.3543071404329338E-03   4   3 0  0 0  0 1  0
    34  0.1436663621123941       4   2 1  0 0  0 1  0
    35  0.2852793618652140E-02   4   1 2  0 0  0 1  0
    36  0.2100705244057288E-01   4   0 3  0 0  0 1  0
    37  -.1560020294402634E-01   4   2 0  1 0  0 1  0
    38  -.2636129297944647E-03   4   1 1  1 0  0 1  0
    39  -.4411404038519284E-02   4   0 2  1 0  0 1  0
    40  0.3543071404329339E-03   4   1 0  2 0  0 1  0
    41  0.1492015367403655       4   0 1  2 0  0 1  0
    42  -.1560020294402634E-01   4   0 0  3 0  0 1  0
    43  0.6151097193211366E-02   4   2 0  0 1  0 1  0
    44  0.3040417046383612E-02   4   1 1  0 1  0 1  0
    45  0.5887745733478362E-03   4   0 2  0 1  0 1  0
    46  -.5535174627971391E-02   4   1 0  1 1  0 1  0
    47  0.2778805214451167E-02   4   0 1  1 1  0 1  0
    48  0.5887484263416909E-02   4   0 0  2 1  0 1  0
    49  0.7398840420097321E-04   4   1 0  0 2  0 1  0
    50  0.2100705244057288E-01   4   0 1  0 2  0 1  0
    51  -.1370986992135672E-02   4   0 0  1 2  0 1  0
    52  0.5887745733478470E-03   4   0 0  0 3  0 1  0
    53  0.1521775199765856E-04   4   1 0  0 0  0 3  0
    54  0.8627787242312670E-02   4   0 1  0 0  0 3  0
    55  -.5998704389370666E-03   4   0 0  1 0  0 3  0
    56  0.3329810393856806E-03   4   0 0  0 1  0 3  0
    57   2.656067961243785       5   5 0  0 0  0 0  0
    58  -.3561064576694867       5   4 1  0 0  0 0  0
    59  -.7014571927512116E-02   5   3 2  0 0  0 0  0
    60  -.1054533704220625       5   2 3  0 0  0 0  0
    61  -.2083149524324467E-02   5   1 4  0 0  0 0  0
    62  -.7710122542673848E-02   5   0 5  0 0  0 0  0
    63  0.1372989597957681       5   4 0  1 0  0 0  0
    64  0.1719255398026968E-02   5   3 1  1 0  0 0  0
    65  0.3419395294275353E-01   5   2 2  1 0  0 0  0
    66  0.5366868075237493E-03   5   1 3  1 0  0 0  0
    67  0.2702335048533150E-02   5   0 4  1 0  0 0  0
    68   5.312135922487569       5   3 0  2 0  0 0  0
    69  -.7665946788549042       5   2 1  2 0  0 0  0
    70  -.7388359260160222E-02   5   1 2  2 0  0 0  0
    71  -.1096751626188056       5   0 3  2 0  0 0  0
    72  0.2745979195915362       5   2 0  3 0  0 0  0
    73  0.1719255398027036E-02   5   1 1  3 0  0 0  0
    74  0.3457050124490980E-01   5   0 2  3 0  0 0  0
    75   2.656067961243785       5   1 0  4 0  0 0  0
    76  -.4104882211854172       5   0 1  4 0  0 0  0
    77  0.1372989597957681       5   0 0  5 0  0 0  0
    78  -.3178393028360161E-01   5   4 0  0 1  0 0  0
    79  -.2334853105999944E-01   5   3 1  0 1  0 0  0
    80  -.4860651527550431E-02   5   2 2  0 1  0 0  0
    81  -.2231929346469000E-02   5   1 3  0 1  0 0  0
    82  -.2160951428544837E-03   5   0 4  0 1  0 0  0
    83  0.5438176351593080E-01   5   3 0  1 1  0 0  0
    84  -.5754571040646347E-02   5   2 1  1 1  0 0  0
    85  0.4390844661509080E-02   5   1 2  1 1  0 0  0
    86  -.2038698729776167E-02   5   0 3  1 1  0 0  0
    87  -.6184860516917625E-01   5   2 0  2 1  0 0  0
    88  -.2410162766431206E-01   5   1 1  2 1  0 0  0
    89  -.3980088257022493E-02   5   0 2  2 1  0 0  0
    90  0.5438176351593082E-01   5   1 0  3 1  0 0  0
    91  -.6502145705942909E-02   5   0 1  3 1  0 0  0
    92  -.3006467488557470E-01   5   0 0  4 1  0 0  0
    93  -.8862135542173868E-03   5   3 0  0 2  0 0  0
    94  -.1056224228868285       5   2 1  0 2  0 0  0
    95  -.2127600318872757E-02   5   1 2  0 2  0 0  0
    96  -.1542024508534726E-01   5   0 3  0 2  0 0  0
    97  0.1122197018491036E-01   5   2 0  1 2  0 0  0
    98  -.1510661184847340E-03   5   1 1  1 2  0 0  0
    99  0.3172740750597208E-02   5   0 2  1 2  0 0  0
   100  -.5124262215692769E-03   5   1 0  2 2  0 0  0
   101  -.1095061101540395       5   0 1  2 2  0 0  0
   102  0.1084542188275408E-01   5   0 0  3 2  0 0  0
   103  -.4516775064546305E-02   5   2 0  0 3  0 0  0
   104  -.2231929346468977E-02   5   1 1  0 3  0 0  0
   105  -.4321902857090588E-03   5   0 2  0 3  0 0  0
   106  0.4052739731976998E-02   5   1 0  1 3  0 0  0
   107  -.2038698729776200E-02   5   0 1  1 3  0 0  0
   108  -.4323964720026744E-02   5   0 0  2 3  0 0  0
   109  -.4445079454835969E-04   5   1 0  0 4  0 0  0
   110  -.7710122542673629E-02   5   0 1  0 4  0 0  0
   111  0.4704057020636138E-03   5   0 0  1 4  0 0  0
   112  -.2160951428545748E-03   5   0 0  0 5  0 0  0
   113  -.3887393647583460E-03   5   3 0  0 0  0 2  0
   114  -.1086387211894408       5   2 1  0 0  0 2  0
   115  -.3127429338432012E-02   5   1 2  0 0  0 2  0
   116  -.3019401539900744E-01   5   0 3  0 0  0 2  0
   117  0.1180055935192694E-01   5   2 0  1 0  0 2  0
   118  0.2903308142246354E-03   5   1 1  1 0  0 2  0
   119  0.6340700692313338E-02   5   0 2  1 0  0 2  0
   120  -.3887393647583462E-03   5   1 0  2 0  0 2  0
   121  -.1130074698648658       5   0 1  2 0  0 2  0
   122  0.1180055935192694E-01   5   0 0  3 0  0 2  0
   123  -.6751591695765396E-02   5   2 0  0 1  0 2  0
   124  -.4369479451325586E-02   5   1 1  0 1  0 2  0
   125  -.1047023151007921E-02   5   0 2  0 1  0 2  0
   126  0.4368748675425090E-02   5   1 0  1 1  0 2  0
   127  -.2971895101456997E-02   5   0 1  1 1  0 2  0
   128  -.6461260881540765E-02   5   0 0  2 1  0 2  0
   129  -.1555342369750151E-03   5   1 0  0 2  0 2  0
   130  -.3019401539900744E-01   5   0 1  0 2  0 2  0
   131  0.1971221240987755E-02   5   0 0  1 2  0 2  0
   132  -.1047023151007921E-02   5   0 0  0 3  0 2  0
   133  -.1538889892747908E-04   5   1 0  0 0  0 4  0
   134  -.7408266202246466E-02   5   0 1  0 0  0 4  0
   135  0.5151421944358456E-03   5   0 0  1 0  0 4  0
   136  -.3367182740615514E-03   5   0 0  0 1  0 4  0
   --------------------------------------------------
     I  COEFFICIENT            ORDER EXPONENTS
     1  1.0000000000000000       1   0 0  0 0  1 0  0
     2  0.1013720301665685E-02   1   0 0  0 0  0 1  0
     3  -.2252692582760677E-04   2   2 0  0 0  0 0  0
     4  0.3412602618595969E-05   2   1 1  0 0  0 0  0
     5  -.3408042826620073E-02   2   0 2  0 0  0 0  0
     6  0.4792593950396202E-03   2   0 1  1 0  0 0  0
     7  -.2252692582760677E-04   2   0 0  2 0  0 0  0
     8  -.4792593950396202E-03   2   1 0  0 1  0 0  0
     9  0.3412602618595969E-05   2   0 0  1 1  0 0  0
    10  -.3408042826620073E-02   2   0 0  0 2  0 0  0
    11  -.1036443228911942E-02   2   0 0  0 0  0 2  0
    12  0.3405875956647832E-04   3   2 0  0 0  0 1  0
    13  -.7485621532682360E-05   3   1 1  0 0  0 1  0
    14  0.5152761258253504E-02   3   0 2  0 0  0 1  0
    15  -.7245876868889786E-03   3   0 1  1 0  0 1  0
    16  0.3405875956647832E-04   3   0 0  2 0  0 1  0
    17  0.7245876868889786E-03   3   1 0  0 1  0 1  0
    18  -.7485621532682360E-05   3   0 0  1 1  0 1  0
    19  0.5152761258253504E-02   3   0 0  0 2  0 1  0
    20  0.9933152196027729E-03   3   0 0  0 0  0 3  0
    21  -.2457572626675291E-03   4   4 0  0 0  0 0  0
    22  0.5310798489697157E-04   4   3 1  0 0  0 0  0
    23  -.3330395537485060E-04   4   2 2  0 0  0 0  0
    24  0.6827240627192901E-05   4   1 3  0 0  0 0  0
    25  -.2556017338035836E-02   4   0 4  0 0  0 0  0
    26  0.2619992804870176E-02   4   2 1  1 0  0 0  0
    27  0.1628545497602672E-04   4   1 2  1 0  0 0  0
    28  0.7189102012852691E-03   4   0 3  1 0  0 0  0
    29  -.4915145253350583E-03   4   2 0  2 0  0 0  0
    30  0.5310798489697130E-04   4   1 1  2 0  0 0  0
    31  -.1013326979072627E-03   4   0 2  2 0  0 0  0
    32  0.2619992804870176E-02   4   0 1  3 0  0 0  0
    33  -.2457572626675291E-03   4   0 0  4 0  0 0  0
    34  -.2619992804870176E-02   4   3 0  0 1  0 0  0
    35  -.1628545497602569E-04   4   2 1  0 1  0 0  0
    36  -.7189102012852691E-03   4   1 2  0 1  0 0  0
    37  0.5310798489697138E-04   4   2 0  1 1  0 0  0
    38  0.1360574850648243E-03   4   1 1  1 1  0 0  0
    39  0.6827240627192917E-05   4   0 2  1 1  0 0  0
    40  -.2619992804870177E-02   4   1 0  2 1  0 0  0
    41  0.1628545497602521E-04   4   0 1  2 1  0 0  0
    42  0.5310798489697157E-04   4   0 0  3 1  0 0  0
    43  -.1013326979072627E-03   4   2 0  0 2  0 0  0
    44  0.6827240627192914E-05   4   1 1  0 2  0 0  0
    45  -.5112034676071671E-02   4   0 2  0 2  0 0  0
    46  -.1628545497602676E-04   4   1 0  1 2  0 0  0
    47  0.7189102012852691E-03   4   0 1  1 2  0 0  0
    48  -.3330395537485060E-04   4   0 0  2 2  0 0  0
    49  -.7189102012852691E-03   4   1 0  0 3  0 0  0
    50  0.6827240627192901E-05   4   0 0  1 3  0 0  0
    51  -.2556017338035836E-02   4   0 0  0 4  0 0  0
    52  -.4167187443356125E-04   4   2 0  0 0  0 2  0
    53  0.1158810999822500E-04   4   1 1  0 0  0 2  0
    54  -.6304684766652125E-02   4   0 2  0 0  0 2  0
    55  0.8865387146804418E-03   4   0 1  1 0  0 2  0
    56  -.4167187443356125E-04   4   0 0  2 0  0 2  0
    57  -.8865387146804418E-03   4   1 0  0 1  0 2  0
    58  0.1158810999822500E-04   4   0 0  1 1  0 2  0
    59  -.6304684766652125E-02   4   0 0  0 2  0 2  0
    60  -.9338725945152120E-03   4   0 0  0 0  0 4  0
    61  0.3718247299395015E-03   5   4 0  0 0  0 1  0
    62  -.1165788028893712E-03   5   3 1  0 0  0 1  0
    63  0.9575931049720666E-04   5   2 2  0 0  0 1  0
    64  -.2428259175914874E-04   5   1 3  0 0  0 1  0
    65  0.7348943699295995E-02   5   0 4  0 0  0 1  0
    66  -.3970366857077409E-02   5   2 1  1 0  0 1  0
    67  -.3408371448261126E-04   5   1 2  1 0  0 1  0
    68  -.2066915622707770E-02   5   0 3  1 0  0 1  0
    69  0.7436494598790036E-03   5   2 0  2 0  0 1  0
    70  -.1165788028893708E-03   5   1 1  2 0  0 1  0
    71  0.2913352236095969E-03   5   0 2  2 0  0 1  0
    72  -.3970366857077410E-02   5   0 1  3 0  0 1  0
    73  0.3718247299395015E-03   5   0 0  4 0  0 1  0
    74  0.3970366857077410E-02   5   3 0  0 1  0 1  0
    75  0.3408371448260928E-04   5   2 1  0 1  0 1  0
    76  0.2066915622707770E-02   5   1 2  0 1  0 1  0
    77  -.1165788028893710E-03   5   2 0  1 1  0 1  0
    78  -.3911518262247809E-03   5   1 1  1 1  0 1  0
    79  -.2428259175914875E-04   5   0 2  1 1  0 1  0
    80  0.3970366857077412E-02   5   1 0  2 1  0 1  0
    81  -.3408371448260861E-04   5   0 1  2 1  0 1  0
    82  -.1165788028893712E-03   5   0 0  3 1  0 1  0
    83  0.2913352236095970E-03   5   2 0  0 2  0 1  0
    84  -.2428259175914875E-04   5   1 1  0 2  0 1  0
    85  0.1469788739859199E-01   5   0 2  0 2  0 1  0
    86  0.3408371448261130E-04   5   1 0  1 2  0 1  0
    87  -.2066915622707770E-02   5   0 1  1 2  0 1  0
    88  0.9575931049720666E-04   5   0 0  2 2  0 1  0
    89  0.2066915622707770E-02   5   1 0  0 3  0 1  0
    90  -.2428259175914874E-04   5   0 0  1 3  0 1  0
    91  0.7348943699295995E-02   5   0 0  0 4  0 1  0
    92  0.4771895095384343E-04   5   2 0  0 0  0 3  0
    93  -.1562481780224539E-04   5   1 1  0 0  0 3  0
    94  0.7219726729778808E-02   5   0 2  0 0  0 3  0
    95  -.1015167700558964E-02   5   0 1  1 0  0 3  0
    96  0.4771895095384343E-04   5   0 0  2 0  0 3  0
    97  0.1015167700558964E-02   5   1 0  0 1  0 3  0
    98  -.1562481780224539E-04   5   0 0  1 1  0 3  0
    99  0.7219726729778808E-02   5   0 0  0 2  0 3  0
   100  0.8751725014882874E-03   5   0 0  0 0  0 5  0
   --------------------------------------------------
     I  COEFFICIENT            ORDER EXPONENTS
     1  1.0000000000000000       1   0 0  0 0  0 1  0
     ------------------------------------------------
     ALL COMPONENTS ZERO 
     ------------------- 
     ALL COMPONENTS ZERO 
     ------------------- 
