 L    0.3793416666666671E-01
 P (  0.0000000000000000E+00,  0.0000000000000000E+00,  0.0000000000000000E+00)
 A (  0.0000000000000000E+00,  0.0000000000000000E+00,  0.0000000000000000E+00)
     I  COEFFICIENT            ORDER EXPONENTS
     1  0.9999956443185007       1   1 0  0 0  0 0  0
     2  0.7519114864704894E-01   1   0 1  0 0  0 0  0
     3  -.2514792265492249E-04   1   0 0  1 0  0 0  0
     4  0.8750093541140026E-02   1   0 0  0 1  0 0  0
     5  0.5916468408020578E-05   2   1 0  0 0  0 1  0
     6  -.5033038487586002E-01   2   0 1  0 0  0 1  0
     7  0.1697250562207726E-04   2   0 0  1 0  0 1  0
     8  -.1187487860641038E-01   2   0 0  0 1  0 1  0
     9  0.1315603824904651E-03   3   3 0  0 0  0 0  0
    10  -.1966451176377913E-03   3   2 1  0 0  0 0  0
    11  -.1652718853937821E-04   3   1 2  0 0  0 0  0
    12  0.3692006946972060E-01   3   0 3  0 0  0 0  0
    13  0.1287856413608407E-01   3   2 0  1 0  0 0  0
    14  0.6843061003814440E-03   3   1 1  1 0  0 0  0
    15  -.2387017707982797E-04   3   0 2  1 0  0 0  0
    16  0.1315603824904855E-03   3   1 0  2 0  0 0  0
    17  -.3014207471788839E-03   3   0 1  2 0  0 0  0
    18  0.1287856413608407E-01   3   0 0  3 0  0 0  0
    19  0.1670139038282187E-02   3   2 0  0 1  0 0  0
    20  0.5040018372122269E-04   3   1 1  0 1  0 0  0
    21  0.8710434188929566E-02   3   0 2  0 1  0 0  0
    22  0.1047756295410121E-03   3   1 0  1 1  0 0  0
    23  -.1021938957295552E-04   3   0 1  1 1  0 0  0
    24  0.2354445138663610E-02   3   0 0  2 1  0 0  0
    25  -.6307798966428628E-05   3   1 0  0 2  0 0  0
    26  0.3692006946972059E-01   3   0 1  0 2  0 0  0
    27  0.2653000664139259E-04   3   0 0  1 2  0 0  0
    28  0.8710434188929566E-02   3   0 0  0 3  0 0  0
    29  -.6460074072960500E-05   3   1 0  0 0  0 2  0
    30  0.3711044764290528E-01   3   0 1  0 0  0 2  0
    31  -.1265883160165264E-04   3   0 0  1 0  0 2  0
    32  0.1295139606850251E-01   3   0 0  0 1  0 2  0
    33  -.1787091824115162E-03   4   3 0  0 0  0 1  0
    34  0.4010545661425455E-03   4   2 1  0 0  0 1  0
    35  0.4488150226147114E-04   4   1 2  0 0  0 1  0
    36  -.7411904830151315E-01   4   0 3  0 0  0 1  0
    37  -.8699180477584136E-02   4   2 0  1 0  0 1  0
    38  -.9157022776102276E-03   4   1 1  1 0  0 1  0
    39  0.4770336463329405E-04   4   0 2  1 0  0 1  0
    40  -.1787091824115739E-03   4   1 0  2 0  0 1  0
    41  0.6138474270338521E-03   4   0 1  2 0  0 1  0
    42  -.8699180477584122E-02   4   0 0  3 0  0 1  0
    43  -.2254909899758244E-02   4   2 0  0 1  0 1  0
    44  -.1012884639220923E-03   4   1 1  0 1  0 1  0
    45  -.2364181221189621E-01   4   0 2  0 1  0 1  0
    46  -.2127928608912361E-03   4   1 0  1 1  0 1  0
    47  0.2768543700438673E-04   4   0 1  1 1  0 1  0
    48  -.3170612177368248E-02   4   0 0  2 1  0 1  0
    49  0.1719606525708770E-04   4   1 0  0 2  0 1  0
    50  -.7411904830151315E-01   4   0 1  0 2  0 1  0
    51  -.5358509928879558E-04   4   0 0  1 2  0 1  0
    52  -.2364181221189622E-01   4   0 0  0 3  0 1  0
    53  0.6633520250324470E-05   4   1 0  0 0  0 3  0
    54  -.2940888103568290E-01   4   0 1  0 0  0 3  0
    55  0.1016762039199554E-04   4   0 0  1 0  0 3  0
    56  -.1328221818849693E-01   4   0 0  0 1  0 3  0
    57  -.1209599425511217E-02   5   5 0  0 0  0 0  0
    58  0.2826873407041565E-02   5   4 1  0 0  0 0  0
    59  0.1855228339042359E-02   5   3 2  0 0  0 0  0
    60  -.1743693158143557E-03   5   2 3  0 0  0 0  0
    61  -.2584227771565741E-04   5   1 4  0 0  0 0  0
    62  0.2718511092672968E-01   5   0 5  0 0  0 0  0
    63  -.1083580439516893       5   4 0  1 0  0 0  0
    64  -.1159607671227845E-01   5   3 1  1 0  0 0  0
    65  0.1837373445269073E-01   5   2 2  1 0  0 0  0
    66  0.1320164341733856E-02   5   1 3  1 0  0 0  0
    67  -.1309899650635298E-04   5   0 4  1 0  0 0  0
    68  -.2419198851022180E-02   5   3 0  2 0  0 0  0
    69  0.7397080712318489E-02   5   2 1  2 0  0 0  0
    70  0.1981962694168749E-02   5   1 2  2 0  0 0  0
    71  -.5013008551949586E-03   5   0 3  2 0  0 0  0
    72  -.2167160879033786       5   2 0  3 0  0 0  0
    73  -.1159607671227867E-01   5   1 1  3 0  0 0  0
    74  0.1879933694321035E-01   5   0 2  3 0  0 0  0
    75  -.1209599425511320E-02   5   1 0  4 0  0 0  0
    76  0.4570207305276974E-02   5   0 1  4 0  0 0  0
    77  -.1083580439516893       5   0 0  5 0  0 0  0
    78  -.2342300391019576E-01   5   4 0  0 1  0 0  0
    79  -.1298039340626182E-01   5   3 1  0 1  0 0  0
    80  0.1056464672688276E-02   5   2 2  0 1  0 0  0
    81  0.6532498736899318E-04   5   1 3  0 1  0 0  0
    82  0.8670902815757768E-02   5   0 4  0 1  0 0  0
    83  -.1743333898235572E-02   5   3 0  1 1  0 0  0
    84  0.2877123196132765E-02   5   2 1  1 1  0 0  0
    85  0.5211334787804404E-03   5   1 2  1 1  0 0  0
    86  -.1774279028420682E-04   5   0 3  1 1  0 0  0
    87  -.5844208453266992E-01   5   2 0  2 1  0 0  0
    88  -.1383159838730126E-01   5   1 1  2 1  0 0  0
    89  0.2996331595914776E-02   5   0 2  2 1  0 0  0
    90  -.1743333898235364E-02   5   1 0  3 1  0 0  0
    91  0.3130591906385667E-02   5   0 1  3 1  0 0  0
    92  -.3501908062247451E-01   5   0 0  4 1  0 0  0
    93  -.1148629212216879E-02   5   3 0  0 2  0 0  0
    94  -.3685712552140817E-03   5   2 1  0 2  0 0  0
    95  -.3394176514711927E-04   5   1 2  0 2  0 0  0
    96  0.5437022185345933E-01   5   0 3  0 2  0 0  0
    97  0.5818943536948784E-02   5   2 0  1 2  0 0  0
    98  0.8075917874843007E-04   5   1 1  1 2  0 0  0
    99  0.3912699435626068E-04   5   0 2  1 2  0 0  0
   100  -.1275363567343390E-02   5   1 0  2 2  0 0  0
   101  -.3070989157954867E-03   5   0 1  2 2  0 0  0
   102  0.5393341046428975E-02   5   0 0  3 2  0 0  0
   103  0.1676167254180933E-02   5   2 0  0 3  0 0  0
   104  0.6532498736899086E-04   5   1 1  0 3  0 0  0
   105  0.1734180563151553E-01   5   0 2  0 3  0 0  0
   106  0.1327295999811420E-03   5   1 0  1 3  0 0  0
   107  -.1774279028417096E-04   5   0 1  1 3  0 0  0
   108  0.2376629014421970E-02   5   0 0  2 3  0 0  0
   109  -.8099487431454860E-05   5   1 0  0 4  0 0  0
   110  0.2718511092672968E-01   5   0 1  0 4  0 0  0
   111  0.5222599086260213E-04   5   0 0  1 4  0 0  0
   112  0.8670902815757763E-02   5   0 0  0 5  0 0  0
   113  0.1951375953259868E-03   5   3 0  0 0  0 2  0
   114  -.5747578135955035E-03   5   2 1  0 0  0 2  0
   115  -.7945188001423012E-04   5   1 2  0 0  0 2  0
   116  0.1042155287958497       5   0 3  0 0  0 2  0
   117  0.6495782802561681E-02   5   2 0  1 0  0 2  0
   118  0.9810730307268174E-03   5   1 1  1 0  0 2  0
   119  -.6670202672122751E-04   5   0 2  1 0  0 2  0
   120  0.1951375953260846E-03   5   1 0  2 0  0 2  0
   121  -.8781932795898304E-03   5   0 1  2 0  0 2  0
   122  0.6495782802561860E-02   5   0 0  3 0  0 2  0
   123  0.2443385512826504E-02   5   2 0  0 1  0 2  0
   124  0.1426126802778239E-03   5   1 1  0 1  0 2  0
   125  0.4182657369893680E-01   5   0 2  0 1  0 2  0
   126  0.3034354659942875E-03   5   1 0  1 1  0 2  0
   127  -.4887478828373925E-04   5   0 1  1 1  0 2  0
   128  0.3424458543553192E-02   5   0 0  2 1  0 2  0
   129  -.3057709173049255E-04   5   1 0  0 2  0 2  0
   130  0.1042155287958498       5   0 1  0 2  0 2  0
   131  0.7591065355659386E-04   5   0 0  1 2  0 2  0
   132  0.4182657369893682E-01   5   0 0  0 3  0 2  0
   133  -.6672298243109298E-05   5   1 0  0 0  0 4  0
   134  0.2449019758323438E-01   5   0 1  0 0  0 4  0
   135  -.8591399616130988E-05   5   0 0  1 0  0 4  0
   136  0.1334167203008305E-01   5   0 0  0 1  0 4  0
   --------------------------------------------------
     I  COEFFICIENT            ORDER EXPONENTS
     1  -.1911174136944088E-03   1   1 0  0 0  0 0  0
     2  0.9999956443185005       1   0 1  0 0  0 0  0
     3  -.6466629631931227E-03   1   0 0  1 0  0 0  0
     4  -.2514792265492782E-04   1   0 0  0 1  0 0  0
     5  0.1284923525719022E-03   2   1 0  0 0  0 1  0
     6  0.5916468408036224E-05   2   0 1  0 0  0 1  0
     7  -.2654629212600275E-04   2   0 0  1 0  0 1  0
     8  0.1697250562207597E-04   2   0 0  0 1  0 1  0
     9  0.4277742862048050E-01   3   3 0  0 0  0 0  0
    10  0.3347225008560385E-02   3   2 1  0 0  0 0  0
    11  -.3797913169629731E-04   3   1 2  0 0  0 0  0
    12  -.5343909012968081E-05   3   0 3  0 0  0 0  0
    13  0.3375775777415621       3   2 0  1 0  0 0  0
    14  0.2500898669743058E-01   3   1 1  1 0  0 0  0
    15  0.6467675043838930E-03   3   0 2  1 0  0 0  0
    16  0.4277742862048044E-01   3   1 0  2 0  0 0  0
    17  -.2822760732853280E-02   3   0 1  2 0  0 0  0
    18  0.3375775777415620       3   0 0  3 0  0 0  0
    19  0.1325268307990212E-01   3   2 0  0 1  0 0  0
    20  -.1353311987921434E-02   3   1 1  0 1  0 0  0
    21  -.7833839805840292E-04   3   0 2  0 1  0 0  0
    22  0.6169985741413674E-02   3   1 0  1 1  0 0  0
    23  0.4433566624034240E-03   3   0 1  1 1  0 0  0
    24  0.3826166977733268E-01   3   0 0  2 1  0 0  0
    25  -.4813357940997219E-03   3   1 0  0 2  0 0  0
    26  -.5343909012925363E-05   3   0 1  0 2  0 0  0
    27  -.7065444835375408E-03   3   0 0  1 2  0 0  0
    28  -.7833839805840292E-04   3   0 0  0 3  0 0  0
    29  -.9532665930642349E-04   3   1 0  0 0  0 2  0
    30  -.6460074072959371E-05   3   0 1  0 0  0 2  0
    31  0.2899311148200123E-04   3   0 0  1 0  0 2  0
    32  -.1265883160167514E-04   3   0 0  0 1  0 2  0
    33  -.2887865361776702E-01   4   3 0  0 0  0 1  0
    34  -.4502111647033073E-02   4   2 1  0 0  0 1  0
    35  0.7551721774764721E-04   4   1 2  0 0  0 1  0
    36  0.1451781680230149E-04   4   0 3  0 0  0 1  0
    37  0.4690265120239573E-02   4   2 0  1 0  0 1  0
    38  -.1587795772865097E-01   4   1 1  1 0  0 1  0
    39  -.9003165966580807E-03   4   0 2  1 0  0 1  0
    40  -.2887865361776703E-01   4   1 0  2 0  0 1  0
    41  0.3789690779189634E-02   4   0 1  2 0  0 1  0
    42  0.4690265120239484E-02   4   0 0  3 0  0 1  0
    43  -.9459478501145856E-02   4   2 0  0 1  0 1  0
    44  0.1768703816689125E-02   4   1 1  0 1  0 1  0
    45  0.1588522704461361E-03   4   0 2  0 1  0 1  0
    46  -.8291802426222713E-02   4   1 0  1 1  0 1  0
    47  -.9003255014509567E-03   4   0 1  1 1  0 1  0
    48  -.2533743622979681E-01   4   0 0  2 1  0 1  0
    49  0.9758427191986034E-03   4   1 0  0 2  0 1  0
    50  0.1451781680233272E-04   4   0 1  0 2  0 1  0
    51  0.8683872200310465E-03   4   0 0  1 2  0 1  0
    52  0.1588522704461639E-03   4   0 0  0 3  0 1  0
    53  0.7609268729370221E-04   4   1 0  0 0  0 3  0
    54  0.6633520250307057E-05   4   0 1  0 0  0 3  0
    55  -.2978056107927499E-04   4   0 0  1 0  0 3  0
    56  0.1016762039197927E-04   4   0 0  0 1  0 3  0
    57  -.3571900786229212       5   5 0  0 0  0 0  0
    58  -.5447604278270197E-01   5   4 1  0 0  0 0  0
    59  0.1798337800448214E-01   5   3 2  0 0  0 0  0
    60  0.3241582995821253E-02   5   2 3  0 0  0 0  0
    61  0.1564677857154881E-04   5   1 4  0 0  0 0  0
    62  -.6272736479899002E-05   5   0 5  0 0  0 0  0
    63  -2.840542686483698       5   4 0  1 0  0 0  0
    64  -.4212369207374738       5   3 1  1 0  0 0  0
    65  -.3406528354085746E-01   5   2 2  1 0  0 0  0
    66  0.1051415721755442E-01   5   1 3  1 0  0 0  0
    67  0.6238511224837629E-03   5   0 4  1 0  0 0  0
    68  -.7143801572458420       5   3 0  2 0  0 0  0
    69  -.6293455874683193E-02   5   2 1  2 0  0 0  0
    70  0.2532386796530290E-01   5   1 2  2 0  0 0  0
    71  -.2618851643926429E-02   5   0 3  2 0  0 0  0
    72  -5.681085372967400       5   2 0  3 0  0 0  0
    73  -.4212369207374739       5   1 1  3 0  0 0  0
    74  -.1428955751318245E-01   5   0 2  3 0  0 0  0
    75  -.3571900786229210       5   1 0  4 0  0 0  0
    76  0.4818258690801850E-01   5   0 1  4 0  0 0  0
    77  -2.840542686483700       5   0 0  5 0  0 0  0
    78  -.1143387020036057       5   4 0  0 1  0 0  0
    79  0.5335253556229885E-01   5   3 1  0 1  0 0  0
    80  0.1389913109591740E-01   5   2 2  0 1  0 0  0
    81  -.9726918747402060E-03   5   1 3  0 1  0 0  0
    82  -.1018147926970467E-03   5   0 4  0 1  0 0  0
    83  -.1026586296907200       5   3 0  1 1  0 0  0
    84  -.6213067752260139E-01   5   2 1  1 1  0 0  0
    85  0.1359802885965294E-02   5   1 2  1 1  0 0  0
    86  0.5489132288747376E-03   5   0 3  1 1  0 0  0
    87  -.6499143247446841       5   2 0  2 1  0 0  0
    88  0.1380108350694847E-01   5   1 1  2 1  0 0  0
    89  0.2038312471104324E-01   5   0 2  2 1  0 0  0
    90  -.1026586296907204       5   1 0  3 1  0 0  0
    91  -.4744969760095948E-01   5   0 1  3 1  0 0  0
    92  -.5355756227410793       5   0 0  4 1  0 0  0
    93  0.7277356556626241E-01   5   3 0  0 2  0 0  0
    94  0.7742214749603744E-02   5   2 1  0 2  0 0  0
    95  -.5176196717318910E-03   5   1 2  0 2  0 0  0
    96  -.1254547295977126E-04   5   0 3  0 2  0 0  0
    97  0.3906297804911672E-01   5   2 0  1 2  0 0  0
    98  0.1857448442241157E-01   5   1 1  1 2  0 0  0
    99  0.2750103702272327E-03   5   0 2  1 2  0 0  0
   100  0.6543307560544172E-01   5   1 0  2 2  0 0  0
   101  -.7119483397708847E-02   5   0 1  2 2  0 0  0
   102  0.1928725202144166E-01   5   0 0  3 2  0 0  0
   103  0.9868967493488850E-02   5   2 0  0 3  0 0  0
   104  -.9726918747401983E-03   5   1 1  0 3  0 0  0
   105  -.2036295853940981E-03   5   0 2  0 3  0 0  0
   106  0.1036106639353019E-01   5   1 0  1 3  0 0  0
   107  0.5489132288747358E-03   5   0 1  1 3  0 0  0
   108  0.2441328831347187E-01   5   0 0  2 3  0 0  0
   109  -.5332664503033154E-03   5   1 0  0 4  0 0  0
   110  -.6272736479934204E-05   5   0 1  0 4  0 0  0
   111  -.3488407522564554E-03   5   0 0  1 4  0 0  0
   112  -.1018147926969970E-03   5   0 0  0 5  0 0  0
   113  0.2154703397709952E-01   5   3 0  0 0  0 2  0
   114  0.4855255076714011E-02   5   2 1  0 0  0 2  0
   115  -.1049193612970406E-03   5   1 2  0 0  0 2  0
   116  -.2571206999583617E-04   5   0 3  0 0  0 2  0
   117  -.5126277107915004E-02   5   2 0  1 0  0 2  0
   118  0.1082185895308620E-01   5   1 1  1 0  0 2  0
   119  0.1012645117909025E-02   5   0 2  1 0  0 2  0
   120  0.2154703397709948E-01   5   1 0  2 0  0 2  0
   121  -.4077344989237089E-02   5   0 1  2 0  0 2  0
   122  -.5126277107914919E-02   5   0 0  3 0  0 2  0
   123  0.7580771218996120E-02   5   2 0  0 1  0 2  0
   124  -.1836538719572788E-02   5   1 1  0 1  0 2  0
   125  -.2260905357576387E-03   5   0 2  0 1  0 2  0
   126  0.8932600065951108E-02   5   1 0  1 1  0 2  0
   127  0.1283639541561331E-02   5   0 1  1 1  0 2  0
   128  0.1840263017208232E-01   5   0 0  2 1  0 2  0
   129  -.1388558902858369E-02   5   1 0  0 2  0 2  0
   130  -.2571206999592637E-04   5   0 1  0 2  0 2  0
   131  -.8238936016637678E-03   5   0 0  1 2  0 2  0
   132  -.2260905357574514E-03   5   0 0  0 3  0 2  0
   133  -.6386769774079903E-04   5   1 0  0 0  0 4  0
   134  -.6672298243109998E-05   5   0 1  0 0  0 4  0
   135  0.2996436703019913E-04   5   0 0  1 0  0 4  0
   136  -.8591399616078577E-05   5   0 0  0 1  0 4  0
   --------------------------------------------------
     I  COEFFICIENT            ORDER EXPONENTS
     1  0.2514792265492249E-04   1   1 0  0 0  0 0  0
     2  -.8750093541140029E-02   1   0 1  0 0  0 0  0
     3  0.9999956443185010       1   0 0  1 0  0 0  0
     4  0.7519114864704897E-01   1   0 0  0 1  0 0  0
     5  -.1697250562207726E-04   2   1 0  0 0  0 1  0
     6  0.1187487860641039E-01   2   0 1  0 0  0 1  0
     7  0.5916468408020579E-05   2   0 0  1 0  0 1  0
     8  -.5033038487586003E-01   2   0 0  0 1  0 1  0
     9  -.1287856413608407E-01   3   3 0  0 0  0 0  0
    10  -.2354445138663611E-02   3   2 1  0 0  0 0  0
    11  -.2653000664139259E-04   3   1 2  0 0  0 0  0
    12  -.8710434188929564E-02   3   0 3  0 0  0 0  0
    13  0.1315603824904839E-03   3   2 0  1 0  0 0  0
    14  0.1047756295410121E-03   3   1 1  1 0  0 0  0
    15  -.6307798966428639E-05   3   0 2  1 0  0 0  0
    16  -.1287856413608407E-01   3   1 0  2 0  0 0  0
    17  -.1670139038282187E-02   3   0 1  2 0  0 0  0
    18  0.1315603824904648E-03   3   0 0  3 0  0 0  0
    19  -.3014207471788840E-03   3   2 0  0 1  0 0  0
    20  -.1021938957295553E-04   3   1 1  0 1  0 0  0
    21  0.3692006946972060E-01   3   0 2  0 1  0 0  0
    22  -.6843061003814442E-03   3   1 0  1 1  0 0  0
    23  -.5040018372122263E-04   3   0 1  1 1  0 0  0
    24  -.1966451176377913E-03   3   0 0  2 1  0 0  0
    25  0.2387017707982797E-04   3   1 0  0 2  0 0  0
    26  -.8710434188929573E-02   3   0 1  0 2  0 0  0
    27  -.1652718853937821E-04   3   0 0  1 2  0 0  0
    28  0.3692006946972060E-01   3   0 0  0 3  0 0  0
    29  0.1265883160165264E-04   3   1 0  0 0  0 2  0
    30  -.1295139606850251E-01   3   0 1  0 0  0 2  0
    31  -.6460074072960499E-05   3   0 0  1 0  0 2  0
    32  0.3711044764290528E-01   3   0 0  0 1  0 2  0
    33  0.8699180477584126E-02   4   3 0  0 0  0 1  0
    34  0.3170612177368247E-02   4   2 1  0 0  0 1  0
    35  0.5358509928879549E-04   4   1 2  0 0  0 1  0
    36  0.2364181221189624E-01   4   0 3  0 0  0 1  0
    37  -.1787091824115730E-03   4   2 0  1 0  0 1  0
    38  -.2127928608912361E-03   4   1 1  1 0  0 1  0
    39  0.1719606525708772E-04   4   0 2  1 0  0 1  0
    40  0.8699180477584140E-02   4   1 0  2 0  0 1  0
    41  0.2254909899758244E-02   4   0 1  2 0  0 1  0
    42  -.1787091824115165E-03   4   0 0  3 0  0 1  0
    43  0.6138474270338530E-03   4   2 0  0 1  0 1  0
    44  0.2768543700438682E-04   4   1 1  0 1  0 1  0
    45  -.7411904830151322E-01   4   0 2  0 1  0 1  0
    46  0.9157022776102280E-03   4   1 0  1 1  0 1  0
    47  0.1012884639220922E-03   4   0 1  1 1  0 1  0
    48  0.4010545661425455E-03   4   0 0  2 1  0 1  0
    49  -.4770336463329404E-04   4   1 0  0 2  0 1  0
    50  0.2364181221189625E-01   4   0 1  0 2  0 1  0
    51  0.4488150226147116E-04   4   0 0  1 2  0 1  0
    52  -.7411904830151321E-01   4   0 0  0 3  0 1  0
    53  -.1016762039199554E-04   4   1 0  0 0  0 3  0
    54  0.1328221818849694E-01   4   0 1  0 0  0 3  0
    55  0.6633520250324471E-05   4   0 0  1 0  0 3  0
    56  -.2940888103568291E-01   4   0 0  0 1  0 3  0
    57  0.1083580439516893       5   5 0  0 0  0 0  0
    58  0.3501908062247451E-01   5   4 1  0 0  0 0  0
    59  -.5393341046428974E-02   5   3 2  0 0  0 0  0
    60  -.2376629014421970E-02   5   2 3  0 0  0 0  0
    61  -.5222599086260226E-04   5   1 4  0 0  0 0  0
    62  -.8670902815757765E-02   5   0 5  0 0  0 0  0
    63  -.1209599425511309E-02   5   4 0  1 0  0 0  0
    64  -.1743333898235362E-02   5   3 1  1 0  0 0  0
    65  -.1275363567343390E-02   5   2 2  1 0  0 0  0
    66  0.1327295999811417E-03   5   1 3  1 0  0 0  0
    67  -.8099487431454897E-05   5   0 4  1 0  0 0  0
    68  0.2167160879033785       5   3 0  2 0  0 0  0
    69  0.5844208453266999E-01   5   2 1  2 0  0 0  0
    70  -.5818943536948775E-02   5   1 2  2 0  0 0  0
    71  -.1676167254180932E-02   5   0 3  2 0  0 0  0
    72  -.2419198851022180E-02   5   2 0  3 0  0 0  0
    73  -.1743333898235574E-02   5   1 1  3 0  0 0  0
    74  -.1148629212216879E-02   5   0 2  3 0  0 0  0
    75  0.1083580439516892       5   1 0  4 0  0 0  0
    76  0.2342300391019576E-01   5   0 1  4 0  0 0  0
    77  -.1209599425511220E-02   5   0 0  5 0  0 0  0
    78  0.4570207305276965E-02   5   4 0  0 1  0 0  0
    79  0.3130591906385671E-02   5   3 1  0 1  0 0  0
    80  -.3070989157954857E-03   5   2 2  0 1  0 0  0
    81  -.1774279028417102E-04   5   1 3  0 1  0 0  0
    82  0.2718511092672967E-01   5   0 4  0 1  0 0  0
    83  0.1159607671227865E-01   5   3 0  1 1  0 0  0
    84  0.1383159838730126E-01   5   2 1  1 1  0 0  0
    85  -.8075917874842941E-04   5   1 2  1 1  0 0  0
    86  -.6532498736899081E-04   5   0 3  1 1  0 0  0
    87  0.7397080712318482E-02   5   2 0  2 1  0 0  0
    88  0.2877123196132764E-02   5   1 1  2 1  0 0  0
    89  -.3685712552140818E-03   5   0 2  2 1  0 0  0
    90  0.1159607671227846E-01   5   1 0  3 1  0 0  0
    91  0.1298039340626182E-01   5   0 1  3 1  0 0  0
    92  0.2826873407041558E-02   5   0 0  4 1  0 0  0
    93  -.1879933694321035E-01   5   3 0  0 2  0 0  0
    94  -.2996331595914778E-02   5   2 1  0 2  0 0  0
    95  -.3912699435626073E-04   5   1 2  0 2  0 0  0
    96  -.1734180563151553E-01   5   0 3  0 2  0 0  0
    97  0.1981962694168748E-02   5   2 0  1 2  0 0  0
    98  0.5211334787804403E-03   5   1 1  1 2  0 0  0
    99  -.3394176514711932E-04   5   0 2  1 2  0 0  0
   100  -.1837373445269073E-01   5   1 0  2 2  0 0  0
   101  -.1056464672688277E-02   5   0 1  2 2  0 0  0
   102  0.1855228339042359E-02   5   0 0  3 2  0 0  0
   103  -.5013008551949591E-03   5   2 0  0 3  0 0  0
   104  -.1774279028420683E-04   5   1 1  0 3  0 0  0
   105  0.5437022185345936E-01   5   0 2  0 3  0 0  0
   106  -.1320164341733855E-02   5   1 0  1 3  0 0  0
   107  -.6532498736899302E-04   5   0 1  1 3  0 0  0
   108  -.1743693158143559E-03   5   0 0  2 3  0 0  0
   109  0.1309899650635298E-04   5   1 0  0 4  0 0  0
   110  -.8670902815757761E-02   5   0 1  0 4  0 0  0
   111  -.2584227771565741E-04   5   0 0  1 4  0 0  0
   112  0.2718511092672968E-01   5   0 0  0 5  0 0  0
   113  -.6495782802561858E-02   5   3 0  0 0  0 2  0
   114  -.3424458543553191E-02   5   2 1  0 0  0 2  0
   115  -.7591065355659388E-04   5   1 2  0 0  0 2  0
   116  -.4182657369893682E-01   5   0 3  0 0  0 2  0
   117  0.1951375953260828E-03   5   2 0  1 0  0 2  0
   118  0.3034354659942877E-03   5   1 1  1 0  0 2  0
   119  -.3057709173049260E-04   5   0 2  1 0  0 2  0
   120  -.6495782802561681E-02   5   1 0  2 0  0 2  0
   121  -.2443385512826505E-02   5   0 1  2 0  0 2  0
   122  0.1951375953259858E-03   5   0 0  3 0  0 2  0
   123  -.8781932795898303E-03   5   2 0  0 1  0 2  0
   124  -.4887478828373924E-04   5   1 1  0 1  0 2  0
   125  0.1042155287958498       5   0 2  0 1  0 2  0
   126  -.9810730307268181E-03   5   1 0  1 1  0 2  0
   127  -.1426126802778237E-03   5   0 1  1 1  0 2  0
   128  -.5747578135955048E-03   5   0 0  2 1  0 2  0
   129  0.6670202672122750E-04   5   1 0  0 2  0 2  0
   130  -.4182657369893684E-01   5   0 1  0 2  0 2  0
   131  -.7945188001423013E-04   5   0 0  1 2  0 2  0
   132  0.1042155287958498       5   0 0  0 3  0 2  0
   133  0.8591399616130989E-05   5   1 0  0 0  0 4  0
   134  -.1334167203008305E-01   5   0 1  0 0  0 4  0
   135  -.6672298243109299E-05   5   0 0  1 0  0 4  0
   136  0.2449019758323439E-01   5   0 0  0 1  0 4  0
   --------------------------------------------------
     I  COEFFICIENT            ORDER EXPONENTS
     1  0.6466629631931228E-03   1   1 0  0 0  0 0  0
     2  0.2514792265490007E-04   1   0 1  0 0  0 0  0
     3  -.1911174136944088E-03   1   0 0  1 0  0 0  0
     4  0.9999956443185005       1   0 0  0 1  0 0  0
     5  0.2654629212600275E-04   2   1 0  0 0  0 1  0
     6  -.1697250562205516E-04   2   0 1  0 0  0 1  0
     7  0.1284923525719022E-03   2   0 0  1 0  0 1  0
     8  0.5916468408050102E-05   2   0 0  0 1  0 1  0
     9  -.3375775777415619       3   3 0  0 0  0 0  0
    10  -.3826166977733266E-01   3   2 1  0 0  0 0  0
    11  0.7065444835375420E-03   3   1 2  0 0  0 0  0
    12  0.7833839805840721E-04   3   0 3  0 0  0 0  0
    13  0.4277742862048040E-01   3   2 0  1 0  0 0  0
    14  0.6169985741413672E-02   3   1 1  1 0  0 0  0
    15  -.4813357940997220E-03   3   0 2  1 0  0 0  0
    16  -.3375775777415623       3   1 0  2 0  0 0  0
    17  -.1325268307990210E-01   3   0 1  2 0  0 0  0
    18  0.4277742862048051E-01   3   0 0  3 0  0 0  0
    19  -.2822760732853280E-02   3   2 0  0 1  0 0  0
    20  0.4433566624034248E-03   3   1 1  0 1  0 0  0
    21  -.5343909012999089E-05   3   0 2  0 1  0 0  0
    22  -.2500898669743059E-01   3   1 0  1 1  0 0  0
    23  0.1353311987921436E-02   3   0 1  1 1  0 0  0
    24  0.3347225008560390E-02   3   0 0  2 1  0 0  0
    25  -.6467675043838931E-03   3   1 0  0 2  0 0  0
    26  0.7833839805841680E-04   3   0 1  0 2  0 0  0
    27  -.3797913169629747E-04   3   0 0  1 2  0 0  0
    28  -.5343909012970466E-05   3   0 0  0 3  0 0  0
    29  -.2899311148200124E-04   3   1 0  0 0  0 2  0
    30  0.1265883160163350E-04   3   0 1  0 0  0 2  0
    31  -.9532665930642349E-04   3   0 0  1 0  0 2  0
    32  -.6460074072962840E-05   3   0 0  0 1  0 2  0
    33  -.4690265120239485E-02   4   3 0  0 0  0 1  0
    34  0.2533743622979681E-01   4   2 1  0 0  0 1  0
    35  -.8683872200310452E-03   4   1 2  0 0  0 1  0
    36  -.1588522704461361E-03   4   0 3  0 0  0 1  0
    37  -.2887865361776702E-01   4   2 0  1 0  0 1  0
    38  -.8291802426222713E-02   4   1 1  1 0  0 1  0
    39  0.9758427191986042E-03   4   0 2  1 0  0 1  0
    40  -.4690265120239579E-02   4   1 0  2 0  0 1  0
    41  0.9459478501145832E-02   4   0 1  2 0  0 1  0
    42  -.2887865361776702E-01   4   0 0  3 0  0 1  0
    43  0.3789690779189625E-02   4   2 0  0 1  0 1  0
    44  -.9003255014509571E-03   4   1 1  0 1  0 1  0
    45  0.1451781680229358E-04   4   0 2  0 1  0 1  0
    46  0.1587795772865097E-01   4   1 0  1 1  0 1  0
    47  -.1768703816689130E-02   4   0 1  1 1  0 1  0
    48  -.4502111647033067E-02   4   0 0  2 1  0 1  0
    49  0.9003165966580809E-03   4   1 0  0 2  0 1  0
    50  -.1588522704461430E-03   4   0 1  0 2  0 1  0
    51  0.7551721774764759E-04   4   0 0  1 2  0 1  0
    52  0.1451781680229358E-04   4   0 0  0 3  0 1  0
    53  0.2978056107927501E-04   4   1 0  0 0  0 3  0
    54  -.1016762039196539E-04   4   0 1  0 0  0 3  0
    55  0.7609268729370222E-04   4   0 0  1 0  0 3  0
    56  0.6633520250327873E-05   4   0 0  0 1  0 3  0
    57   2.840542686483698       5   5 0  0 0  0 0  0
    58  0.5355756227410789       5   4 1  0 0  0 0  0
    59  -.1928725202144174E-01   5   3 2  0 0  0 0  0
    60  -.2441328831347187E-01   5   2 3  0 0  0 0  0
    61  0.3488407522564547E-03   5   1 4  0 0  0 0  0
    62  0.1018147926970506E-03   5   0 5  0 0  0 0  0
    63  -.3571900786229205       5   4 0  1 0  0 0  0
    64  -.1026586296907203       5   3 1  1 0  0 0  0
    65  0.6543307560544172E-01   5   2 2  1 0  0 0  0
    66  0.1036106639353018E-01   5   1 3  1 0  0 0  0
    67  -.5332664503033161E-03   5   0 4  1 0  0 0  0
    68   5.681085372967397       5   3 0  2 0  0 0  0
    69  0.6499143247446834       5   2 1  2 0  0 0  0
    70  -.3906297804911670E-01   5   1 2  2 0  0 0  0
    71  -.9868967493488827E-02   5   0 3  2 0  0 0  0
    72  -.7143801572458426       5   2 0  3 0  0 0  0
    73  -.1026586296907201       5   1 1  3 0  0 0  0
    74  0.7277356556626237E-01   5   0 2  3 0  0 0  0
    75   2.840542686483699       5   1 0  4 0  0 0  0
    76  0.1143387020036051       5   0 1  4 0  0 0  0
    77  -.3571900786229215       5   0 0  5 0  0 0  0
    78  0.4818258690801833E-01   5   4 0  0 1  0 0  0
    79  -.4744969760095940E-01   5   3 1  0 1  0 0  0
    80  -.7119483397708856E-02   5   2 2  0 1  0 0  0
    81  0.5489132288747340E-03   5   1 3  0 1  0 0  0
    82  -.6272736479881404E-05   5   0 4  0 1  0 0  0
    83  0.4212369207374736       5   3 0  1 1  0 0  0
    84  -.1380108350694858E-01   5   2 1  1 1  0 0  0
    85  -.1857448442241158E-01   5   1 2  1 1  0 0  0
    86  0.9726918747402001E-03   5   0 3  1 1  0 0  0
    87  -.6293455874683516E-02   5   2 0  2 1  0 0  0
    88  -.6213067752260144E-01   5   1 1  2 1  0 0  0
    89  0.7742214749603738E-02   5   0 2  2 1  0 0  0
    90  0.4212369207374739       5   1 0  3 1  0 0  0
    91  -.5335253556229893E-01   5   0 1  3 1  0 0  0
    92  -.5447604278270235E-01   5   0 0  4 1  0 0  0
    93  0.1428955751318244E-01   5   3 0  0 2  0 0  0
    94  -.2038312471104323E-01   5   2 1  0 2  0 0  0
    95  -.2750103702272321E-03   5   1 2  0 2  0 0  0
    96  0.2036295853941866E-03   5   0 3  0 2  0 0  0
    97  0.2532386796530292E-01   5   2 0  1 2  0 0  0
    98  0.1359802885965297E-02   5   1 1  1 2  0 0  0
    99  -.5176196717318908E-03   5   0 2  1 2  0 0  0
   100  0.3406528354085747E-01   5   1 0  2 2  0 0  0
   101  -.1389913109591741E-01   5   0 1  2 2  0 0  0
   102  0.1798337800448213E-01   5   0 0  3 2  0 0  0
   103  -.2618851643926431E-02   5   2 0  0 3  0 0  0
   104  0.5489132288747377E-03   5   1 1  0 3  0 0  0
   105  -.1254547295977647E-04   5   0 2  0 3  0 0  0
   106  -.1051415721755442E-01   5   1 0  1 3  0 0  0
   107  0.9726918747402090E-03   5   0 1  1 3  0 0  0
   108  0.3241582995821256E-02   5   0 0  2 3  0 0  0
   109  -.6238511224837633E-03   5   1 0  0 4  0 0  0
   110  0.1018147926970664E-03   5   0 1  0 4  0 0  0
   111  0.1564677857154828E-04   5   0 0  1 4  0 0  0
   112  -.6272736479899510E-05   5   0 0  0 5  0 0  0
   113  0.5126277107914920E-02   5   3 0  0 0  0 2  0
   114  -.1840263017208232E-01   5   2 1  0 0  0 2  0
   115  0.8238936016637649E-03   5   1 2  0 0  0 2  0
   116  0.2260905357575624E-03   5   0 3  0 0  0 2  0
   117  0.2154703397709947E-01   5   2 0  1 0  0 2  0
   118  0.8932600065951105E-02   5   1 1  1 0  0 2  0
   119  -.1388558902858371E-02   5   0 2  1 0  0 2  0
   120  0.5126277107915011E-02   5   1 0  2 0  0 2  0
   121  -.7580771218996113E-02   5   0 1  2 0  0 2  0
   122  0.2154703397709953E-01   5   0 0  3 0  0 2  0
   123  -.4077344989237085E-02   5   2 0  0 1  0 2  0
   124  0.1283639541561331E-02   5   1 1  0 1  0 2  0
   125  -.2571206999621369E-04   5   0 2  0 1  0 2  0
   126  -.1082185895308620E-01   5   1 0  1 1  0 2  0
   127  0.1836538719572795E-02   5   0 1  1 1  0 2  0
   128  0.4855255076714006E-02   5   0 0  2 1  0 2  0
   129  -.1012645117909024E-02   5   1 0  0 2  0 2  0
   130  0.2260905357575381E-03   5   0 1  0 2  0 2  0
   131  -.1049193612970388E-03   5   0 0  1 2  0 2  0
   132  -.2571206999589103E-04   5   0 0  0 3  0 2  0
   133  -.2996436703019913E-04   5   1 0  0 0  0 4  0
   134  0.8591399616120210E-05   5   0 1  0 0  0 4  0
   135  -.6386769774079905E-04   5   0 0  1 0  0 4  0
   136  -.6672298243109998E-05   5   0 0  0 1  0 4  0
   --------------------------------------------------
     I  COEFFICIENT            ORDER EXPONENTS
     1  1.0000000000000000       1   0 0  0 0  1 0  0
     2  0.7690926975354118E-02   1   0 0  0 0  0 1  0
     3  -.7914333600876951E-08   2   2 0  0 0  0 0  0
     4  0.4941003073578915E-05   2   1 1  0 0  0 0  0
     5  -.2585623436577889E-01   2   0 2  0 0  0 0  0
     6  0.1672041121192456E-04   2   0 1  1 0  0 0  0
     7  -.7914333600876951E-08   2   0 0  2 0  0 0  0
     8  -.1672041121192456E-04   2   1 0  0 1  0 0  0
     9  0.4941003073578915E-05   2   0 0  1 1  0 0  0
    10  -.2585623436577889E-01   2   0 0  0 2  0 0  0
    11  -.7863322037216932E-02   2   0 0  0 0  0 2  0
    12  0.1206721093020607E-07   3   2 0  0 0  0 1  0
    13  -.1079246880280776E-04   3   1 1  0 0  0 1  0
    14  0.3909308792417376E-01   3   0 2  0 0  0 1  0
    15  -.2459407054731468E-04   3   0 1  1 0  0 1  0
    16  0.1206721093020607E-07   3   0 0  2 0  0 1  0
    17  0.2459407054731469E-04   3   1 0  0 1  0 1  0
    18  -.1079246880280776E-04   3   0 0  1 1  0 1  0
    19  0.3909308792417376E-01   3   0 0  0 2  0 1  0
    20  0.7536117018589807E-02   3   0 0  0 0  0 3  0
    21  0.5155474445259574E-05   4   4 0  0 0  0 0  0
    22  -.1105354558456286E-02   4   3 1  0 0  0 0  0
    23  -.8277141103383888E-04   4   2 2  0 0  0 0  0
    24  0.7849260634147833E-05   4   1 3  0 0  0 0  0
    25  -.1939203955665760E-01   4   0 4  0 0  0 0  0
    26  0.1297747781166684E-15   4   3 0  1 0  0 0  0
    27  -.8728607653915347E-02   4   2 1  1 0  0 0  0
    28  -.4576799705023548E-03   4   1 2  1 0  0 0  0
    29  0.1578138538933029E-04   4   0 3  1 0  0 0  0
    30  0.1031094889079062E-04   4   2 0  2 0  0 0  0
    31  -.1105354558456246E-02   4   1 1  2 0  0 0  0
    32  0.3648371484430503E-04   4   0 2  2 0  0 0  0
    33  -.8728607653915291E-02   4   0 1  3 0  0 0  0
    34  0.5155474445259574E-05   4   0 0  4 0  0 0  0
    35  0.8728607653915289E-02   4   3 0  0 1  0 0  0
    36  0.4576799705022838E-03   4   2 1  0 1  0 0  0
    37  -.1578138538932964E-04   4   1 2  0 1  0 0  0
    38  -.1105354558456245E-02   4   2 0  1 1  0 0  0
    39  -.2385102517566126E-03   4   1 1  1 1  0 0  0
    40  0.7849260634193312E-05   4   0 2  1 1  0 0  0
    41  0.8728607653915348E-02   4   1 0  2 1  0 0  0
    42  -.4576799705022843E-03   4   0 1  2 1  0 0  0
    43  -.1105354558456286E-02   4   0 0  3 1  0 0  0
    44  0.3648371484430507E-04   4   2 0  0 2  0 0  0
    45  0.7849260634193299E-05   4   1 1  0 2  0 0  0
    46  -.3878407911331520E-01   4   0 2  0 2  0 0  0
    47  0.4576799705023550E-03   4   1 0  1 2  0 0  0
    48  0.1578138538932964E-04   4   0 1  1 2  0 0  0
    49  -.8277141103383904E-04   4   0 0  2 2  0 0  0
    50  -.1578138538933027E-04   4   1 0  0 3  0 0  0
    51  0.7849260634147818E-05   4   0 0  1 3  0 0  0
    52  -.1939203955665759E-01   4   0 0  0 4  0 0  0
    53  -.1490467123960041E-07   4   2 0  0 0  0 2  0
    54  0.1662772023412708E-04   4   1 1  0 0  0 2  0
    55  -.4783249380528443E-01   4   0 2  0 0  0 2  0
    56  0.2914482964970832E-04   4   0 1  1 0  0 2  0
    57  -.1490467123960042E-07   4   0 0  2 0  0 2  0
    58  -.2914482964970833E-04   4   1 0  0 1  0 2  0
    59  0.1662772023412708E-04   4   0 0  1 1  0 2  0
    60  -.4783249380528443E-01   4   0 0  0 2  0 2  0
    61  -.7085135729154654E-02   4   0 0  0 0  0 4  0
    62  -.7776477929175219E-05   5   4 0  0 0  0 1  0
    63  0.2417455527639274E-02   5   3 1  0 0  0 1  0
    64  0.2366472894236219E-03   5   2 2  0 0  0 1  0
    65  -.2780679038792444E-04   5   1 3  0 0  0 1  0
    66  0.5575505131359557E-01   5   0 4  0 0  0 1  0
    67  -.1117287411754155E-15   5   3 0  1 0  0 1  0
    68  0.1307602889186038E-01   5   2 1  1 0  0 1  0
    69  0.9804589712835334E-03   5   1 2  1 0  0 1  0
    70  -.4395388936332024E-04   5   0 3  1 0  0 1  0
    71  -.1555295585832866E-04   5   2 0  2 0  0 1  0
    72  0.2417455527639188E-02   5   1 1  2 0  0 1  0
    73  -.1037558843245304E-03   5   0 2  2 0  0 1  0
    74  0.1117272323979782E-15   5   1 0  3 0  0 1  0
    75  0.1307602889186041E-01   5   0 1  3 0  0 1  0
    76  -.7776477929175220E-05   5   0 0  4 0  0 1  0
    77  -.1307602889186042E-01   5   3 0  0 1  0 1  0
    78  -.9804589712836234E-03   5   2 1  0 1  0 1  0
    79  0.4395388936332058E-04   5   1 2  0 1  0 1  0
    80  -.1127570259384925E-15   5   0 3  0 1  0 1  0
    81  0.2417455527639186E-02   5   2 0  1 1  0 1  0
    82  0.6808063474965050E-03   5   1 1  1 1  0 1  0
    83  -.2780679038800032E-04   5   0 2  1 1  0 1  0
    84  -.1307602889186038E-01   5   1 0  2 1  0 1  0
    85  0.9804589712836226E-03   5   0 1  2 1  0 1  0
    86  0.2417455527639273E-02   5   0 0  3 1  0 1  0
    87  -.1037558843245307E-03   5   2 0  0 2  0 1  0
    88  -.2780679038800034E-04   5   1 1  0 2  0 1  0
    89  0.1115101026271913       5   0 2  0 2  0 1  0
    90  -.9804589712835334E-03   5   1 0  1 2  0 1  0
    91  -.4395388936332047E-04   5   0 1  1 2  0 1  0
    92  0.2366472894236215E-03   5   0 0  2 2  0 1  0
    93  0.4395388936332022E-04   5   1 0  0 3  0 1  0
    94  0.1144917494144693E-15   5   0 1  0 3  0 1  0
    95  -.2780679038792442E-04   5   0 0  1 3  0 1  0
    96  0.5575505131359558E-01   5   0 0  0 4  0 1  0
    97  0.1723412674218008E-07   5   2 0  0 0  0 3  0
    98  -.2230616595567405E-04   5   1 1  0 0  0 3  0
    99  0.5477471055894367E-01   5   0 2  0 0  0 3  0
   100  -.3224872975409288E-04   5   0 1  1 0  0 3  0
   101  0.1723412674218008E-07   5   0 0  2 0  0 3  0
   102  0.3224872975409288E-04   5   1 0  0 1  0 3  0
   103  -.2230616595567405E-04   5   0 0  1 1  0 3  0
   104  0.5477471055894369E-01   5   0 0  0 2  0 3  0
   105  0.6639787906708204E-02   5   0 0  0 0  0 5  0
   --------------------------------------------------
     I  COEFFICIENT            ORDER EXPONENTS
     1  1.0000000000000000       1   0 0  0 0  0 1  0
     ------------------------------------------------
     ALL COMPONENTS ZERO 
     ------------------- 
     ALL COMPONENTS ZERO 
     ------------------- 
