 L    0.9999999999999787E-02
 P (  0.0000000000000000E+00,  0.0000000000000000E+00,  0.2506049999999995E+01)
 A (  0.0000000000000000E+00,  0.0000000000000000E+00,  0.0000000000000000E+00)
     I  COEFFICIENT            ORDER EXPONENTS
     1  0.9999960534331446       1   1 0  0 0  0 0  0
     2  0.9999602757108624E-02   1   0 1  0 0  0 0  0
     3  -.7477356754363073E-03   1   0 0  1 0  0 0  0
     4  -.7717185964078397E-04   1   0 0  0 1  0 0  0
     5  0.5379975038332999E-05   2   1 0  0 0  0 1  0
     6  -.6815290254977410E-02   2   0 1  0 0  0 1  0
     7  0.5096432095649964E-03   2   0 0  1 0  0 1  0
     8  0.1052001711278070E-03   2   0 0  0 1  0 1  0
     9  -.6131151619105288E-04   3   3 0  0 0  0 0  0
    10  0.2856548278608147E-04   3   2 1  0 0  0 0  0
    11  -.1788441219789691E-06   3   1 2  0 0  0 0  0
    12  0.4999413712939862E-02   3   0 3  0 0  0 0  0
    13  -.3969518357879520E-02   3   2 0  1 0  0 0  0
    14  -.2608979499963720E-04   3   1 1  1 0  0 0  0
    15  -.1121566174066306E-02   3   0 2  1 0  0 0  0
    16  -.6131151619105288E-04   3   1 0  2 0  0 0  0
    17  0.1034110926351609E-03   3   0 1  2 0  0 0  0
    18  -.3969518357879521E-02   3   0 0  3 0  0 0  0
    19  -.7865333485597538E-03   3   2 0  0 1  0 0  0
    20  0.7421314619471590E-03   3   1 1  0 1  0 0  0
    21  -.7718444713971234E-04   3   0 2  0 1  0 0  0
    22  -.7484560984907942E-04   3   1 0  1 1  0 0  0
    23  0.1547537735590214E-04   3   0 1  1 1  0 0  0
    24  -.8126231435593902E-03   3   0 0  2 1  0 0  0
    25  -.1565422147788111E-04   3   1 0  0 2  0 0  0
    26  0.4999413712939862E-02   3   0 1  0 2  0 0  0
    27  -.3794347121191472E-03   3   0 0  1 2  0 0  0
    28  -.7718444713971237E-04   3   0 0  0 3  0 0  0
    29  -.5900546078922162E-05   3   1 0  0 0  0 2  0
    30  0.5151617818315201E-02   3   0 1  0 0  0 2  0
    31  -.3852546438551972E-03   3   0 0  1 0  0 2  0
    32  -.1153783357573974E-03   3   0 0  0 1  0 2  0
    33  0.8363350289702089E-04   4   3 0  0 0  0 1  0
    34  -.5839937982912272E-04   4   2 1  0 0  0 1  0
    35  0.4881900193477150E-06   4   1 2  0 0  0 1  0
    36  -.1022215573254684E-01   4   0 3  0 0  0 1  0
    37  0.2710791255428612E-02   4   2 0  1 0  0 1  0
    38  0.3513733102750553E-04   4   1 1  1 0  0 1  0
    39  0.2293240563876813E-02   4   0 2  1 0  0 1  0
    40  0.8363350289702089E-04   4   1 0  2 0  0 1  0
    41  -.2114436619045786E-03   4   0 1  2 0  0 1  0
    42  0.2710791255428612E-02   4   0 0  3 0  0 1  0
    43  0.1073967048961486E-02   4   2 0  0 1  0 1  0
    44  -.1517308850962791E-02   4   1 1  0 1  0 1  0
    45  0.2104348707633987E-03   4   0 2  0 1  0 1  0
    46  0.1530442820754558E-03   4   1 0  1 1  0 1  0
    47  -.4219107153485941E-04   4   0 1  1 1  0 1  0
    48  0.1109104379988990E-02   4   0 0  2 1  0 1  0
    49  0.4267926155420712E-04   4   1 0  0 2  0 1  0
    50  -.1022215573254684E-01   4   0 1  0 2  0 1  0
    51  0.7759317129140220E-03   4   0 0  1 2  0 1  0
    52  0.2104348707633987E-03   4   0 0  0 3  0 1  0
    53  0.6089553634731904E-05   4   1 0  0 0  0 3  0
    54  -.4201689841593397E-02   4   0 1  0 0  0 3  0
    55  0.3142342750063065E-03   4   0 0  1 0  0 3  0
    56  0.1190728875051946E-03   4   0 0  0 1  0 3  0
    57  -.2951398732719143E-03   5   5 0  0 0  0 0  0
    58  0.3409608505118867E-03   5   4 1  0 0  0 0  0
    59  -.9610004413895969E-07   5   3 2  0 0  0 0  0
    60  0.4340609058500568E-04   5   2 3  0 0  0 0  0
    61  0.3590845156734098E-05   5   1 4  0 0  0 0  0
    62  0.3749279115675308E-02   5   0 5  0 0  0 0  0
    63  -.7606494292578190E-02   5   4 0  1 0  0 0  0
    64  -.1004993652362334E-03   5   3 1  1 0  0 0  0
    65  -.5964818202890238E-02   5   2 2  1 0  0 0  0
    66  -.5359717505644563E-04   5   1 3  1 0  0 0  0
    67  -.1401915359217051E-02   5   0 4  1 0  0 0  0
    68  -.5902797465438283E-03   5   3 0  2 0  0 0  0
    69  0.1476410563827349E-02   5   2 1  2 0  0 0  0
    70  0.6833916322011165E-05   5   1 2  2 0  0 0  0
    71  0.2667981038664477E-03   5   0 3  2 0  0 0  0
    72  -.1521298858515636E-01   5   2 0  3 0  0 0  0
    73  -.1004993652362333E-03   5   1 1  3 0  0 0  0
    74  -.5976816371833135E-02   5   0 2  3 0  0 0  0
    75  -.2951398732719141E-03   5   1 0  4 0  0 0  0
    76  0.1135449713315462E-02   5   0 1  4 0  0 0  0
    77  -.7606494292578187E-02   5   0 0  5 0  0 0  0
    78  -.7901002667097413E-03   5   4 0  0 1  0 0  0
    79  0.3962327633440478E-02   5   3 1  0 1  0 0  0
    80  -.7601063812613369E-03   5   2 2  0 1  0 0  0
    81  0.1113102392151772E-02   5   1 3  0 1  0 0  0
    82  -.7719718903404809E-04   5   0 4  0 1  0 0  0
    83  -.7944888628035742E-03   5   3 0  1 1  0 0  0
    84  0.2360596530587199E-03   5   2 1  1 1  0 0  0
    85  -.3328143600264782E-03   5   1 2  1 1  0 0  0
    86  0.3095737988850532E-04   5   0 3  1 1  0 0  0
    87  -.1680699898655717E-02   5   2 0  2 1  0 0  0
    88  0.3986323971326272E-02   5   1 1  2 1  0 0  0
    89  -.8436507141662317E-03   5   0 2  2 1  0 0  0
    90  -.7944888628035741E-03   5   1 0  3 1  0 0  0
    91  0.2499196857910198E-03   5   0 1  3 1  0 0  0
    92  -.8905996319459756E-03   5   0 0  4 1  0 0  0
    93  -.2430857694690089E-03   5   3 0  0 2  0 0  0
    94  0.1528284373300418E-03   5   2 1  0 2  0 0  0
    95  -.2377568957503751E-04   5   1 2  0 2  0 0  0
    96  0.7498558231350615E-02   5   0 3  0 2  0 0  0
    97  -.2014488738392655E-02   5   2 0  1 2  0 0  0
    98  0.6297140640454044E-05   5   1 1  1 2  0 0  0
    99  -.1690728326282331E-02   5   0 2  1 2  0 0  0
   100  -.2500157858351585E-03   5   1 0  2 2  0 0  0
   101  0.1573757571214114E-03   5   0 1  2 2  0 0  0
   102  -.2002490569449757E-02   5   0 0  3 2  0 0  0
   103  -.7900535391097861E-03   5   2 0  0 3  0 0  0
   104  0.1113102392151772E-02   5   1 1  0 3  0 0  0
   105  -.1543943780680981E-03   5   0 2  0 3  0 0  0
   106  -.1139696665364058E-03   5   1 0  1 3  0 0  0
   107  0.3095737988850444E-04   5   0 1  1 3  0 0  0
   108  -.8137035563177818E-03   5   0 0  2 3  0 0  0
   109  -.2736653473177173E-04   5   1 0  0 4  0 0  0
   110  0.3749279115675307E-02   5   0 1  0 4  0 0  0
   111  -.2888129670652796E-03   5   0 0  1 4  0 0  0
   112  -.7719718903404870E-04   5   0 0  0 5  0 0  0
   113  -.9179876016597493E-04   5   3 0  0 0  0 2  0
   114  0.8393315127660046E-04   5   2 1  0 0  0 2  0
   115  -.8693813822472603E-06   5   1 2  0 0  0 2  0
   116  0.1469383210246628E-01   5   0 3  0 0  0 2  0
   117  -.2054524681092836E-02   5   2 0  1 0  0 2  0
   118  -.3795327716745965E-04   5   1 1  1 0  0 2  0
   119  -.3296429049406521E-02   5   0 2  1 0  0 2  0
   120  -.9179876016597493E-04   5   1 0  2 0  0 2  0
   121  0.3039430005467439E-03   5   0 1  2 0  0 2  0
   122  -.2054524681092836E-02   5   0 0  3 0  0 2  0
   123  -.1180286636385973E-02   5   2 0  0 1  0 2  0
   124  0.2180874558446638E-02   5   1 1  0 1  0 2  0
   125  -.3742266856704310E-03   5   0 2  0 1  0 2  0
   126  -.2200098492701435E-03   5   1 0  1 1  0 2  0
   127  0.7502874977490602E-04   5   0 1  1 1  0 2  0
   128  -.1218239913553433E-02   5   0 0  2 1  0 2  0
   129  -.7589813115715328E-04   5   1 0  0 2  0 2  0
   130  0.1469383210246628E-01   5   0 1  0 2  0 2  0
   131  -.1115554490959882E-02   5   0 0  1 2  0 2  0
   132  -.3742266856704310E-03   5   0 0  0 3  0 2  0
   133  -.6158129693024372E-05   5   1 0  0 0  0 4  0
   134  0.3608184331915397E-02   5   0 1  0 0  0 4  0
   135  -.2698638201150542E-03   5   0 0  1 0  0 4  0
   136  -.1204124314207413E-03   5   0 0  0 1  0 4  0
   --------------------------------------------------
     I  COEFFICIENT            ORDER EXPONENTS
     1  -.1228127315050140E-02   1   1 0  0 0  0 0  0
     2  0.9998731492156898       1   0 1  0 0  0 0  0
     3  -.1490113789986974       1   0 0  1 0  0 0  0
     4  -.1617644866003914E-01   1   0 0  0 1  0 0  0
     5  0.8370690821073714E-03   2   1 0  0 0  0 1  0
     6  0.1729221124031140E-03   2   0 1  0 0  0 1  0
     7  -.8908035352981063E-05   2   0 0  1 0  0 1  0
     8  0.1102513633002201E-01   2   0 0  0 1  0 1  0
     9  -.1905150594940319E-01   3   3 0  0 0  0 0  0
    10  -.2800752325970114E-02   3   2 1  0 0  0 0  0
    11  -.6416961914296202E-03   3   1 2  0 0  0 0  0
    12  -.1269395062967537E-03   3   0 3  0 0  0 0  0
    13  -.7918968627528183       3   2 0  1 0  0 0  0
    14  -.7785691254672692E-02   3   1 1  1 0  0 0  0
    15  -.5179796534364435E-06   3   0 2  1 0  0 0  0
    16  -.1905150594940319E-01   3   1 0  2 0  0 0  0
    17  -.2624399216267643E-02   3   0 1  2 0  0 0  0
    18  -.7918968627528186       3   0 0  3 0  0 0  0
    19  -.1638086085646932       3   2 0  0 1  0 0  0
    20  -.1727799409634237E-02   3   1 1  0 1  0 0  0
    21  -.8093366293478631E-02   3   0 2  0 1  0 0  0
    22  -.1763531097024724E-03   3   1 0  1 1  0 0  0
    23  0.1193013624384820E-02   3   0 1  1 1  0 0  0
    24  -.1715942998193659       3   0 0  2 1  0 0  0
    25  -.1834709815814441E-02   3   1 0  0 2  0 0  0
    26  -.1269395062967544E-03   3   0 1  0 2  0 0  0
    27  -.1728317389287674E-02   3   0 0  1 2  0 0  0
    28  -.8093366293478633E-02   3   0 0  0 3  0 0  0
    29  -.6327652646411388E-03   3   1 0  0 0  0 2  0
    30  -.1896523487407362E-03   3   0 1  0 0  0 2  0
    31  0.9769983425901625E-05   3   0 0  1 0  0 2  0
    32  -.8333781953152090E-02   3   0 0  0 1  0 2  0
    33  0.1299381115539432E-01   4   3 0  0 0  0 1  0
    34  0.3820185322123792E-02   4   2 1  0 0  0 1  0
    35  0.1312245338444685E-02   4   1 2  0 0  0 1  0
    36  0.3460864657448700E-03   4   0 3  0 0  0 1  0
    37  -.2317412868351666E-03   4   2 0  1 0  0 1  0
    38  0.5137594133833162E-02   4   1 1  1 0  0 1  0
    39  -.3450268518883768E-04   4   0 2  1 0  0 1  0
    40  0.1299381115539432E-01   4   1 0  2 0  0 1  0
    41  0.3580492979815145E-02   4   0 1  2 0  0 1  0
    42  -.2317412868351666E-03   4   0 0  3 0  0 1  0
    43  0.1118760166493307       4   2 0  0 1  0 1  0
    44  0.2389982939234002E-02   4   1 1  0 1  0 1  0
    45  0.1654823999175159E-01   4   0 2  0 1  0 1  0
    46  0.2396923423086470E-03   4   1 0  1 1  0 1  0
    47  -.2439139789382454E-02   4   0 1  1 1  0 1  0
    48  0.1170136107831638       4   0 0  2 1  0 1  0
    49  0.3751385127827138E-02   4   1 0  0 2  0 1  0
    50  0.3460864657448728E-03   4   0 1  0 2  0 1  0
    51  0.2355480254045164E-02   4   0 0  1 2  0 1  0
    52  0.1654823999175159E-01   4   0 0  0 3  0 1  0
    53  0.5161167458498632E-03   4   1 0  0 0  0 3  0
    54  0.1957251765854916E-03   4   0 1  0 0  0 3  0
    55  -.1008293630702923E-04   4   0 0  1 0  0 3  0
    56  0.6797061894988101E-02   4   0 0  0 1  0 3  0
    57  -.9286584473544435E-01   5   5 0  0 0  0 0  0
    58  -.1782791603758479E-01   5   4 1  0 0  0 0  0
    59  -.9885678227084346E-02   5   3 2  0 0  0 0  0
    60  -.2805417865350344E-02   5   2 3  0 0  0 0  0
    61  -.5021108941553815E-03   5   1 4  0 0  0 0  0
    62  -.1270285050942789E-03   5   0 5  0 0  0 0  0
    63  -1.597115286468421       5   4 0  1 0  0 0  0
    64  -.3119899790466095E-01   5   3 1  1 0  0 0  0
    65  0.3593976680945256E-03   5   2 2  1 0  0 0  0
    66  -.3763479670359034E-02   5   1 3  1 0  0 0  0
    67  0.1880094029355801E-04   5   0 4  1 0  0 0  0
    68  -.1857316894708888       5   3 0  2 0  0 0  0
    69  -.3430820780665095E-01   5   2 1  2 0  0 0  0
    70  -.9505566167002743E-02   5   1 2  2 0  0 0  0
    71  -.2628333140866949E-02   5   0 3  2 0  0 0  0
    72  -3.194230572936843       5   2 0  3 0  0 0  0
    73  -.3119899790466093E-01   5   1 1  3 0  0 0  0
    74  0.5558773412927236E-03   5   0 2  3 0  0 0  0
    75  -.9286584473544436E-01   5   1 0  4 0  0 0  0
    76  -.1648029176906614E-01   5   0 1  4 0  0 0  0
    77  -1.597115286468422       5   0 0  5 0  0 0  0
    78  -.1752843759941486       5   4 0  0 1  0 0  0
    79  -.4528157541395513E-02   5   3 1  0 1  0 0  0
    80  -.8211704714704558E-01   5   2 2  0 1  0 0  0
    81  -.1753438925410554E-02   5   1 3  0 1  0 0  0
    82  -.6073897072903744E-02   5   0 4  0 1  0 0  0
    83  -.1347624268518674E-02   5   3 0  1 1  0 0  0
    84  0.1824866795978659E-01   5   2 1  1 1  0 0  0
    85  0.1264936034015163E-03   5   1 2  1 1  0 0  0
    86  0.1790650122424779E-02   5   0 3  1 1  0 0  0
    87  -.3817677498929580       5   2 0  2 1  0 0  0
    88  -.4921116887791951E-02   5   1 1  2 1  0 0  0
    89  -.8602769047783082E-01   5   0 2  2 1  0 0  0
    90  -.1347624268518681E-02   5   1 0  3 1  0 0  0
    91  0.1900889207994979E-01   5   0 1  3 1  0 0  0
    92  -.2064833738988095       5   0 0  4 1  0 0  0
    93  -.2851445824695253E-01   5   3 0  0 2  0 0  0
    94  -.3108996193235253E-02   5   2 1  0 2  0 0  0
    95  -.2794871910735610E-02   5   1 2  0 2  0 0  0
    96  -.2540570101885805E-03   5   0 3  0 2  0 0  0
    97  -.3972280200102750E-02   5   2 0  1 2  0 0  0
    98  -.3469152349506628E-02   5   1 1  1 2  0 0  0
    99  -.1715837044823538E-02   5   0 2  1 2  0 0  0
   100  -.2889457030703414E-01   5   1 0  2 2  0 0  0
   101  -.2324754812982062E-02   5   0 1  2 2  0 0  0
   102  -.4168759873300946E-02   5   0 0  3 2  0 0  0
   103  -.8226421080747182E-01   5   2 0  0 3  0 0  0
   104  -.1753438925410571E-02   5   1 1  0 3  0 0  0
   105  -.1214779414580783E-01   5   0 2  0 3  0 0  0
   106  -.4806630523682926E-03   5   1 0  1 3  0 0  0
   107  0.1790650122424611E-02   5   0 1  1 3  0 0  0
   108  -.8588052681740459E-01   5   0 0  2 3  0 0  0
   109  -.2292761016580252E-02   5   1 0  0 4  0 0  0
   110  -.1270285050943380E-03   5   0 1  0 4  0 0  0
   111  -.1734637985117051E-02   5   0 0  1 4  0 0  0
   112  -.6073897072903852E-02   5   0 0  0 5  0 0  0
   113  -.9831253150528052E-02   5   3 0  0 0  0 2  0
   114  -.4192813753145697E-02   5   2 1  0 0  0 2  0
   115  -.1886606381794286E-02   5   1 2  0 0  0 2  0
   116  -.6154624310021123E-03   5   0 3  0 0  0 2  0
   117  0.2542856980095013E-03   5   2 0  1 0  0 2  0
   118  -.3710878930262680E-02   5   1 1  1 0  0 2  0
   119  0.8583675540050016E-04   5   0 2  1 0  0 2  0
   120  -.9831253150528052E-02   5   1 0  2 0  0 2  0
   121  -.3930900400178760E-02   5   0 1  2 0  0 2  0
   122  0.2542856980095012E-03   5   0 0  3 0  0 2  0
   123  -.8480252461785628E-01   5   2 0  0 1  0 2  0
   124  -.2668458831715886E-02   5   1 1  0 1  0 2  0
   125  -.2378720636657899E-01   5   0 2  0 1  0 2  0
   126  -.2619133529669328E-03   5   1 0  1 1  0 2  0
   127  0.3505832639927339E-02   5   0 1  1 1  0 2  0
   128  -.8851340354811896E-01   5   0 0  2 1  0 2  0
   129  -.5392439021721625E-02   5   1 0  0 2  0 2  0
   130  -.6154624310021192E-03   5   0 1  0 2  0 2  0
   131  -.2582622076315387E-02   5   0 0  1 2  0 2  0
   132  -.2378720636657898E-01   5   0 0  0 3  0 2  0
   133  -.4432397423204232E-03   5   1 0  0 0  0 4  0
   134  -.1979269707351453E-03   5   0 1  0 0  0 4  0
   135  0.1019648147398188E-04   5   0 0  1 0  0 4  0
   136  -.5836932006905295E-02   5   0 0  0 1  0 4  0
   --------------------------------------------------
     I  COEFFICIENT            ORDER EXPONENTS
     1  0.7477356754363073E-03   1   1 0  0 0  0 0  0
     2  0.7717185964078397E-04   1   0 1  0 0  0 0  0
     3  0.9999960534331446       1   0 0  1 0  0 0  0
     4  0.9999602757108624E-02   1   0 0  0 1  0 0  0
     5  -.5096432095649964E-03   2   1 0  0 0  0 1  0
     6  -.1052001711278070E-03   2   0 1  0 0  0 1  0
     7  0.5379975038332999E-05   2   0 0  1 0  0 1  0
     8  -.6815290254977410E-02   2   0 0  0 1  0 1  0
     9  0.3969518357879519E-02   3   3 0  0 0  0 0  0
    10  0.8126231435593902E-03   3   2 1  0 0  0 0  0
    11  0.3794347121191472E-03   3   1 2  0 0  0 0  0
    12  0.7718444713971237E-04   3   0 3  0 0  0 0  0
    13  -.6131151619105290E-04   3   2 0  1 0  0 0  0
    14  -.7484560984907940E-04   3   1 1  1 0  0 0  0
    15  -.1565422147788111E-04   3   0 2  1 0  0 0  0
    16  0.3969518357879519E-02   3   1 0  2 0  0 0  0
    17  0.7865333485597538E-03   3   0 1  2 0  0 0  0
    18  -.6131151619105288E-04   3   0 0  3 0  0 0  0
    19  0.1034110926351609E-03   3   2 0  0 1  0 0  0
    20  0.1547537735590214E-04   3   1 1  0 1  0 0  0
    21  0.4999413712939862E-02   3   0 2  0 1  0 0  0
    22  0.2608979499963720E-04   3   1 0  1 1  0 0  0
    23  -.7421314619471590E-03   3   0 1  1 1  0 0  0
    24  0.2856548278608147E-04   3   0 0  2 1  0 0  0
    25  0.1121566174066306E-02   3   1 0  0 2  0 0  0
    26  0.7718444713971234E-04   3   0 1  0 2  0 0  0
    27  -.1788441219789691E-06   3   0 0  1 2  0 0  0
    28  0.4999413712939862E-02   3   0 0  0 3  0 0  0
    29  0.3852546438551972E-03   3   1 0  0 0  0 2  0
    30  0.1153783357573974E-03   3   0 1  0 0  0 2  0
    31  -.5900546078922162E-05   3   0 0  1 0  0 2  0
    32  0.5151617818315201E-02   3   0 0  0 1  0 2  0
    33  -.2710791255428611E-02   4   3 0  0 0  0 1  0
    34  -.1109104379988990E-02   4   2 1  0 0  0 1  0
    35  -.7759317129140220E-03   4   1 2  0 0  0 1  0
    36  -.2104348707633987E-03   4   0 3  0 0  0 1  0
    37  0.8363350289702093E-04   4   2 0  1 0  0 1  0
    38  0.1530442820754558E-03   4   1 1  1 0  0 1  0
    39  0.4267926155420713E-04   4   0 2  1 0  0 1  0
    40  -.2710791255428611E-02   4   1 0  2 0  0 1  0
    41  -.1073967048961486E-02   4   0 1  2 0  0 1  0
    42  0.8363350289702089E-04   4   0 0  3 0  0 1  0
    43  -.2114436619045785E-03   4   2 0  0 1  0 1  0
    44  -.4219107153485941E-04   4   1 1  0 1  0 1  0
    45  -.1022215573254684E-01   4   0 2  0 1  0 1  0
    46  -.3513733102750553E-04   4   1 0  1 1  0 1  0
    47  0.1517308850962791E-02   4   0 1  1 1  0 1  0
    48  -.5839937982912272E-04   4   0 0  2 1  0 1  0
    49  -.2293240563876813E-02   4   1 0  0 2  0 1  0
    50  -.2104348707633987E-03   4   0 1  0 2  0 1  0
    51  0.4881900193477150E-06   4   0 0  1 2  0 1  0
    52  -.1022215573254684E-01   4   0 0  0 3  0 1  0
    53  -.3142342750063065E-03   4   1 0  0 0  0 3  0
    54  -.1190728875051946E-03   4   0 1  0 0  0 3  0
    55  0.6089553634731904E-05   4   0 0  1 0  0 3  0
    56  -.4201689841593397E-02   4   0 0  0 1  0 3  0
    57  0.7606494292578182E-02   5   5 0  0 0  0 0  0
    58  0.8905996319459766E-03   5   4 1  0 0  0 0  0
    59  0.2002490569449756E-02   5   3 2  0 0  0 0  0
    60  0.8137035563177818E-03   5   2 3  0 0  0 0  0
    61  0.2888129670652796E-03   5   1 4  0 0  0 0  0
    62  0.7719718903404870E-04   5   0 5  0 0  0 0  0
    63  -.2951398732719147E-03   5   4 0  1 0  0 0  0
    64  -.7944888628035742E-03   5   3 1  1 0  0 0  0
    65  -.2500157858351588E-03   5   2 2  1 0  0 0  0
    66  -.1139696665364058E-03   5   1 3  1 0  0 0  0
    67  -.2736653473177133E-04   5   0 4  1 0  0 0  0
    68  0.1521298858515637E-01   5   3 0  2 0  0 0  0
    69  0.1680699898655717E-02   5   2 1  2 0  0 0  0
    70  0.2014488738392654E-02   5   1 2  2 0  0 0  0
    71  0.7900535391097863E-03   5   0 3  2 0  0 0  0
    72  -.5902797465438284E-03   5   2 0  3 0  0 0  0
    73  -.7944888628035740E-03   5   1 1  3 0  0 0  0
    74  -.2430857694690090E-03   5   0 2  3 0  0 0  0
    75  0.7606494292578187E-02   5   1 0  4 0  0 0  0
    76  0.7901002667097413E-03   5   0 1  4 0  0 0  0
    77  -.2951398732719143E-03   5   0 0  5 0  0 0  0
    78  0.1135449713315461E-02   5   4 0  0 1  0 0  0
    79  0.2499196857910199E-03   5   3 1  0 1  0 0  0
    80  0.1573757571214114E-03   5   2 2  0 1  0 0  0
    81  0.3095737988850443E-04   5   1 3  0 1  0 0  0
    82  0.3749279115675307E-02   5   0 4  0 1  0 0  0
    83  0.1004993652362333E-03   5   3 0  1 1  0 0  0
    84  -.3986323971326276E-02   5   2 1  1 1  0 0  0
    85  -.6297140640454035E-05   5   1 2  1 1  0 0  0
    86  -.1113102392151772E-02   5   0 3  1 1  0 0  0
    87  0.1476410563827347E-02   5   2 0  2 1  0 0  0
    88  0.2360596530587199E-03   5   1 1  2 1  0 0  0
    89  0.1528284373300419E-03   5   0 2  2 1  0 0  0
    90  0.1004993652362333E-03   5   1 0  3 1  0 0  0
    91  -.3962327633440479E-02   5   0 1  3 1  0 0  0
    92  0.3409608505118870E-03   5   0 0  4 1  0 0  0
    93  0.5976816371833134E-02   5   3 0  0 2  0 0  0
    94  0.8436507141662323E-03   5   2 1  0 2  0 0  0
    95  0.1690728326282331E-02   5   1 2  0 2  0 0  0
    96  0.1543943780680981E-03   5   0 3  0 2  0 0  0
    97  0.6833916322011158E-05   5   2 0  1 2  0 0  0
    98  -.3328143600264782E-03   5   1 1  1 2  0 0  0
    99  -.2377568957503749E-04   5   0 2  1 2  0 0  0
   100  0.5964818202890233E-02   5   1 0  2 2  0 0  0
   101  0.7601063812613369E-03   5   0 1  2 2  0 0  0
   102  -.9610004413896699E-07   5   0 0  3 2  0 0  0
   103  0.2667981038664477E-03   5   2 0  0 3  0 0  0
   104  0.3095737988850532E-04   5   1 1  0 3  0 0  0
   105  0.7498558231350615E-02   5   0 2  0 3  0 0  0
   106  0.5359717505644564E-04   5   1 0  1 3  0 0  0
   107  -.1113102392151772E-02   5   0 1  1 3  0 0  0
   108  0.4340609058500567E-04   5   0 0  2 3  0 0  0
   109  0.1401915359217051E-02   5   1 0  0 4  0 0  0
   110  0.7719718903404809E-04   5   0 1  0 4  0 0  0
   111  0.3590845156732358E-05   5   0 0  1 4  0 0  0
   112  0.3749279115675308E-02   5   0 0  0 5  0 0  0
   113  0.2054524681092835E-02   5   3 0  0 0  0 2  0
   114  0.1218239913553433E-02   5   2 1  0 0  0 2  0
   115  0.1115554490959882E-02   5   1 2  0 0  0 2  0
   116  0.3742266856704310E-03   5   0 3  0 0  0 2  0
   117  -.9179876016597500E-04   5   2 0  1 0  0 2  0
   118  -.2200098492701435E-03   5   1 1  1 0  0 2  0
   119  -.7589813115715328E-04   5   0 2  1 0  0 2  0
   120  0.2054524681092835E-02   5   1 0  2 0  0 2  0
   121  0.1180286636385973E-02   5   0 1  2 0  0 2  0
   122  -.9179876016597493E-04   5   0 0  3 0  0 2  0
   123  0.3039430005467440E-03   5   2 0  0 1  0 2  0
   124  0.7502874977490602E-04   5   1 1  0 1  0 2  0
   125  0.1469383210246628E-01   5   0 2  0 1  0 2  0
   126  0.3795327716745964E-04   5   1 0  1 1  0 2  0
   127  -.2180874558446638E-02   5   0 1  1 1  0 2  0
   128  0.8393315127660046E-04   5   0 0  2 1  0 2  0
   129  0.3296429049406521E-02   5   1 0  0 2  0 2  0
   130  0.3742266856704310E-03   5   0 1  0 2  0 2  0
   131  -.8693813822472603E-06   5   0 0  1 2  0 2  0
   132  0.1469383210246628E-01   5   0 0  0 3  0 2  0
   133  0.2698638201150542E-03   5   1 0  0 0  0 4  0
   134  0.1204124314207413E-03   5   0 1  0 0  0 4  0
   135  -.6158129693024372E-05   5   0 0  1 0  0 4  0
   136  0.3608184331915397E-02   5   0 0  0 1  0 4  0
   --------------------------------------------------
     I  COEFFICIENT            ORDER EXPONENTS
     1  0.1490113789986974       1   1 0  0 0  0 0  0
     2  0.1617644866003914E-01   1   0 1  0 0  0 0  0
     3  -.1228127315050140E-02   1   0 0  1 0  0 0  0
     4  0.9998731492156898       1   0 0  0 1  0 0  0
     5  0.8908035352981063E-05   2   1 0  0 0  0 1  0
     6  -.1102513633002201E-01   2   0 1  0 0  0 1  0
     7  0.8370690821073714E-03   2   0 0  1 0  0 1  0
     8  0.1729221124031140E-03   2   0 0  0 1  0 1  0
     9  0.7918968627528186       3   3 0  0 0  0 0  0
    10  0.1715942998193659       3   2 1  0 0  0 0  0
    11  0.1728317389287674E-02   3   1 2  0 0  0 0  0
    12  0.8093366293478633E-02   3   0 3  0 0  0 0  0
    13  -.1905150594940319E-01   3   2 0  1 0  0 0  0
    14  -.1763531097024724E-03   3   1 1  1 0  0 0  0
    15  -.1834709815814440E-02   3   0 2  1 0  0 0  0
    16  0.7918968627528183       3   1 0  2 0  0 0  0
    17  0.1638086085646932       3   0 1  2 0  0 0  0
    18  -.1905150594940319E-01   3   0 0  3 0  0 0  0
    19  -.2624399216267643E-02   3   2 0  0 1  0 0  0
    20  0.1193013624384820E-02   3   1 1  0 1  0 0  0
    21  -.1269395062967544E-03   3   0 2  0 1  0 0  0
    22  0.7785691254672689E-02   3   1 0  1 1  0 0  0
    23  0.1727799409634237E-02   3   0 1  1 1  0 0  0
    24  -.2800752325970114E-02   3   0 0  2 1  0 0  0
    25  0.5179796534364541E-06   3   1 0  0 2  0 0  0
    26  0.8093366293478631E-02   3   0 1  0 2  0 0  0
    27  -.6416961914296202E-03   3   0 0  1 2  0 0  0
    28  -.1269395062967537E-03   3   0 0  0 3  0 0  0
    29  -.9769983425901625E-05   3   1 0  0 0  0 2  0
    30  0.8333781953152090E-02   3   0 1  0 0  0 2  0
    31  -.6327652646411388E-03   3   0 0  1 0  0 2  0
    32  -.1896523487407362E-03   3   0 0  0 1  0 2  0
    33  0.2317412868351665E-03   4   3 0  0 0  0 1  0
    34  -.1170136107831638       4   2 1  0 0  0 1  0
    35  -.2355480254045164E-02   4   1 2  0 0  0 1  0
    36  -.1654823999175159E-01   4   0 3  0 0  0 1  0
    37  0.1299381115539433E-01   4   2 0  1 0  0 1  0
    38  0.2396923423086470E-03   4   1 1  1 0  0 1  0
    39  0.3751385127827138E-02   4   0 2  1 0  0 1  0
    40  0.2317412868351665E-03   4   1 0  2 0  0 1  0
    41  -.1118760166493307       4   0 1  2 0  0 1  0
    42  0.1299381115539432E-01   4   0 0  3 0  0 1  0
    43  0.3580492979815145E-02   4   2 0  0 1  0 1  0
    44  -.2439139789382454E-02   4   1 1  0 1  0 1  0
    45  0.3460864657448728E-03   4   0 2  0 1  0 1  0
    46  -.5137594133833158E-02   4   1 0  1 1  0 1  0
    47  -.2389982939234002E-02   4   0 1  1 1  0 1  0
    48  0.3820185322123792E-02   4   0 0  2 1  0 1  0
    49  0.3450268518883769E-04   4   1 0  0 2  0 1  0
    50  -.1654823999175159E-01   4   0 1  0 2  0 1  0
    51  0.1312245338444685E-02   4   0 0  1 2  0 1  0
    52  0.3460864657448700E-03   4   0 0  0 3  0 1  0
    53  0.1008293630702923E-04   4   1 0  0 0  0 3  0
    54  -.6797061894988101E-02   4   0 1  0 0  0 3  0
    55  0.5161167458498632E-03   4   0 0  1 0  0 3  0
    56  0.1957251765854916E-03   4   0 0  0 1  0 3  0
    57   1.597115286468421       5   5 0  0 0  0 0  0
    58  0.2064833738988095       5   4 1  0 0  0 0  0
    59  0.4168759873300946E-02   5   3 2  0 0  0 0  0
    60  0.8588052681740459E-01   5   2 3  0 0  0 0  0
    61  0.1734637985117053E-02   5   1 4  0 0  0 0  0
    62  0.6073897072903852E-02   5   0 5  0 0  0 0  0
    63  -.9286584473544442E-01   5   4 0  1 0  0 0  0
    64  -.1347624268518682E-02   5   3 1  1 0  0 0  0
    65  -.2889457030703416E-01   5   2 2  1 0  0 0  0
    66  -.4806630523682927E-03   5   1 3  1 0  0 0  0
    67  -.2292761016580160E-02   5   0 4  1 0  0 0  0
    68   3.194230572936843       5   3 0  2 0  0 0  0
    69  0.3817677498929579       5   2 1  2 0  0 0  0
    70  0.3972280200102751E-02   5   1 2  2 0  0 0  0
    71  0.8226421080747184E-01   5   0 3  2 0  0 0  0
    72  -.1857316894708888       5   2 0  3 0  0 0  0
    73  -.1347624268518675E-02   5   1 1  3 0  0 0  0
    74  -.2851445824695254E-01   5   0 2  3 0  0 0  0
    75   1.597115286468421       5   1 0  4 0  0 0  0
    76  0.1752843759941486       5   0 1  4 0  0 0  0
    77  -.9286584473544438E-01   5   0 0  5 0  0 0  0
    78  -.1648029176906615E-01   5   4 0  0 1  0 0  0
    79  0.1900889207994979E-01   5   3 1  0 1  0 0  0
    80  -.2324754812982062E-02   5   2 2  0 1  0 0  0
    81  0.1790650122424611E-02   5   1 3  0 1  0 0  0
    82  -.1270285050943380E-03   5   0 4  0 1  0 0  0
    83  0.3119899790466095E-01   5   3 0  1 1  0 0  0
    84  0.4921116887791952E-02   5   2 1  1 1  0 0  0
    85  0.3469152349506628E-02   5   1 2  1 1  0 0  0
    86  0.1753438925410571E-02   5   0 3  1 1  0 0  0
    87  -.3430820780665094E-01   5   2 0  2 1  0 0  0
    88  0.1824866795978658E-01   5   1 1  2 1  0 0  0
    89  -.3108996193235253E-02   5   0 2  2 1  0 0  0
    90  0.3119899790466093E-01   5   1 0  3 1  0 0  0
    91  0.4528157541395513E-02   5   0 1  3 1  0 0  0
    92  -.1782791603758479E-01   5   0 0  4 1  0 0  0
    93  -.5558773412927228E-03   5   3 0  0 2  0 0  0
    94  0.8602769047783082E-01   5   2 1  0 2  0 0  0
    95  0.1715837044823538E-02   5   1 2  0 2  0 0  0
    96  0.1214779414580783E-01   5   0 3  0 2  0 0  0
    97  -.9505566167002743E-02   5   2 0  1 2  0 0  0
    98  0.1264936034015163E-03   5   1 1  1 2  0 0  0
    99  -.2794871910735609E-02   5   0 2  1 2  0 0  0
   100  -.3593976680945250E-03   5   1 0  2 2  0 0  0
   101  0.8211704714704558E-01   5   0 1  2 2  0 0  0
   102  -.9885678227084350E-02   5   0 0  3 2  0 0  0
   103  -.2628333140866949E-02   5   2 0  0 3  0 0  0
   104  0.1790650122424779E-02   5   1 1  0 3  0 0  0
   105  -.2540570101885806E-03   5   0 2  0 3  0 0  0
   106  0.3763479670359036E-02   5   1 0  1 3  0 0  0
   107  0.1753438925410553E-02   5   0 1  1 3  0 0  0
   108  -.2805417865350344E-02   5   0 0  2 3  0 0  0
   109  -.1880094029355871E-04   5   1 0  0 4  0 0  0
   110  0.6073897072903744E-02   5   0 1  0 4  0 0  0
   111  -.5021108941557812E-03   5   0 0  1 4  0 0  0
   112  -.1270285050942789E-03   5   0 0  0 5  0 0  0
   113  -.2542856980095011E-03   5   3 0  0 0  0 2  0
   114  0.8851340354811896E-01   5   2 1  0 0  0 2  0
   115  0.2582622076315387E-02   5   1 2  0 0  0 2  0
   116  0.2378720636657898E-01   5   0 3  0 0  0 2  0
   117  -.9831253150528055E-02   5   2 0  1 0  0 2  0
   118  -.2619133529669328E-03   5   1 1  1 0  0 2  0
   119  -.5392439021721625E-02   5   0 2  1 0  0 2  0
   120  -.2542856980095011E-03   5   1 0  2 0  0 2  0
   121  0.8480252461785626E-01   5   0 1  2 0  0 2  0
   122  -.9831253150528055E-02   5   0 0  3 0  0 2  0
   123  -.3930900400178761E-02   5   2 0  0 1  0 2  0
   124  0.3505832639927339E-02   5   1 1  0 1  0 2  0
   125  -.6154624310021192E-03   5   0 2  0 1  0 2  0
   126  0.3710878930262678E-02   5   1 0  1 1  0 2  0
   127  0.2668458831715886E-02   5   0 1  1 1  0 2  0
   128  -.4192813753145696E-02   5   0 0  2 1  0 2  0
   129  -.8583675540050019E-04   5   1 0  0 2  0 2  0
   130  0.2378720636657899E-01   5   0 1  0 2  0 2  0
   131  -.1886606381794286E-02   5   0 0  1 2  0 2  0
   132  -.6154624310021123E-03   5   0 0  0 3  0 2  0
   133  -.1019648147398188E-04   5   1 0  0 0  0 4  0
   134  0.5836932006905295E-02   5   0 1  0 0  0 4  0
   135  -.4432397423204232E-03   5   0 0  1 0  0 4  0
   136  -.1979269707351453E-03   5   0 0  0 1  0 4  0
   --------------------------------------------------
     I  COEFFICIENT            ORDER EXPONENTS
     1  1.0000000000000000       1   0 0  0 0  1 0  0
     2  0.1013720301665685E-02   1   0 0  0 0  0 1  0
     3  -.2536284397094460E-04   2   2 0  0 0  0 0  0
     4  -.2612684521737224E-05   2   1 1  0 0  0 0  0
     5  -.3408057915375899E-02   2   0 2  0 0  0 0  0
     6  0.5096655901162980E-03   2   0 1  1 0  0 0  0
     7  -.2536284397094460E-04   2   0 0  2 0  0 0  0
     8  -.5096655901162980E-03   2   1 0  0 1  0 0  0
     9  -.2612684521737224E-05   2   0 0  1 1  0 0  0
    10  -.3408057915375899E-02   2   0 0  0 2  0 0  0
    11  -.1036443228911942E-02   2   0 0  0 0  0 2  0
    12  0.3834682413280438E-04   3   2 0  0 0  0 1  0
    13  0.5731027838103057E-05   3   1 1  0 0  0 1  0
    14  0.5152804640673969E-02   3   0 2  0 0  0 1  0
    15  -.7705736350109681E-03   3   0 1  1 0  0 1  0
    16  0.3834682413280438E-04   3   0 0  2 0  0 1  0
    17  0.7705736350109681E-03   3   1 0  0 1  0 1  0
    18  0.5731027838103057E-05   3   0 0  1 1  0 1  0
    19  0.5152804640673969E-02   3   0 0  0 2  0 1  0
    20  0.9933152196027729E-03   3   0 0  0 0  0 3  0
    21  -.2694228499007307E-03   4   4 0  0 0  0 0  0
    22  -.4231989673541520E-04   4   3 1  0 0  0 0  0
    23  -.3843435917221153E-04   4   2 2  0 0  0 0  0
    24  -.5227051807036740E-05   4   1 3  0 0  0 0  0
    25  -.2556055066131827E-02   4   0 4  0 0  0 0  0
    26  0.2711363494761986E-02   4   2 1  1 0  0 0  0
    27  0.1897702009438541E-04   4   1 2  1 0  0 0  0
    28  0.7645370665140570E-03   4   0 3  1 0  0 0  0
    29  -.5388456998014614E-03   4   2 0  2 0  0 0  0
    30  -.4231989673541525E-04   4   1 1  2 0  0 0  0
    31  -.1141748828445534E-03   4   0 2  2 0  0 0  0
    32  0.2711363494761986E-02   4   0 1  3 0  0 0  0
    33  -.2694228499007309E-03   4   0 0  4 0  0 0  0
    34  -.2711363494761986E-02   4   3 0  0 1  0 0  0
    35  -.1897702009438517E-04   4   2 1  0 1  0 0  0
    36  -.7645370665140570E-03   4   1 2  0 1  0 0  0
    37  -.4231989673541522E-04   4   2 0  1 1  0 0  0
    38  0.1514810473446838E-03   4   1 1  1 1  0 0  0
    39  -.5227051807036735E-05   4   0 2  1 1  0 0  0
    40  -.2711363494761984E-02   4   1 0  2 1  0 0  0
    41  0.1897702009438508E-04   4   0 1  2 1  0 0  0
    42  -.4231989673541521E-04   4   0 0  3 1  0 0  0
    43  -.1141748828445534E-03   4   2 0  0 2  0 0  0
    44  -.5227051807036735E-05   4   1 1  0 2  0 0  0
    45  -.5112110132263654E-02   4   0 2  0 2  0 0  0
    46  -.1897702009438541E-04   4   1 0  1 2  0 0  0
    47  0.7645370665140570E-03   4   0 1  1 2  0 0  0
    48  -.3843435917221153E-04   4   0 0  2 2  0 0  0
    49  -.7645370665140570E-03   4   1 0  0 3  0 0  0
    50  -.5227051807036740E-05   4   0 0  1 3  0 0  0
    51  -.2556055066131827E-02   4   0 0  0 4  0 0  0
    52  -.4691900206651269E-04   4   2 0  0 0  0 2  0
    53  -.8871990893079994E-05   4   1 1  0 0  0 2  0
    54  -.6304766338736600E-02   4   0 2  0 0  0 2  0
    55  0.9428238171782723E-03   4   0 1  1 0  0 2  0
    56  -.4691900206651269E-04   4   0 0  2 0  0 2  0
    57  -.9428238171782723E-03   4   1 0  0 1  0 2  0
    58  -.8871990893079994E-05   4   0 0  1 1  0 2  0
    59  -.6304766338736600E-02   4   0 0  0 2  0 2  0
    60  -.9338725945152120E-03   4   0 0  0 0  0 4  0
    61  0.4076858532500549E-03   5   4 0  0 0  0 1  0
    62  0.9290563503058186E-04   5   3 1  0 0  0 1  0
    63  0.1105085242346143E-03   5   2 2  0 0  0 1  0
    64  0.1859135614658492E-04   5   1 3  0 0  0 1  0
    65  0.7349103604637468E-02   5   0 4  0 0  0 1  0
    66  -.4110695389856215E-02   5   2 1  1 0  0 1  0
    67  -.4296241180576280E-04   5   1 2  1 0  0 1  0
    68  -.2198142990456430E-02   5   0 3  1 0  0 1  0
    69  0.8153717065001099E-03   5   2 0  2 0  0 1  0
    70  0.9290563503058193E-04   5   1 1  2 0  0 1  0
    71  0.3282652217226768E-03   5   0 2  2 0  0 1  0
    72  -.4110695389856215E-02   5   0 1  3 0  0 1  0
    73  0.4076858532500551E-03   5   0 0  4 0  0 1  0
    74  0.4110695389856213E-02   5   3 0  0 1  0 1  0
    75  0.4296241180576229E-04   5   2 1  0 1  0 1  0
    76  0.2198142990456430E-02   5   1 2  0 1  0 1  0
    77  0.9290563503058193E-04   5   2 0  1 1  0 1  0
    78  -.4355133949761248E-03   5   1 1  1 1  0 1  0
    79  0.1859135614658491E-04   5   0 2  1 1  0 1  0
    80  0.4110695389856212E-02   5   1 0  2 1  0 1  0
    81  -.4296241180576207E-04   5   0 1  2 1  0 1  0
    82  0.9290563503058186E-04   5   0 0  3 1  0 1  0
    83  0.3282652217226767E-03   5   2 0  0 2  0 1  0
    84  0.1859135614658490E-04   5   1 1  0 2  0 1  0
    85  0.1469820720927494E-01   5   0 2  0 2  0 1  0
    86  0.4296241180576280E-04   5   1 0  1 2  0 1  0
    87  -.2198142990456430E-02   5   0 1  1 2  0 1  0
    88  0.1105085242346142E-03   5   0 0  2 2  0 1  0
    89  0.2198142990456430E-02   5   1 0  0 3  0 1  0
    90  0.1859135614658492E-04   5   0 0  1 3  0 1  0
    91  0.7349103604637468E-02   5   0 0  0 4  0 1  0
    92  0.5372816280291874E-04   5   2 0  0 0  0 3  0
    93  0.1196265304165392E-04   5   1 1  0 0  0 3  0
    94  0.7219854136811359E-02   5   0 2  0 0  0 3  0
    95  -.1079644257099881E-02   5   0 1  1 0  0 3  0
    96  0.5372816280291874E-04   5   0 0  2 0  0 3  0
    97  0.1079644257099881E-02   5   1 0  0 1  0 3  0
    98  0.1196265304165392E-04   5   0 0  1 1  0 3  0
    99  0.7219854136811359E-02   5   0 0  0 2  0 3  0
   100  0.8751725014882874E-03   5   0 0  0 0  0 5  0
   --------------------------------------------------
     I  COEFFICIENT            ORDER EXPONENTS
     1  1.0000000000000000       1   0 0  0 0  0 1  0
     ------------------------------------------------
     ALL COMPONENTS ZERO 
     ------------------- 
     ALL COMPONENTS ZERO 
     ------------------- 
