 L    0.3793416666666660E-01
 P (  0.0000000000000000E+00,  0.0000000000000000E+00,  0.1972576666666666E+01)
 A (  0.0000000000000000E+00,  0.0000000000000000E+00,  0.0000000000000000E+00)
     I  COEFFICIENT            ORDER EXPONENTS
     1  0.9999480481863350       1   1 0  0 0  0 0  0
     2  0.3784191360349187E-01   1   0 1  0 0  0 0  0
     3  0.1361028297048180E-02   1   0 0  1 0  0 0  0
     4  0.2289454321200910E-02   1   0 0  0 1  0 0  0
     5  0.7077305547227380E-04   2   1 0  0 0  0 1  0
     6  -.2566776689127290E-01   2   0 1  0 0  0 1  0
     7  -.9256254028931899E-03   2   0 0  1 0  0 1  0
     8  -.3117233216372801E-02   2   0 0  0 1  0 1  0
     9  -.2204903633372778E-04   3   3 0  0 0  0 0  0
    10  0.1062560701010741E-02   3   2 1  0 0  0 0  0
    11  0.3771280067319019E-04   3   1 2  0 0  0 0  0
    12  0.1882967491361828E-01   3   0 3  0 0  0 0  0
    13  0.8090596558407383E-02   3   2 0  1 0  0 0  0
    14  0.2329070298442744E-03   3   1 1  1 0  0 0  0
    15  0.2031167209784494E-02   3   0 2  1 0  0 0  0
    16  -.2204903633372777E-04   3   1 0  2 0  0 0  0
    17  0.1120121225645247E-02   3   0 1  2 0  0 0  0
    18  0.8090596558407380E-02   3   0 0  3 0  0 0  0
    19  -.1269921260541519E-01   3   2 0  0 1  0 0  0
    20  -.1655951884496646E-02   3   1 1  0 1  0 0  0
    21  0.2283815306587579E-02   3   0 2  0 1  0 0  0
    22  -.5756052463450648E-04   3   1 0  1 1  0 0  0
    23  0.2634883799683970E-03   3   0 1  1 1  0 0  0
    24  -.1246630557557092E-01   3   0 0  2 1  0 0  0
    25  -.2257755792952069E-03   3   1 0  0 2  0 0  0
    26  0.1882967491361828E-01   3   0 1  0 2  0 0  0
    27  0.3752153252878476E-03   3   0 0  1 2  0 0  0
    28  0.2283815306587579E-02   3   0 0  0 3  0 0  0
    29  -.7755590124404430E-04   3   1 0  0 0  0 2  0
    30  0.1927576258232414E-01   3   0 1  0 0  0 2  0
    31  0.6976368515164577E-03   3   0 0  1 0  0 2  0
    32  0.3413736591716556E-02   3   0 0  0 1  0 2  0
    33  0.3076577553807654E-04   4   3 0  0 0  0 1  0
    34  -.2169960818176133E-02   4   2 1  0 0  0 1  0
    35  -.1021400312610707E-03   4   1 2  0 0  0 1  0
    36  -.3831640242982867E-01   4   0 3  0 0  0 1  0
    37  -.5527776103066455E-02   4   2 0  1 0  0 1  0
    38  -.3157831823428953E-03   4   1 1  1 0  0 1  0
    39  -.4132924687693625E-02   4   0 2  1 0  0 1  0
    40  0.3076577553807654E-04   4   1 0  2 0  0 1  0
    41  -.2287563288782578E-02   4   0 1  2 0  0 1  0
    42  -.5527776103066452E-02   4   0 0  3 0  0 1  0
    43  0.1723584135485707E-01   4   2 0  0 1  0 1  0
    44  0.3356398013384440E-02   4   1 1  0 1  0 1  0
    45  -.6219220045312356E-02   4   0 2  0 1  0 1  0
    46  0.1176024706064463E-03   4   1 0  1 1  0 1  0
    47  -.7166734842859027E-03   4   0 1  1 1  0 1  0
    48  0.1692005817251417E-01   4   0 0  2 1  0 1  0
    49  0.6145334530248320E-03   4   1 0  0 2  0 1  0
    50  -.3831640242982867E-01   4   0 1  0 2  0 1  0
    51  -.7765266743091849E-03   4   0 0  1 2  0 1  0
    52  -.6219220045312356E-02   4   0 0  0 3  0 1  0
    53  0.7996446869442170E-04   4   1 0  0 0  0 3  0
    54  -.1560494620049771E-01   4   0 1  0 0  0 3  0
    55  -.5671185952589308E-03   4   0 0  1 0  0 3  0
    56  -.3517139308499135E-02   4   0 0  0 1  0 3  0
    57  0.5559732689564699E-02   5   5 0  0 0  0 0  0
    58  0.1677093193519447E-02   5   4 1  0 0  0 0  0
    59  0.1093526609188666E-03   5   3 2  0 0  0 0  0
    60  0.1604967256230605E-02   5   2 3  0 0  0 0  0
    61  0.1270960287379527E-03   5   1 4  0 0  0 0  0
    62  0.1405476234593053E-01   5   0 5  0 0  0 0  0
    63  -.7329339881608320E-01   5   4 0  1 0  0 0  0
    64  -.4181182748133411E-02   5   3 1  1 0  0 0  0
    65  0.1207927920062147E-01   5   2 2  1 0  0 0  0
    66  0.4770260219751251E-03   5   1 3  1 0  0 0  0
    67  0.2526168631009552E-02   5   0 4  1 0  0 0  0
    68  0.1111946537912940E-01   5   3 0  2 0  0 0  0
    69  0.4048726964219326E-02   5   2 1  2 0  0 0  0
    70  0.1419480445762018E-03   5   1 2  2 0  0 0  0
    71  0.1775162661470451E-02   5   0 3  2 0  0 0  0
    72  -.1465867976321663       5   2 0  3 0  0 0  0
    73  -.4181182748133401E-02   5   1 1  3 0  0 0  0
    74  0.1216716685307506E-01   5   0 2  3 0  0 0  0
    75  0.5559732689564699E-02   5   1 0  4 0  0 0  0
    76  0.2371633770699883E-02   5   0 1  4 0  0 0  0
    77  -.7329339881608310E-01   5   0 0  5 0  0 0  0
    78  -.4661393703487829E-01   5   4 0  0 1  0 0  0
    79  -.1072585254707594E-01   5   3 1  0 1  0 0  0
    80  -.1296701377846065E-01   5   2 2  0 1  0 0  0
    81  -.2465853505664650E-02   5   1 3  0 1  0 0  0
    82  0.2278261251521553E-02   5   0 4  0 1  0 0  0
    83  -.6945405771804394E-03   5   3 0  1 1  0 0  0
    84  0.2034192682643197E-03   5   2 1  1 1  0 0  0
    85  -.2541584515471943E-03   5   1 2  1 1  0 0  0
    86  0.5259467822172460E-03   5   0 3  1 1  0 0  0
    87  -.9740905681789007E-01   5   2 0  2 1  0 0  0
    88  -.1090162785198313E-01   5   1 1  2 1  0 0  0
    89  -.1217609921276936E-01   5   0 2  2 1  0 0  0
    90  -.6945405771804386E-03   5   1 0  3 1  0 0  0
    91  0.2686100355789887E-03   5   0 1  3 1  0 0  0
    92  -.5079511978301170E-01   5   0 0  4 1  0 0  0
    93  -.1266619910027860E-03   5   3 0  0 2  0 0  0
    94  0.1688930302537958E-02   5   2 1  0 2  0 0  0
    95  -.2717547247413331E-03   5   1 2  0 2  0 0  0
    96  0.2810952469186107E-01   5   0 3  0 2  0 0  0
    97  0.1441314305999132E-02   5   2 0  1 2  0 0  0
    98  -.1507510654572123E-03   5   1 1  1 2  0 0  0
    99  0.2586483756354451E-02   5   0 2  1 2  0 0  0
   100  -.1592573746601195E-03   5   1 0  2 2  0 0  0
   101  0.1691199615163103E-02   5   0 1  2 2  0 0  0
   102  0.1353426653545532E-02   5   0 0  3 2  0 0  0
   103  -.1265312523474449E-01   5   2 0  0 3  0 0  0
   104  -.2465853505664650E-02   5   1 1  0 3  0 0  0
   105  0.4556522503043102E-02   5   0 2  0 3  0 0  0
   106  -.8623235893249371E-04   5   1 0  1 3  0 0  0
   107  0.5259467822172461E-03   5   0 1  1 3  0 0  0
   108  -.1248998775648554E-01   5   0 0  2 3  0 0  0
   109  -.3988507534792886E-03   5   1 0  0 4  0 0  0
   110  0.1405476234593054E-01   5   0 1  0 4  0 0  0
   111  0.6031512534490125E-04   5   0 0  1 4  0 0  0
   112  0.2278261251521552E-02   5   0 0  0 5  0 0  0
   113  -.3470746281322944E-04   5   3 0  0 0  0 2  0
   114  0.3114737063479978E-02   5   2 1  0 0  0 2  0
   115  0.1802524383638912E-03   5   1 2  0 0  0 2  0
   116  0.5476448211031544E-01   5   0 3  0 0  0 2  0
   117  0.4192248357289313E-02   5   2 0  1 0  0 2  0
   118  0.3440004726580854E-03   5   1 1  1 0  0 2  0
   119  0.5906599789846477E-02   5   0 2  1 0  0 2  0
   120  -.3470746281322946E-04   5   1 0  2 0  0 2  0
   121  0.3283631595259664E-02   5   0 1  2 0  0 2  0
   122  0.4192248357289314E-02   5   0 0  3 0  0 2  0
   123  -.1880042223271275E-01   5   2 0  0 1  0 2  0
   124  -.4774520271115413E-02   5   1 1  0 1  0 2  0
   125  0.1104492202341114E-01   5   0 2  0 1  0 2  0
   126  -.1688945317796840E-03   5   1 0  1 1  0 2  0
   127  0.1271026374222086E-02   5   0 1  1 1  0 2  0
   128  -.1845642176005466E-01   5   0 0  2 1  0 2  0
   129  -.1090773935858194E-02   5   1 0  0 2  0 2  0
   130  0.5476448211031544E-01   5   0 1  0 2  0 2  0
   131  0.1132079518731063E-02   5   0 0  1 2  0 2  0
   132  0.1104492202341114E-01   5   0 0  0 3  0 2  0
   133  -.8078361492344536E-04   5   1 0  0 0  0 4  0
   134  0.1329657950595211E-01   5   0 1  0 0  0 4  0
   135  0.4853313895495658E-03   5   0 0  1 0  0 4  0
   136  0.3550358622208024E-02   5   0 0  0 1  0 4  0
   --------------------------------------------------
     I  COEFFICIENT            ORDER EXPONENTS
     1  -.4416956573323198E-02   1   1 0  0 0  0 0  0
     2  0.9925734673323914       1   0 1  0 0  0 0  0
     3  0.8010604398395602E-01   1   0 0  1 0  0 0  0
     4  0.1222363779297104       1   0 0  0 1  0 0  0
     5  0.3003918107577315E-02   2   1 0  0 0  0 1  0
     6  0.1011163798215319E-01   2   0 1  0 0  0 1  0
     7  0.2301349586415536E-03   2   0 0  1 0  0 1  0
     8  -.8290902113204744E-01   2   0 0  0 1  0 1  0
     9  -.3106910040790585E-02   3   3 0  0 0  0 0  0
    10  0.8063037348834028E-01   3   2 1  0 0  0 0  0
    11  0.7532643304299017E-03   3   1 2  0 0  0 0  0
    12  -.7380551910776946E-02   3   0 3  0 0  0 0  0
    13  0.4915010420217512       3   2 0  1 0  0 0  0
    14  0.2084966138245274E-01   3   1 1  1 0  0 0  0
    15  -.5371905743428427E-03   3   0 2  1 0  0 0  0
    16  -.3106910040790554E-02   3   1 0  2 0  0 0  0
    17  0.7931597478697264E-01   3   0 1  2 0  0 0  0
    18  0.4915010420217514       3   0 0  3 0  0 0  0
    19  -.6505055051936531       3   2 0  0 1  0 0  0
    20  -.2318303271579456E-01   3   1 1  0 1  0 0  0
    21  0.6052082254926521E-01   3   0 2  0 1  0 0  0
    22  0.1314398701367650E-02   3   1 0  1 1  0 0  0
    23  0.8263937532647677E-02   3   0 1  1 1  0 0  0
    24  -.6296558438112007       3   0 0  2 1  0 0  0
    25  -.7510673202217777E-02   3   1 0  0 2  0 0  0
    26  -.7380551910776946E-02   3   0 1  0 2  0 0  0
    27  -.2372022329013741E-01   3   0 0  1 2  0 0  0
    28  0.6052082254926521E-01   3   0 0  0 3  0 0  0
    29  -.2264008002065875E-02   3   1 0  0 0  0 2  0
    30  -.1107337133488336E-01   3   0 1  0 0  0 2  0
    31  -.2521904856867452E-03   3   0 0  1 0  0 2  0
    32  0.6225963578624710E-01   3   0 0  0 1  0 2  0
    33  0.2196505976215696E-02   4   3 0  0 0  0 1  0
    34  -.1096047872202341       4   2 1  0 0  0 1  0
    35  -.1502396802076973E-02   4   1 2  0 0  0 1  0
    36  0.2009842065818537E-01   4   0 3  0 0  0 1  0
    37  -.1074742756980613E-02   4   2 0  1 0  0 1  0
    38  -.1391472298798503E-01   4   1 1  1 0  0 1  0
    39  0.1846093511876099E-02   4   0 2  1 0  0 1  0
    40  0.2196505976215677E-02   4   1 0  2 0  0 1  0
    41  -.1078095179034018       4   0 1  2 0  0 1  0
    42  -.1074742756980612E-02   4   0 0  3 0  0 1  0
    43  0.4362189602178405       4   2 0  0 1  0 1  0
    44  0.3016544112737855E-01   4   1 1  0 1  0 1  0
    45  -.1231487166670776       4   0 2  0 1  0 1  0
    46  -.1795269316832235E-02   4   1 0  1 1  0 1  0
    47  -.1678727938171459E-01   4   0 1  1 1  0 1  0
    48  0.4223042372298555       4   0 0  2 1  0 1  0
    49  0.1528488257963762E-01   4   1 0  0 2  0 1  0
    50  0.2009842065818537E-01   4   0 1  0 2  0 1  0
    51  0.3201153463925466E-01   4   0 0  1 2  0 1  0
    52  -.1231487166670776       4   0 0  0 3  0 1  0
    53  0.1840422612868187E-02   4   1 0  0 0  0 3  0
    54  0.1140871584986260E-01   4   0 1  0 0  0 3  0
    55  0.2600219454350626E-03   4   0 0  1 0  0 3  0
    56  -.5040061679899433E-01   4   0 0  0 1  0 3  0
    57  0.4763356811804851       5   5 0  0 0  0 0  0
    58  0.1390315455890631       5   4 1  0 0  0 0  0
    59  0.9839073112174190E-02   5   3 2  0 0  0 0  0
    60  0.8095722528144425E-01   5   2 3  0 0  0 0  0
    61  0.2763772350088704E-02   5   1 4  0 0  0 0  0
    62  -.7334832856636842E-02   5   0 5  0 0  0 0  0
    63  -4.301993606333331       5   4 0  1 0  0 0  0
    64  -.3625953526843317       5   3 1  1 0  0 0  0
    65  -.1074949389636336E-01   5   2 2  1 0  0 0  0
    66  0.1012479767693197E-01   5   1 3  1 0  0 0  0
    67  -.1183905441148553E-02   5   0 4  1 0  0 0  0
    68  0.9526713623609708       5   3 0  2 0  0 0  0
    69  0.2625538548899987       5   2 1  2 0  0 0  0
    70  0.1046548180305189E-01   5   1 2  2 0  0 0  0
    71  0.7919208848686071E-01   5   0 3  2 0  0 0  0
    72  -8.603987212666661       5   2 0  3 0  0 0  0
    73  -.3625953526843320       5   1 1  3 0  0 0  0
    74  -.1277995035538217E-02   5   0 2  3 0  0 0  0
    75  0.4763356811804853       5   1 0  4 0  0 0  0
    76  0.1235223093009357       5   0 1  4 0  0 0  0
    77  -4.301993606333331       5   0 0  5 0  0 0  0
    78  -2.661141136235332       5   4 0  0 1  0 0  0
    79  -.2208965041512400       5   3 1  0 1  0 0  0
    80  -.3287658053066929       5   2 2  0 1  0 0  0
    81  -.2229827146371377E-01   5   1 3  0 1  0 0  0
    82  0.4494600679649356E-01   5   0 4  0 1  0 0  0
    83  0.1550923628812713E-01   5   3 0  1 1  0 0  0
    84  0.1728122980860949E-01   5   2 1  1 1  0 0  0
    85  0.1730230610634752E-02   5   1 2  1 1  0 0  0
    86  0.1231035085957418E-01   5   0 3  1 1  0 0  0
    87  -5.684877625154996       5   2 0  2 1  0 0  0
    88  -.2398395018728905       5   1 1  2 1  0 0  0
    89  -.3123248291292544       5   0 2  2 1  0 0  0
    90  0.1550923628812709E-01   5   1 0  3 1  0 0  0
    91  0.1853404719036460E-01   5   0 1  3 1  0 0  0
    92  -3.023736488919664       5   0 0  4 1  0 0  0
    93  -.8068565387312770E-02   5   3 0  0 2  0 0  0
    94  0.8099213146539339E-01   5   2 1  0 2  0 0  0
    95  -.6782806159396373E-02   5   1 2  0 2  0 0  0
    96  -.1466966571327353E-01   5   0 3  0 2  0 0  0
    97  -.2221744991867781       5   2 0  1 2  0 0  0
    98  -.2507559324081114E-02   5   1 1  1 2  0 0  0
    99  -.2466608234601092E-01   5   0 2  1 2  0 0  0
   100  -.8694974078190287E-02   5   1 0  2 2  0 0  0
   101  0.7915718230291172E-01   5   0 1  2 2  0 0  0
   102  -.2316459980476034       5   0 0  3 2  0 0  0
   103  -.3224496268061863       5   2 0  0 3  0 0  0
   104  -.2229827146371377E-01   5   1 1  0 3  0 0  0
   105  0.8989201359298710E-01   5   0 2  0 3  0 0  0
   106  0.1800042978532699E-02   5   1 0  1 3  0 0  0
   107  0.1231035085957418E-01   5   0 1  1 3  0 0  0
   108  -.3186410076297608       5   0 0  2 3  0 0  0
   109  -.9546578509485260E-02   5   1 0  0 4  0 0  0
   110  -.7334832856636743E-02   5   0 1  0 4  0 0  0
   111  -.2348217690486234E-01   5   0 0  1 4  0 0  0
   112  0.4494600679649356E-01   5   0 0  0 5  0 0  0
   113  -.1740928765554069E-02   5   3 0  0 0  0 2  0
   114  0.1197869374358549       5   2 1  0 0  0 2  0
   115  0.2095400413655146E-02   5   1 2  0 0  0 2  0
   116  -.3569328581369360E-01   5   0 3  0 0  0 2  0
   117  0.1174429973781794E-02   5   2 0  1 0  0 2  0
   118  0.1021634585315638E-01   5   1 1  1 0  0 2  0
   119  -.3538132245571860E-02   5   0 2  1 0  0 2  0
   120  -.1740928765554052E-02   5   1 0  2 0  0 2  0
   121  0.1178132229393020       5   0 1  2 0  0 2  0
   122  0.1174429973781793E-02   5   0 0  3 0  0 2  0
   123  -.3224517960147433       5   2 0  0 1  0 2  0
   124  -.3113266816680926E-01   5   1 1  0 1  0 2  0
   125  0.1760045929790416       5   0 2  0 1  0 2  0
   126  0.1973714496553023E-02   5   1 0  1 1  0 2  0
   127  0.2394419601056150E-01   5   0 1  1 1  0 2  0
   128  -.3122354501615869       5   0 0  2 1  0 2  0
   129  -.2184879559690637E-01   5   1 0  0 2  0 2  0
   130  -.3569328581369360E-01   5   0 1  0 2  0 2  0
   131  -.3467080041238111E-01   5   0 0  1 2  0 2  0
   132  0.1760045929790416       5   0 0  0 3  0 2  0
   133  -.1574986912500723E-02   5   1 0  0 0  0 4  0
   134  -.1151639569203976E-01   5   0 1  0 0  0 4  0
   135  -.2626849978680662E-03   5   0 0  1 0  0 4  0
   136  0.4294285075008428E-01   5   0 0  0 1  0 4  0
   --------------------------------------------------
     I  COEFFICIENT            ORDER EXPONENTS
     1  -.1361028297048180E-02   1   1 0  0 0  0 0  0
     2  -.2289454321200910E-02   1   0 1  0 0  0 0  0
     3  0.9999480481863350       1   0 0  1 0  0 0  0
     4  0.3784191360349187E-01   1   0 0  0 1  0 0  0
     5  0.9256254028931899E-03   2   1 0  0 0  0 1  0
     6  0.3117233216372801E-02   2   0 1  0 0  0 1  0
     7  0.7077305547227380E-04   2   0 0  1 0  0 1  0
     8  -.2566776689127290E-01   2   0 0  0 1  0 1  0
     9  -.8090596558407387E-02   3   3 0  0 0  0 0  0
    10  0.1246630557557092E-01   3   2 1  0 0  0 0  0
    11  -.3752153252878476E-03   3   1 2  0 0  0 0  0
    12  -.2283815306587579E-02   3   0 3  0 0  0 0  0
    13  -.2204903633372757E-04   3   2 0  1 0  0 0  0
    14  -.5756052463450649E-04   3   1 1  1 0  0 0  0
    15  -.2257755792952069E-03   3   0 2  1 0  0 0  0
    16  -.8090596558407376E-02   3   1 0  2 0  0 0  0
    17  0.1269921260541519E-01   3   0 1  2 0  0 0  0
    18  -.2204903633372782E-04   3   0 0  3 0  0 0  0
    19  0.1120121225645247E-02   3   2 0  0 1  0 0  0
    20  0.2634883799683970E-03   3   1 1  0 1  0 0  0
    21  0.1882967491361828E-01   3   0 2  0 1  0 0  0
    22  -.2329070298442744E-03   3   1 0  1 1  0 0  0
    23  0.1655951884496646E-02   3   0 1  1 1  0 0  0
    24  0.1062560701010741E-02   3   0 0  2 1  0 0  0
    25  -.2031167209784494E-02   3   1 0  0 2  0 0  0
    26  -.2283815306587579E-02   3   0 1  0 2  0 0  0
    27  0.3771280067319019E-04   3   0 0  1 2  0 0  0
    28  0.1882967491361828E-01   3   0 0  0 3  0 0  0
    29  -.6976368515164577E-03   3   1 0  0 0  0 2  0
    30  -.3413736591716556E-02   3   0 1  0 0  0 2  0
    31  -.7755590124404430E-04   3   0 0  1 0  0 2  0
    32  0.1927576258232414E-01   3   0 0  0 1  0 2  0
    33  0.5527776103066456E-02   4   3 0  0 0  0 1  0
    34  -.1692005817251417E-01   4   2 1  0 0  0 1  0
    35  0.7765266743091849E-03   4   1 2  0 0  0 1  0
    36  0.6219220045312356E-02   4   0 3  0 0  0 1  0
    37  0.3076577553807626E-04   4   2 0  1 0  0 1  0
    38  0.1176024706064463E-03   4   1 1  1 0  0 1  0
    39  0.6145334530248320E-03   4   0 2  1 0  0 1  0
    40  0.5527776103066450E-02   4   1 0  2 0  0 1  0
    41  -.1723584135485707E-01   4   0 1  2 0  0 1  0
    42  0.3076577553807660E-04   4   0 0  3 0  0 1  0
    43  -.2287563288782577E-02   4   2 0  0 1  0 1  0
    44  -.7166734842859027E-03   4   1 1  0 1  0 1  0
    45  -.3831640242982867E-01   4   0 2  0 1  0 1  0
    46  0.3157831823428954E-03   4   1 0  1 1  0 1  0
    47  -.3356398013384440E-02   4   0 1  1 1  0 1  0
    48  -.2169960818176133E-02   4   0 0  2 1  0 1  0
    49  0.4132924687693625E-02   4   1 0  0 2  0 1  0
    50  0.6219220045312356E-02   4   0 1  0 2  0 1  0
    51  -.1021400312610707E-03   4   0 0  1 2  0 1  0
    52  -.3831640242982867E-01   4   0 0  0 3  0 1  0
    53  0.5671185952589308E-03   4   1 0  0 0  0 3  0
    54  0.3517139308499135E-02   4   0 1  0 0  0 3  0
    55  0.7996446869442170E-04   4   0 0  1 0  0 3  0
    56  -.1560494620049771E-01   4   0 0  0 1  0 3  0
    57  0.7329339881608313E-01   5   5 0  0 0  0 0  0
    58  0.5079511978301170E-01   5   4 1  0 0  0 0  0
    59  -.1353426653545536E-02   5   3 2  0 0  0 0  0
    60  0.1248998775648554E-01   5   2 3  0 0  0 0  0
    61  -.6031512534490100E-04   5   1 4  0 0  0 0  0
    62  -.2278261251521552E-02   5   0 5  0 0  0 0  0
    63  0.5559732689564704E-02   5   4 0  1 0  0 0  0
    64  -.6945405771804396E-03   5   3 1  1 0  0 0  0
    65  -.1592573746601200E-03   5   2 2  1 0  0 0  0
    66  -.8623235893249371E-04   5   1 3  1 0  0 0  0
    67  -.3988507534792888E-03   5   0 4  1 0  0 0  0
    68  0.1465867976321663       5   3 0  2 0  0 0  0
    69  0.9740905681789004E-01   5   2 1  2 0  0 0  0
    70  -.1441314305999127E-02   5   1 2  2 0  0 0  0
    71  0.1265312523474449E-01   5   0 3  2 0  0 0  0
    72  0.1111946537912939E-01   5   2 0  3 0  0 0  0
    73  -.6945405771804385E-03   5   1 1  3 0  0 0  0
    74  -.1266619910027853E-03   5   0 2  3 0  0 0  0
    75  0.7329339881608314E-01   5   1 0  4 0  0 0  0
    76  0.4661393703487828E-01   5   0 1  4 0  0 0  0
    77  0.5559732689564699E-02   5   0 0  5 0  0 0  0
    78  0.2371633770699885E-02   5   4 0  0 1  0 0  0
    79  0.2686100355789898E-03   5   3 1  0 1  0 0  0
    80  0.1691199615163102E-02   5   2 2  0 1  0 0  0
    81  0.5259467822172461E-03   5   1 3  0 1  0 0  0
    82  0.1405476234593054E-01   5   0 4  0 1  0 0  0
    83  0.4181182748133404E-02   5   3 0  1 1  0 0  0
    84  0.1090162785198313E-01   5   2 1  1 1  0 0  0
    85  0.1507510654572123E-03   5   1 2  1 1  0 0  0
    86  0.2465853505664650E-02   5   0 3  1 1  0 0  0
    87  0.4048726964219327E-02   5   2 0  2 1  0 0  0
    88  0.2034192682643178E-03   5   1 1  2 1  0 0  0
    89  0.1688930302537956E-02   5   0 2  2 1  0 0  0
    90  0.4181182748133401E-02   5   1 0  3 1  0 0  0
    91  0.1072585254707593E-01   5   0 1  3 1  0 0  0
    92  0.1677093193519448E-02   5   0 0  4 1  0 0  0
    93  -.1216716685307507E-01   5   3 0  0 2  0 0  0
    94  0.1217609921276936E-01   5   2 1  0 2  0 0  0
    95  -.2586483756354453E-02   5   1 2  0 2  0 0  0
    96  -.4556522503043102E-02   5   0 3  0 2  0 0  0
    97  0.1419480445762029E-03   5   2 0  1 2  0 0  0
    98  -.2541584515471942E-03   5   1 1  1 2  0 0  0
    99  -.2717547247413331E-03   5   0 2  1 2  0 0  0
   100  -.1207927920062146E-01   5   1 0  2 2  0 0  0
   101  0.1296701377846065E-01   5   0 1  2 2  0 0  0
   102  0.1093526609188658E-03   5   0 0  3 2  0 0  0
   103  0.1775162661470450E-02   5   2 0  0 3  0 0  0
   104  0.5259467822172460E-03   5   1 1  0 3  0 0  0
   105  0.2810952469186107E-01   5   0 2  0 3  0 0  0
   106  -.4770260219751251E-03   5   1 0  1 3  0 0  0
   107  0.2465853505664649E-02   5   0 1  1 3  0 0  0
   108  0.1604967256230605E-02   5   0 0  2 3  0 0  0
   109  -.2526168631009552E-02   5   1 0  0 4  0 0  0
   110  -.2278261251521553E-02   5   0 1  0 4  0 0  0
   111  0.1270960287379527E-03   5   0 0  1 4  0 0  0
   112  0.1405476234593053E-01   5   0 0  0 5  0 0  0
   113  -.4192248357289316E-02   5   3 0  0 0  0 2  0
   114  0.1845642176005466E-01   5   2 1  0 0  0 2  0
   115  -.1132079518731063E-02   5   1 2  0 0  0 2  0
   116  -.1104492202341114E-01   5   0 3  0 0  0 2  0
   117  -.3470746281322915E-04   5   2 0  1 0  0 2  0
   118  -.1688945317796840E-03   5   1 1  1 0  0 2  0
   119  -.1090773935858194E-02   5   0 2  1 0  0 2  0
   120  -.4192248357289312E-02   5   1 0  2 0  0 2  0
   121  0.1880042223271277E-01   5   0 1  2 0  0 2  0
   122  -.3470746281322952E-04   5   0 0  3 0  0 2  0
   123  0.3283631595259662E-02   5   2 0  0 1  0 2  0
   124  0.1271026374222086E-02   5   1 1  0 1  0 2  0
   125  0.5476448211031544E-01   5   0 2  0 1  0 2  0
   126  -.3440004726580853E-03   5   1 0  1 1  0 2  0
   127  0.4774520271115413E-02   5   0 1  1 1  0 2  0
   128  0.3114737063479978E-02   5   0 0  2 1  0 2  0
   129  -.5906599789846477E-02   5   1 0  0 2  0 2  0
   130  -.1104492202341114E-01   5   0 1  0 2  0 2  0
   131  0.1802524383638912E-03   5   0 0  1 2  0 2  0
   132  0.5476448211031544E-01   5   0 0  0 3  0 2  0
   133  -.4853313895495658E-03   5   1 0  0 0  0 4  0
   134  -.3550358622208024E-02   5   0 1  0 0  0 4  0
   135  -.8078361492344536E-04   5   0 0  1 0  0 4  0
   136  0.1329657950595211E-01   5   0 0  0 1  0 4  0
   --------------------------------------------------
     I  COEFFICIENT            ORDER EXPONENTS
     1  -.8010604398395602E-01   1   1 0  0 0  0 0  0
     2  -.1222363779297104       1   0 1  0 0  0 0  0
     3  -.4416956573323198E-02   1   0 0  1 0  0 0  0
     4  0.9925734673323914       1   0 0  0 1  0 0  0
     5  -.2301349586415536E-03   2   1 0  0 0  0 1  0
     6  0.8290902113204744E-01   2   0 1  0 0  0 1  0
     7  0.3003918107577315E-02   2   0 0  1 0  0 1  0
     8  0.1011163798215319E-01   2   0 0  0 1  0 1  0
     9  -.4915010420217513       3   3 0  0 0  0 0  0
    10  0.6296558438112007       3   2 1  0 0  0 0  0
    11  0.2372022329013741E-01   3   1 2  0 0  0 0  0
    12  -.6052082254926521E-01   3   0 3  0 0  0 0  0
    13  -.3106910040790569E-02   3   2 0  1 0  0 0  0
    14  0.1314398701367650E-02   3   1 1  1 0  0 0  0
    15  -.7510673202217777E-02   3   0 2  1 0  0 0  0
    16  -.4915010420217514       3   1 0  2 0  0 0  0
    17  0.6505055051936531       3   0 1  2 0  0 0  0
    18  -.3106910040790566E-02   3   0 0  3 0  0 0  0
    19  0.7931597478697264E-01   3   2 0  0 1  0 0  0
    20  0.8263937532647677E-02   3   1 1  0 1  0 0  0
    21  -.7380551910776946E-02   3   0 2  0 1  0 0  0
    22  -.2084966138245274E-01   3   1 0  1 1  0 0  0
    23  0.2318303271579456E-01   3   0 1  1 1  0 0  0
    24  0.8063037348834028E-01   3   0 0  2 1  0 0  0
    25  0.5371905743428429E-03   3   1 0  0 2  0 0  0
    26  -.6052082254926521E-01   3   0 1  0 2  0 0  0
    27  0.7532643304299017E-03   3   0 0  1 2  0 0  0
    28  -.7380551910776946E-02   3   0 0  0 3  0 0  0
    29  0.2521904856867452E-03   3   1 0  0 0  0 2  0
    30  -.6225963578624710E-01   3   0 1  0 0  0 2  0
    31  -.2264008002065875E-02   3   0 0  1 0  0 2  0
    32  -.1107337133488336E-01   3   0 0  0 1  0 2  0
    33  0.1074742756980612E-02   4   3 0  0 0  0 1  0
    34  -.4223042372298555       4   2 1  0 0  0 1  0
    35  -.3201153463925466E-01   4   1 2  0 0  0 1  0
    36  0.1231487166670776       4   0 3  0 0  0 1  0
    37  0.2196505976215688E-02   4   2 0  1 0  0 1  0
    38  -.1795269316832234E-02   4   1 1  1 0  0 1  0
    39  0.1528488257963762E-01   4   0 2  1 0  0 1  0
    40  0.1074742756980612E-02   4   1 0  2 0  0 1  0
    41  -.4362189602178405       4   0 1  2 0  0 1  0
    42  0.2196505976215681E-02   4   0 0  3 0  0 1  0
    43  -.1078095179034018       4   2 0  0 1  0 1  0
    44  -.1678727938171460E-01   4   1 1  0 1  0 1  0
    45  0.2009842065818537E-01   4   0 2  0 1  0 1  0
    46  0.1391472298798503E-01   4   1 0  1 1  0 1  0
    47  -.3016544112737855E-01   4   0 1  1 1  0 1  0
    48  -.1096047872202341       4   0 0  2 1  0 1  0
    49  -.1846093511876099E-02   4   1 0  0 2  0 1  0
    50  0.1231487166670776       4   0 1  0 2  0 1  0
    51  -.1502396802076973E-02   4   0 0  1 2  0 1  0
    52  0.2009842065818537E-01   4   0 0  0 3  0 1  0
    53  -.2600219454350626E-03   4   1 0  0 0  0 3  0
    54  0.5040061679899433E-01   4   0 1  0 0  0 3  0
    55  0.1840422612868187E-02   4   0 0  1 0  0 3  0
    56  0.1140871584986260E-01   4   0 0  0 1  0 3  0
    57   4.301993606333331       5   5 0  0 0  0 0  0
    58   3.023736488919664       5   4 1  0 0  0 0  0
    59  0.2316459980476034       5   3 2  0 0  0 0  0
    60  0.3186410076297608       5   2 3  0 0  0 0  0
    61  0.2348217690486235E-01   5   1 4  0 0  0 0  0
    62  -.4494600679649356E-01   5   0 5  0 0  0 0  0
    63  0.4763356811804854       5   4 0  1 0  0 0  0
    64  0.1550923628812713E-01   5   3 1  1 0  0 0  0
    65  -.8694974078190313E-02   5   2 2  1 0  0 0  0
    66  0.1800042978532699E-02   5   1 3  1 0  0 0  0
    67  -.9546578509485258E-02   5   0 4  1 0  0 0  0
    68   8.603987212666663       5   3 0  2 0  0 0  0
    69   5.684877625154996       5   2 1  2 0  0 0  0
    70  0.2221744991867783       5   1 2  2 0  0 0  0
    71  0.3224496268061863       5   0 3  2 0  0 0  0
    72  0.9526713623609703       5   2 0  3 0  0 0  0
    73  0.1550923628812711E-01   5   1 1  3 0  0 0  0
    74  -.8068565387312735E-02   5   0 2  3 0  0 0  0
    75   4.301993606333332       5   1 0  4 0  0 0  0
    76   2.661141136235332       5   0 1  4 0  0 0  0
    77  0.4763356811804850       5   0 0  5 0  0 0  0
    78  0.1235223093009358       5   4 0  0 1  0 0  0
    79  0.1853404719036462E-01   5   3 1  0 1  0 0  0
    80  0.7915718230291167E-01   5   2 2  0 1  0 0  0
    81  0.1231035085957418E-01   5   1 3  0 1  0 0  0
    82  -.7334832856636743E-02   5   0 4  0 1  0 0  0
    83  0.3625953526843315       5   3 0  1 1  0 0  0
    84  0.2398395018728904       5   2 1  1 1  0 0  0
    85  0.2507559324081113E-02   5   1 2  1 1  0 0  0
    86  0.2229827146371377E-01   5   0 3  1 1  0 0  0
    87  0.2625538548899987       5   2 0  2 1  0 0  0
    88  0.1728122980860949E-01   5   1 1  2 1  0 0  0
    89  0.8099213146539339E-01   5   0 2  2 1  0 0  0
    90  0.3625953526843317       5   1 0  3 1  0 0  0
    91  0.2208965041512400       5   0 1  3 1  0 0  0
    92  0.1390315455890631       5   0 0  4 1  0 0  0
    93  0.1277995035538224E-02   5   3 0  0 2  0 0  0
    94  0.3123248291292544       5   2 1  0 2  0 0  0
    95  0.2466608234601092E-01   5   1 2  0 2  0 0  0
    96  -.8989201359298710E-01   5   0 3  0 2  0 0  0
    97  0.1046548180305187E-01   5   2 0  1 2  0 0  0
    98  0.1730230610634752E-02   5   1 1  1 2  0 0  0
    99  -.6782806159396369E-02   5   0 2  1 2  0 0  0
   100  0.1074949389636336E-01   5   1 0  2 2  0 0  0
   101  0.3287658053066927       5   0 1  2 2  0 0  0
   102  0.9839073112174201E-02   5   0 0  3 2  0 0  0
   103  0.7919208848686071E-01   5   2 0  0 3  0 0  0
   104  0.1231035085957418E-01   5   1 1  0 3  0 0  0
   105  -.1466966571327353E-01   5   0 2  0 3  0 0  0
   106  -.1012479767693197E-01   5   1 0  1 3  0 0  0
   107  0.2229827146371377E-01   5   0 1  1 3  0 0  0
   108  0.8095722528144425E-01   5   0 0  2 3  0 0  0
   109  0.1183905441148553E-02   5   1 0  0 4  0 0  0
   110  -.4494600679649356E-01   5   0 1  0 4  0 0  0
   111  0.2763772350088702E-02   5   0 0  1 4  0 0  0
   112  -.7334832856636842E-02   5   0 0  0 5  0 0  0
   113  -.1174429973781794E-02   5   3 0  0 0  0 2  0
   114  0.3122354501615869       5   2 1  0 0  0 2  0
   115  0.3467080041238111E-01   5   1 2  0 0  0 2  0
   116  -.1760045929790416       5   0 3  0 0  0 2  0
   117  -.1740928765554058E-02   5   2 0  1 0  0 2  0
   118  0.1973714496553022E-02   5   1 1  1 0  0 2  0
   119  -.2184879559690637E-01   5   0 2  1 0  0 2  0
   120  -.1174429973781793E-02   5   1 0  2 0  0 2  0
   121  0.3224517960147433       5   0 1  2 0  0 2  0
   122  -.1740928765554058E-02   5   0 0  3 0  0 2  0
   123  0.1178132229393020       5   2 0  0 1  0 2  0
   124  0.2394419601056151E-01   5   1 1  0 1  0 2  0
   125  -.3569328581369360E-01   5   0 2  0 1  0 2  0
   126  -.1021634585315638E-01   5   1 0  1 1  0 2  0
   127  0.3113266816680926E-01   5   0 1  1 1  0 2  0
   128  0.1197869374358549       5   0 0  2 1  0 2  0
   129  0.3538132245571860E-02   5   1 0  0 2  0 2  0
   130  -.1760045929790416       5   0 1  0 2  0 2  0
   131  0.2095400413655146E-02   5   0 0  1 2  0 2  0
   132  -.3569328581369360E-01   5   0 0  0 3  0 2  0
   133  0.2626849978680662E-03   5   1 0  0 0  0 4  0
   134  -.4294285075008428E-01   5   0 1  0 0  0 4  0
   135  -.1574986912500723E-02   5   0 0  1 0  0 4  0
   136  -.1151639569203976E-01   5   0 0  0 1  0 4  0
   --------------------------------------------------
     I  COEFFICIENT            ORDER EXPONENTS
     1  1.0000000000000000       1   0 0  0 0  1 0  0
     2  0.3845463487677048E-02   1   0 0  0 0  0 1  0
     3  -.2366638285852693E-04   2   2 0  0 0  0 0  0
     4  -.4186738895973592E-04   2   1 1  0 0  0 0  0
     5  -.1292858267161898E-01   2   0 2  0 0  0 0  0
     6  -.9274031394998361E-03   2   0 1  1 0  0 0  0
     7  -.2366638285852693E-04   2   0 0  2 0  0 0  0
     8  0.9274031394998361E-03   2   1 0  0 1  0 0  0
     9  -.4186738895973592E-04   2   0 0  1 1  0 0  0
    10  -.1292858267161898E-01   2   0 0  0 2  0 0  0
    11  -.3931661018608455E-02   2   0 0  0 0  0 2  0
    12  0.3575823849488125E-04   3   2 0  0 0  0 1  0
    13  0.9179312321639498E-04   3   1 1  0 0  0 1  0
    14  0.1954788182418177E-01   3   0 2  0 0  0 1  0
    15  0.1400382632709987E-02   3   0 1  1 0  0 1  0
    16  0.3575823849488125E-04   3   0 0  2 0  0 1  0
    17  -.1400382632709987E-02   3   1 0  0 1  0 1  0
    18  0.9179312321639498E-04   3   0 0  1 1  0 1  0
    19  0.1954788182418177E-01   3   0 0  0 2  0 1  0
    20  0.3768058509294893E-02   3   0 0  0 0  0 3  0
    21  -.2831319075470086E-03   4   4 0  0 0  0 0  0
    22  -.3101486369461840E-04   4   3 1  0 0  0 0  0
    23  -.4197354124674299E-04   4   2 2  0 0  0 0  0
    24  -.8384981968792314E-04   4   1 3  0 0  0 0  0
    25  -.9697180075653589E-02   4   0 4  0 0  0 0  0
    26  -.5518644379666218E-02   4   2 1  1 0  0 0  0
    27  -.1671498867659857E-03   4   1 2  1 0  0 0  0
    28  -.1391508654106450E-02   4   0 3  1 0  0 0  0
    29  -.5662638150940163E-03   4   2 0  2 0  0 0  0
    30  -.3101486369461734E-04   4   1 1  2 0  0 0  0
    31  -.1015557123854262E-03   4   0 2  2 0  0 0  0
    32  -.5518644379666217E-02   4   0 1  3 0  0 0  0
    33  -.2831319075470082E-03   4   0 0  4 0  0 0  0
    34  0.5518644379666221E-02   4   3 0  0 1  0 0  0
    35  0.1671498867659850E-03   4   2 1  0 1  0 0  0
    36  0.1391508654106451E-02   4   1 2  0 1  0 0  0
    37  -.3101486369461805E-04   4   2 0  1 1  0 0  0
    38  0.1191643422773694E-03   4   1 1  1 1  0 0  0
    39  -.8384981968792312E-04   4   0 2  1 1  0 0  0
    40  0.5518644379666216E-02   4   1 0  2 1  0 0  0
    41  -.1671498867659897E-03   4   0 1  2 1  0 0  0
    42  -.3101486369461784E-04   4   0 0  3 1  0 0  0
    43  -.1015557123854264E-03   4   2 0  0 2  0 0  0
    44  -.8384981968792308E-04   4   1 1  0 2  0 0  0
    45  -.1939436015130718E-01   4   0 2  0 2  0 0  0
    46  0.1671498867659857E-03   4   1 0  1 2  0 0  0
    47  -.1391508654106451E-02   4   0 1  1 2  0 0  0
    48  -.4197354124674299E-04   4   0 0  2 2  0 0  0
    49  0.1391508654106450E-02   4   1 0  0 3  0 0  0
    50  -.8384981968792314E-04   4   0 0  1 3  0 0  0
    51  -.9697180075653589E-02   4   0 0  0 4  0 0  0
    52  -.4371899815801806E-04   4   2 0  0 0  0 2  0
    53  -.1420237188447112E-03   4   1 1  0 0  0 2  0
    54  -.2391876146970544E-01   4   0 2  0 0  0 2  0
    55  -.1710957252499157E-02   4   0 1  1 0  0 2  0
    56  -.4371899815801806E-04   4   0 0  2 0  0 2  0
    57  0.1710957252499157E-02   4   1 0  0 1  0 2  0
    58  -.1420237188447112E-03   4   0 0  1 1  0 2  0
    59  -.2391876146970544E-01   4   0 0  0 2  0 2  0
    60  -.3542567864577317E-02   4   0 0  0 0  0 4  0
    61  0.4281419762995530E-03   5   4 0  0 0  0 1  0
    62  0.6881976606784179E-04   5   3 1  0 0  0 1  0
    63  0.1209171146435621E-03   5   2 2  0 0  0 1  0
    64  0.2981059035955108E-03   5   1 3  0 0  0 1  0
    65  0.2788244179844312E-01   5   0 4  0 0  0 1  0
    66  0.8358296374984002E-02   5   2 1  1 0  0 1  0
    67  0.3768941131898139E-03   5   1 2  1 0  0 1  0
    68  0.3996442812254003E-02   5   0 3  1 0  0 1  0
    69  0.8562839525991054E-03   5   2 0  2 0  0 1  0
    70  0.6881976606783912E-04   5   1 1  2 0  0 1  0
    71  0.2915401794798048E-03   5   0 2  2 0  0 1  0
    72  0.8358296374984000E-02   5   0 1  3 0  0 1  0
    73  0.4281419762995527E-03   5   0 0  4 0  0 1  0
    74  -.8358296374984002E-02   5   3 0  0 1  0 1  0
    75  -.3768941131898147E-03   5   2 1  0 1  0 1  0
    76  -.3996442812254002E-02   5   1 2  0 1  0 1  0
    77  0.6881976606784125E-04   5   2 0  1 1  0 1  0
    78  -.3412461296724908E-03   5   1 1  1 1  0 1  0
    79  0.2981059035955110E-03   5   0 2  1 1  0 1  0
    80  -.8358296374983995E-02   5   1 0  2 1  0 1  0
    81  0.3768941131898298E-03   5   0 1  2 1  0 1  0
    82  0.6881976606784063E-04   5   0 0  3 1  0 1  0
    83  0.2915401794798050E-03   5   2 0  0 2  0 1  0
    84  0.2981059035955109E-03   5   1 1  0 2  0 1  0
    85  0.5576488359688621E-01   5   0 2  0 2  0 1  0
    86  -.3768941131898140E-03   5   1 0  1 2  0 1  0
    87  0.3996442812254004E-02   5   0 1  1 2  0 1  0
    88  0.1209171146435621E-03   5   0 0  2 2  0 1  0
    89  -.3996442812254003E-02   5   1 0  0 3  0 1  0
    90  0.2981059035955108E-03   5   0 0  1 3  0 1  0
    91  0.2788244179844312E-01   5   0 0  0 4  0 1  0
    92  0.5002468450272658E-04   5   2 0  0 0  0 3  0
    93  0.1913878836396449E-03   5   1 1  0 0  0 3  0
    94  0.2739128107173674E-01   5   0 2  0 0  0 3  0
    95  0.1956313926532738E-02   5   0 1  1 0  0 3  0
    96  0.5002468450272658E-04   5   0 0  2 0  0 3  0
    97  -.1956313926532738E-02   5   1 0  0 1  0 3  0
    98  0.1913878836396449E-03   5   0 0  1 1  0 3  0
    99  0.2739128107173674E-01   5   0 0  0 2  0 3  0
   100  0.3319893953354093E-02   5   0 0  0 0  0 5  0
   --------------------------------------------------
     I  COEFFICIENT            ORDER EXPONENTS
     1  1.0000000000000000       1   0 0  0 0  0 1  0
     ------------------------------------------------
     ALL COMPONENTS ZERO 
     ------------------- 
     ALL COMPONENTS ZERO 
     ------------------- 
