 L    0.3793416666666666E-01
 P (  0.0000000000000000E+00,  0.0000000000000000E+00,  0.0000000000000000E+00)
 A (  0.0000000000000000E+00,  0.0000000000000000E+00,  0.0000000000000000E+00)
     I  COEFFICIENT            ORDER EXPONENTS
     1   1.000000206620009       1   1 0  0 0  0 0  0
     2  0.7519515542458839E-01   1   0 1  0 0  0 0  0
     3  0.2357128272281388E-03   1   0 0  1 0  0 0  0
     4  0.8728844022553982E-02   1   0 0  0 1  0 0  0
     5  -.2806676325548117E-06   2   1 0  0 0  0 1  0
     6  -.5033854829127360E-01   2   0 1  0 0  0 1  0
     7  -.1592352151548629E-03   2   0 0  1 0  0 1  0
     8  -.1184637334761535E-01   2   0 0  0 1  0 1  0
     9  0.1829111964673144E-04   3   3 0  0 0  0 0  0
    10  0.1477213511151177E-04   3   2 1  0 0  0 0  0
    11  0.2759154747190539E-04   3   1 2  0 0  0 0  0
    12  0.3692645370338340E-01   3   0 3  0 0  0 0  0
    13  0.1051762448372653E-02   3   2 0  1 0  0 0  0
    14  0.5846717582724416E-04   3   1 1  1 0  0 0  0
    15  0.3494711041765239E-03   3   0 2  1 0  0 0  0
    16  0.1829111964671814E-04   3   1 0  2 0  0 0  0
    17  0.6575438685230829E-05   3   0 1  2 0  0 0  0
    18  0.1051762448372661E-02   3   0 0  3 0  0 0  0
    19  -.5524467798294211E-04   3   2 0  0 1  0 0  0
    20  -.2272361802765396E-03   3   1 1  0 1  0 0  0
    21  0.8690114573218858E-02   3   0 2  0 1  0 0  0
    22  0.8196696426286549E-05   3   1 0  1 1  0 0  0
    23  0.5364288261912925E-04   3   0 1  1 1  0 0  0
    24  0.3222497844306380E-05   3   0 0  2 1  0 0  0
    25  -.2605133514722369E-04   3   1 0  0 2  0 0  0
    26  0.3692645370338341E-01   3   0 1  0 2  0 0  0
    27  0.1222349238999847E-03   3   0 0  1 2  0 0  0
    28  0.8690114573218864E-02   3   0 0  0 3  0 0  0
    29  0.3064673199125307E-06   3   1 0  0 0  0 2  0
    30  0.3712213258277945E-01   3   0 1  0 0  0 2  0
    31  0.1189197986451462E-03   3   0 0  1 0  0 2  0
    32  0.1292076072245937E-01   3   0 0  0 1  0 2  0
    33  -.2484578570319306E-04   4   3 0  0 0  0 1  0
    34  -.3007508612360392E-04   4   2 1  0 0  0 1  0
    35  -.7473026629281504E-04   4   1 2  0 0  0 1  0
    36  -.7414072615991944E-01   4   0 3  0 0  0 1  0
    37  -.7104789263754727E-03   4   2 0  1 0  0 1  0
    38  -.7845837478334096E-04   4   1 1  1 0  0 1  0
    39  -.7053916783945232E-03   4   0 2  1 0  0 1  0
    40  -.2484578570328110E-04   4   1 0  2 0  0 1  0
    41  -.1339995711947761E-04   4   0 1  2 0  0 1  0
    42  -.7104789263755636E-03   4   0 0  3 0  0 1  0
    43  0.7355829986683903E-04   4   2 0  0 1  0 1  0
    44  0.4548216666688680E-03   4   1 1  0 1  0 1  0
    45  -.2358736765902187E-01   4   0 2  0 1  0 1  0
    46  -.1667512900414681E-04   4   1 0  1 1  0 1  0
    47  -.1452736582113926E-03   4   0 1  1 1  0 1  0
    48  -.4900074916513517E-05   4   0 0  2 1  0 1  0
    49  0.7054339191857671E-04   4   1 0  0 2  0 1  0
    50  -.7414072615991942E-01   4   0 1  0 2  0 1  0
    51  -.2505700117256559E-03   4   0 0  1 2  0 1  0
    52  -.2358736765902186E-01   4   0 0  0 3  0 1  0
    53  -.3147095029563024E-06   4   1 0  0 0  0 3  0
    54  -.2942345811615952E-01   4   0 1  0 0  0 3  0
    55  -.9566138203547086E-04   4   0 0  1 0  0 3  0
    56  -.1325132844873121E-01   4   0 0  0 1  0 3  0
    57  -.1141301259616414E-03   5   5 0  0 0  0 0  0
    58  0.4043187903520256E-03   5   4 1  0 0  0 0  0
    59  0.1733023774538807E-03   5   3 2  0 0  0 0  0
    60  0.3260084393986155E-04   5   2 3  0 0  0 0  0
    61  0.5485518688273715E-04   5   1 4  0 0  0 0  0
    62  0.2719354669732110E-01   5   0 5  0 0  0 0  0
    63  -.1476421947466349E-01   5   4 0  1 0  0 0  0
    64  -.1544902057316366E-02   5   3 1  1 0  0 0  0
    65  0.1466924292079983E-02   5   2 2  1 0  0 0  0
    66  0.1122233921052536E-03   5   1 3  1 0  0 0  0
    67  0.4316917950163974E-03   5   0 4  1 0  0 0  0
    68  -.2282602519231748E-03   5   3 0  2 0  0 0  0
    69  0.1051576784083554E-02   5   2 1  2 0  0 0  0
    70  0.1909883187980421E-03   5   1 2  2 0  0 0  0
    71  0.7118564304972047E-05   5   0 3  2 0  0 0  0
    72  -.2952843894932677E-01   5   2 0  3 0  0 0  0
    73  -.1544902057316404E-02   5   1 1  3 0  0 0  0
    74  0.1523429208407532E-02   5   0 2  3 0  0 0  0
    75  -.1141301259616922E-03   5   1 0  4 0  0 0  0
    76  0.6472579937316209E-03   5   0 1  4 0  0 0  0
    77  -.1476421947466352E-01   5   0 0  5 0  0 0  0
    78  -.3249763080013728E-02   5   4 0  0 1  0 0  0
    79  -.1083451258214626E-02   5   3 1  0 1  0 0  0
    80  -.1015991334096652E-03   5   2 2  0 1  0 0  0
    81  -.3341946046014215E-03   5   1 3  0 1  0 0  0
    82  0.8651482152981144E-02   5   0 4  0 1  0 0  0
    83  -.2429392033797694E-03   5   3 0  1 1  0 0  0
    84  0.2299157767309186E-03   5   2 1  1 1  0 0  0
    85  0.3988449746114505E-04   5   1 2  1 1  0 0  0
    86  0.1067625932638244E-03   5   0 3  1 1  0 0  0
    87  -.8044428217343923E-02   5   2 0  2 1  0 0  0
    88  -.1196461090869644E-02   5   1 1  2 1  0 0  0
    89  0.6150685955350187E-04   5   0 2  2 1  0 0  0
    90  -.2429392033797605E-03   5   1 0  3 1  0 0  0
    91  0.2652876594194462E-03   5   0 1  3 1  0 0  0
    92  -.4794665137330101E-02   5   0 0  4 1  0 0  0
    93  -.7429934062135325E-04   5   3 0  0 2  0 0  0
    94  0.1819862611399967E-04   5   2 1  0 2  0 0  0
    95  0.2947780501662393E-05   5   1 2  0 2  0 0  0
    96  0.5438709339464220E-01   5   0 3  0 2  0 0  0
    97  0.4399779501931626E-03   5   2 0  1 2  0 0  0
    98  0.1045819038959622E-04   5   1 1  1 2  0 0  0
    99  0.5291889854313878E-03   5   0 2  1 2  0 0  0
   100  -.9198528196559452E-04   5   1 0  2 2  0 0  0
   101  0.2152078213104853E-04   5   0 1  2 2  0 0  0
   102  0.3834730338653968E-03   5   0 0  3 2  0 0  0
   103  -.5071653255175875E-04   5   2 0  0 3  0 0  0
   104  -.3341946046014151E-03   5   1 1  0 3  0 0  0
   105  0.1730296430596231E-01   5   0 2  0 3  0 0  0
   106  0.1108006180904562E-04   5   1 0  1 3  0 0  0
   107  0.1067625932638019E-03   5   0 1  1 3  0 0  0
   108  0.1062425869565861E-04   5   0 0  2 3  0 0  0
   109  -.5190740638108075E-04   5   1 0  0 4  0 0  0
   110  0.2719354669732109E-01   5   0 1  0 4  0 0  0
   111  0.9749719041504334E-04   5   0 0  1 4  0 0  0
   112  0.8651482152981156E-02   5   0 0  0 5  0 0  0
   113  0.2712908741694555E-04   5   3 0  0 0  0 2  0
   114  0.4301188368871793E-04   5   2 1  0 0  0 2  0
   115  0.1318878182428545E-03   5   1 2  0 0  0 2  0
   116  0.1042612779699540       5   0 3  0 0  0 2  0
   117  0.5305611819298523E-03   5   2 0  1 0  0 2  0
   118  0.8436046148493598E-04   5   1 1  1 0  0 2  0
   119  0.9984224395987638E-03   5   0 2  1 0  0 2  0
   120  0.2712908741692739E-04   5   1 0  2 0  0 2  0
   121  0.1918583942440989E-04   5   0 1  2 0  0 2  0
   122  0.5305611819296311E-03   5   0 0  3 0  0 2  0
   123  -.7829746689795506E-04   5   2 0  0 1  0 2  0
   124  -.6371861868365739E-03   5   1 1  0 1  0 2  0
   125  0.4173169806924608E-01   5   0 2  0 1  0 2  0
   126  0.2382604426434079E-04   5   1 0  1 1  0 2  0
   127  0.2563551202633780E-03   5   0 1  1 1  0 2  0
   128  0.6062994586985016E-05   5   0 0  2 1  0 2  0
   129  -.1244673020205219E-03   5   1 0  0 2  0 2  0
   130  0.1042612779699539       5   0 1  0 2  0 2  0
   131  0.3612362527621906E-03   5   0 0  1 2  0 2  0
   132  0.4173169806924606E-01   5   0 0  0 3  0 2  0
   133  0.3165641349860482E-06   5   1 0  0 0  0 4  0
   134  0.2450718560968630E-01   5   0 1  0 0  0 4  0
   135  0.8096220684018833E-04   5   0 0  1 0  0 4  0
   136  0.1331121263561322E-01   5   0 0  0 1  0 4  0
   --------------------------------------------------
     I  COEFFICIENT            ORDER EXPONENTS
     1  0.7227806731854277E-03   1   1 0  0 0  0 0  0
     2   1.000000206620009       1   0 1  0 0  0 0  0
     3  0.6185461144101948E-02   1   0 0  1 0  0 0  0
     4  0.2357128272281461E-03   1   0 0  0 1  0 0  0
     5  -.4882462309877773E-03   2   1 0  0 0  0 1  0
     6  -.2806676325031732E-06   2   0 1  0 0  0 1  0
     7  0.7607752049645835E-04   2   0 0  1 0  0 1  0
     8  -.1592352151549015E-03   2   0 0  0 1  0 1  0
     9  0.3673009409072473E-02   3   3 0  0 0  0 0  0
    10  0.2945656261663031E-03   3   2 1  0 0  0 0  0
    11  0.3637694442788389E-03   3   1 2  0 0  0 0  0
    12  0.1478022521473471E-06   3   0 3  0 0  0 0  0
    13  0.2754745028660253E-01   3   2 0  1 0  0 0  0
    14  0.2043937947380599E-02   3   1 1  1 0  0 0  0
    15  -.5823760423530650E-05   3   0 2  1 0  0 0  0
    16  0.3673009409072476E-02   3   1 0  2 0  0 0  0
    17  -.2224712961584514E-03   3   0 1  2 0  0 0  0
    18  0.2754745028660250E-01   3   0 0  3 0  0 0  0
    19  0.1076995558390485E-02   3   2 0  0 1  0 0  0
    20  0.1578759037093160E-03   3   1 1  0 1  0 0  0
    21  0.1249270945645059E-03   3   0 2  0 1  0 0  0
    22  0.5170369223247550E-03   3   1 0  1 1  0 0  0
    23  -.7543306134182792E-03   3   0 1  1 1  0 0  0
    24  0.3120933505771080E-02   3   0 0  2 1  0 0  0
    25  0.1118100057697118E-02   3   1 0  0 2  0 0  0
    26  0.1478022521594902E-06   3   0 1  0 2  0 0  0
    27  0.1520521432857851E-03   3   0 0  1 2  0 0  0
    28  0.1249270945645059E-03   3   0 0  0 3  0 0  0
    29  0.3646040978331352E-03   3   1 0  0 0  0 2  0
    30  0.3064673199139334E-06   3   0 1  0 0  0 2  0
    31  -.8316216622647165E-04   3   0 0  1 0  0 2  0
    32  0.1189197986451729E-03   3   0 0  0 1  0 2  0
    33  -.2478825935540527E-02   4   3 0  0 0  0 1  0
    34  -.3970793416666300E-03   4   2 1  0 0  0 1  0
    35  -.7372192953128368E-03   4   1 2  0 0  0 1  0
    36  -.4016693323609377E-06   4   0 3  0 0  0 1  0
    37  0.4115815987138621E-03   4   2 0  1 0  0 1  0
    38  -.1299684054689157E-02   4   1 1  1 0  0 1  0
    39  0.8425907223600173E-04   4   0 2  1 0  0 1  0
    40  -.2478825935540596E-02   4   1 0  2 0  0 1  0
    41  0.2991466028276760E-03   4   0 1  2 0  0 1  0
    42  0.4115815987138562E-03   4   0 0  3 0  0 1  0
    43  -.7618181806608092E-03   4   2 0  0 1  0 1  0
    44  -.5860556067326332E-04   4   1 1  0 1  0 1  0
    45  -.2517880617160196E-03   4   0 2  0 1  0 1  0
    46  -.6962259444943093E-03   4   1 0  1 1  0 1  0
    47  0.1528914431347265E-02   4   0 1  1 1  0 1  0
    48  -.2061502235349964E-02   4   0 0  2 1  0 1  0
    49  -.2266133726660101E-02   4   1 0  0 2  0 1  0
    50  -.4016693323609377E-06   4   0 1  0 2  0 1  0
    51  0.2565351156273883E-04   4   0 0  1 2  0 1  0
    52  -.2517880617159329E-03   4   0 0  0 3  0 1  0
    53  -.2932692536274903E-03   4   1 0  0 0  0 3  0
    54  -.3147095029507052E-06   4   0 1  0 0  0 3  0
    55  0.8550514569682172E-04   4   0 0  1 0  0 3  0
    56  -.9566138203549734E-04   4   0 0  0 1  0 3  0
    57  -.4818590558076280E-01   5   5 0  0 0  0 0  0
    58  -.7392406017850419E-02   5   4 1  0 0  0 0  0
    59  0.1379841352348068E-02   5   3 2  0 0  0 0  0
    60  0.2832812704869580E-03   5   2 3  0 0  0 0  0
    61  0.2748130417581566E-03   5   1 4  0 0  0 0  0
    62  0.9752827900241415E-07   5   0 5  0 0  0 0  0
    63  -.3871060252484175       5   4 0  1 0  0 0  0
    64  -.5732502939721572E-01   5   3 1  1 0  0 0  0
    65  -.4515482810082631E-02   5   2 2  1 0  0 0  0
    66  0.7954483733613030E-03   5   1 3  1 0  0 0  0
    67  -.8572705229848777E-05   5   0 4  1 0  0 0  0
    68  -.9637181116152511E-01   5   3 0  2 0  0 0  0
    69  -.7613609432263040E-03   5   2 1  2 0  0 0  0
    70  0.2394125942331245E-02   5   1 2  2 0  0 0  0
    71  -.1970206411916201E-03   5   0 3  2 0  0 0  0
    72  -.7742120504968354       5   2 0  3 0  0 0  0
    73  -.5732502939721573E-01   5   1 1  3 0  0 0  0
    74  -.1795825817785846E-02   5   0 2  3 0  0 0  0
    75  -.4818590558076250E-01   5   1 0  4 0  0 0  0
    76  0.6631045074624352E-02   5   0 1  4 0  0 0  0
    77  -.3871060252484174       5   0 0  5 0  0 0  0
    78  -.1567598323292585E-01   5   4 0  0 1  0 0  0
    79  0.7823616019012014E-02   5   3 1  0 1  0 0  0
    80  0.1559501709868997E-02   5   2 2  0 1  0 0  0
    81  0.8892797903517049E-04   5   1 3  0 1  0 0  0
    82  0.9864028298389705E-04   5   0 4  0 1  0 0  0
    83  -.1402345109247490E-01   5   3 0  1 1  0 0  0
    84  -.6376588026267210E-02   5   2 1  1 1  0 0  0
    85  0.2103266245681908E-04   5   1 2  1 1  0 0  0
    86  -.1133190402611282E-02   5   0 3  1 1  0 0  0
    87  -.8867699586306746E-01   5   2 0  2 1  0 0  0
    88  0.2384302034418505E-02   5   1 1  2 1  0 0  0
    89  0.1739204156749273E-02   5   0 2  2 1  0 0  0
    90  -.1402345109247488E-01   5   1 0  3 1  0 0  0
    91  -.4348018846301077E-02   5   0 1  3 1  0 0  0
    92  -.7300101263014162E-01   5   0 0  4 1  0 0  0
    93  0.6742144788632127E-02   5   3 0  0 2  0 0  0
    94  0.7425505197086960E-03   5   2 1  0 2  0 0  0
    95  0.1682816486127618E-02   5   1 2  0 2  0 0  0
    96  0.1950565579611485E-06   5   0 3  0 2  0 0  0
    97  0.6027790201226142E-02   5   2 0  1 2  0 0  0
    98  0.2026940226323346E-02   5   1 1  1 2  0 0  0
    99  0.7178256857546083E-04   5   0 2  1 2  0 0  0
   100  0.5727860198649244E-02   5   1 0  2 2  0 0  0
   101  -.6562898904134170E-03   5   0 1  2 2  0 0  0
   102  0.3308133208929408E-02   5   0 0  3 2  0 0  0
   103  0.9437557833879639E-03   5   2 0  0 3  0 0  0
   104  0.8892797903517079E-04   5   1 1  0 3  0 0  0
   105  0.1972805659678500E-03   5   0 2  0 3  0 0  0
   106  0.9395711609003284E-03   5   1 0  1 3  0 0  0
   107  -.1133190402611286E-02   5   0 1  1 3  0 0  0
   108  0.2354950083230418E-02   5   0 0  2 3  0 0  0
   109  0.1408003444369451E-02   5   1 0  0 4  0 0  0
   110  0.9752827904996320E-07   5   0 1  0 4  0 0  0
   111  0.8035527380532775E-04   5   0 0  1 4  0 0  0
   112  0.9864028298393890E-04   5   0 0  0 5  0 0  0
   113  0.1848697291223524E-02   5   3 0  0 0  0 2  0
   114  0.4294241654615671E-03   5   2 1  0 0  0 2  0
   115  0.1048546659042110E-02   5   1 2  0 0  0 2  0
   116  0.7116576721134110E-06   5   0 3  0 0  0 2  0
   117  -.4498155660474175E-03   5   2 0  1 0  0 2  0
   118  0.8877533656616590E-03   5   1 1  1 0  0 2  0
   119  -.1958987732041179E-03   5   0 2  1 0  0 2  0
   120  0.1848697291223735E-02   5   1 0  2 0  0 2  0
   121  -.3224871072778639E-03   5   0 1  2 0  0 2  0
   122  -.4498155660473942E-03   5   0 0  3 0  0 2  0
   123  0.6039263915525552E-03   5   2 0  0 1  0 2  0
   124  -.1480815730753998E-03   5   1 1  0 1  0 2  0
   125  0.3557339979983693E-03   5   0 2  0 1  0 2  0
   126  0.7519112727394422E-03   5   1 0  1 1  0 2  0
   127  -.2174882614040824E-02   5   0 1  1 1  0 2  0
   128  0.1491679757214216E-02   5   0 0  2 1  0 2  0
   129  0.3223429273082934E-02   5   1 0  0 2  0 2  0
   130  0.7116576720509610E-06   5   0 1  0 2  0 2  0
   131  -.3439803462795196E-03   5   0 0  1 2  0 2  0
   132  0.3557339979981264E-03   5   0 0  0 3  0 2  0
   133  0.2481830983069354E-03   5   1 0  0 0  0 4  0
   134  0.3165641349854587E-06   5   0 1  0 0  0 4  0
   135  -.8612369829657730E-04   5   0 0  1 0  0 4  0
   136  0.8096220684018773E-04   5   0 0  0 1  0 4  0
   --------------------------------------------------
     I  COEFFICIENT            ORDER EXPONENTS
     1  -.2357128272281388E-03   1   1 0  0 0  0 0  0
     2  -.8728844022553984E-02   1   0 1  0 0  0 0  0
     3   1.000000206620009       1   0 0  1 0  0 0  0
     4  0.7519515542458838E-01   1   0 0  0 1  0 0  0
     5  0.1592352151548629E-03   2   1 0  0 0  0 1  0
     6  0.1184637334761535E-01   2   0 1  0 0  0 1  0
     7  -.2806676325548168E-06   2   0 0  1 0  0 1  0
     8  -.5033854829127359E-01   2   0 0  0 1  0 1  0
     9  -.1051762448372661E-02   3   3 0  0 0  0 0  0
    10  -.3222497844306432E-05   3   2 1  0 0  0 0  0
    11  -.1222349238999847E-03   3   1 2  0 0  0 0  0
    12  -.8690114573218860E-02   3   0 3  0 0  0 0  0
    13  0.1829111964671799E-04   3   2 0  1 0  0 0  0
    14  0.8196696426286539E-05   3   1 1  1 0  0 0  0
    15  -.2605133514722366E-04   3   0 2  1 0  0 0  0
    16  -.1051762448372653E-02   3   1 0  2 0  0 0  0
    17  0.5524467798294215E-04   3   0 1  2 0  0 0  0
    18  0.1829111964673137E-04   3   0 0  3 0  0 0  0
    19  0.6575438685230824E-05   3   2 0  0 1  0 0  0
    20  0.5364288261912924E-04   3   1 1  0 1  0 0  0
    21  0.3692645370338341E-01   3   0 2  0 1  0 0  0
    22  -.5846717582724420E-04   3   1 0  1 1  0 0  0
    23  0.2272361802765396E-03   3   0 1  1 1  0 0  0
    24  0.1477213511151177E-04   3   0 0  2 1  0 0  0
    25  -.3494711041765240E-03   3   1 0  0 2  0 0  0
    26  -.8690114573218860E-02   3   0 1  0 2  0 0  0
    27  0.2759154747190538E-04   3   0 0  1 2  0 0  0
    28  0.3692645370338341E-01   3   0 0  0 3  0 0  0
    29  -.1189197986451462E-03   3   1 0  0 0  0 2  0
    30  -.1292076072245937E-01   3   0 1  0 0  0 2  0
    31  0.3064673199125332E-06   3   0 0  1 0  0 2  0
    32  0.3712213258277945E-01   3   0 0  0 1  0 2  0
    33  0.7104789263755633E-03   4   3 0  0 0  0 1  0
    34  0.4900074916513609E-05   4   2 1  0 0  0 1  0
    35  0.2505700117256559E-03   4   1 2  0 0  0 1  0
    36  0.2358736765902187E-01   4   0 3  0 0  0 1  0
    37  -.2484578570328107E-04   4   2 0  1 0  0 1  0
    38  -.1667512900414680E-04   4   1 1  1 0  0 1  0
    39  0.7054339191857678E-04   4   0 2  1 0  0 1  0
    40  0.7104789263754725E-03   4   1 0  2 0  0 1  0
    41  -.7355829986683909E-04   4   0 1  2 0  0 1  0
    42  -.2484578570319304E-04   4   0 0  3 0  0 1  0
    43  -.1339995711947758E-04   4   2 0  0 1  0 1  0
    44  -.1452736582113927E-03   4   1 1  0 1  0 1  0
    45  -.7414072615991942E-01   4   0 2  0 1  0 1  0
    46  0.7845837478334096E-04   4   1 0  1 1  0 1  0
    47  -.4548216666688681E-03   4   0 1  1 1  0 1  0
    48  -.3007508612360393E-04   4   0 0  2 1  0 1  0
    49  0.7053916783945230E-03   4   1 0  0 2  0 1  0
    50  0.2358736765902186E-01   4   0 1  0 2  0 1  0
    51  -.7473026629281509E-04   4   0 0  1 2  0 1  0
    52  -.7414072615991939E-01   4   0 0  0 3  0 1  0
    53  0.9566138203547081E-04   4   1 0  0 0  0 3  0
    54  0.1325132844873121E-01   4   0 1  0 0  0 3  0
    55  -.3147095029563041E-06   4   0 0  1 0  0 3  0
    56  -.2942345811615951E-01   4   0 0  0 1  0 3  0
    57  0.1476421947466353E-01   5   5 0  0 0  0 0  0
    58  0.4794665137330107E-02   5   4 1  0 0  0 0  0
    59  -.3834730338653957E-03   5   3 2  0 0  0 0  0
    60  -.1062425869565848E-04   5   2 3  0 0  0 0  0
    61  -.9749719041504334E-04   5   1 4  0 0  0 0  0
    62  -.8651482152981152E-02   5   0 5  0 0  0 0  0
    63  -.1141301259616923E-03   5   4 0  1 0  0 0  0
    64  -.2429392033797605E-03   5   3 1  1 0  0 0  0
    65  -.9198528196559477E-04   5   2 2  1 0  0 0  0
    66  0.1108006180904562E-04   5   1 3  1 0  0 0  0
    67  -.5190740638108067E-04   5   0 4  1 0  0 0  0
    68  0.2952843894932677E-01   5   3 0  2 0  0 0  0
    69  0.8044428217343923E-02   5   2 1  2 0  0 0  0
    70  -.4399779501931621E-03   5   1 2  2 0  0 0  0
    71  0.5071653255175882E-04   5   0 3  2 0  0 0  0
    72  -.2282602519231711E-03   5   2 0  3 0  0 0  0
    73  -.2429392033797690E-03   5   1 1  3 0  0 0  0
    74  -.7429934062135320E-04   5   0 2  3 0  0 0  0
    75  0.1476421947466350E-01   5   1 0  4 0  0 0  0
    76  0.3249763080013733E-02   5   0 1  4 0  0 0  0
    77  -.1141301259616392E-03   5   0 0  5 0  0 0  0
    78  0.6472579937316208E-03   5   4 0  0 1  0 0  0
    79  0.2652876594194466E-03   5   3 1  0 1  0 0  0
    80  0.2152078213104862E-04   5   2 2  0 1  0 0  0
    81  0.1067625932638019E-03   5   1 3  0 1  0 0  0
    82  0.2719354669732110E-01   5   0 4  0 1  0 0  0
    83  0.1544902057316402E-02   5   3 0  1 1  0 0  0
    84  0.1196461090869644E-02   5   2 1  1 1  0 0  0
    85  -.1045819038959627E-04   5   1 2  1 1  0 0  0
    86  0.3341946046014150E-03   5   0 3  1 1  0 0  0
    87  0.1051576784083553E-02   5   2 0  2 1  0 0  0
    88  0.2299157767309189E-03   5   1 1  2 1  0 0  0
    89  0.1819862611399970E-04   5   0 2  2 1  0 0  0
    90  0.1544902057316364E-02   5   1 0  3 1  0 0  0
    91  0.1083451258214627E-02   5   0 1  3 1  0 0  0
    92  0.4043187903520258E-03   5   0 0  4 1  0 0  0
    93  -.1523429208407531E-02   5   3 0  0 2  0 0  0
    94  -.6150685955350170E-04   5   2 1  0 2  0 0  0
    95  -.5291889854313877E-03   5   1 2  0 2  0 0  0
    96  -.1730296430596232E-01   5   0 3  0 2  0 0  0
    97  0.1909883187980420E-03   5   2 0  1 2  0 0  0
    98  0.3988449746114504E-04   5   1 1  1 2  0 0  0
    99  0.2947780501662427E-05   5   0 2  1 2  0 0  0
   100  -.1466924292079983E-02   5   1 0  2 2  0 0  0
   101  0.1015991334096655E-03   5   0 1  2 2  0 0  0
   102  0.1733023774538807E-03   5   0 0  3 2  0 0  0
   103  0.7118564304972039E-05   5   2 0  0 3  0 0  0
   104  0.1067625932638246E-03   5   1 1  0 3  0 0  0
   105  0.5438709339464219E-01   5   0 2  0 3  0 0  0
   106  -.1122233921052536E-03   5   1 0  1 3  0 0  0
   107  0.3341946046014213E-03   5   0 1  1 3  0 0  0
   108  0.3260084393986157E-04   5   0 0  2 3  0 0  0
   109  -.4316917950163973E-03   5   1 0  0 4  0 0  0
   110  -.8651482152981158E-02   5   0 1  0 4  0 0  0
   111  0.5485518688273711E-04   5   0 0  1 4  0 0  0
   112  0.2719354669732111E-01   5   0 0  0 5  0 0  0
   113  -.5305611819296312E-03   5   3 0  0 0  0 2  0
   114  -.6062994586985175E-05   5   2 1  0 0  0 2  0
   115  -.3612362527621905E-03   5   1 2  0 0  0 2  0
   116  -.4173169806924607E-01   5   0 3  0 0  0 2  0
   117  0.2712908741692737E-04   5   2 0  1 0  0 2  0
   118  0.2382604426434079E-04   5   1 1  1 0  0 2  0
   119  -.1244673020205217E-03   5   0 2  1 0  0 2  0
   120  -.5305611819298520E-03   5   1 0  2 0  0 2  0
   121  0.7829746689795500E-04   5   0 1  2 0  0 2  0
   122  0.2712908741694556E-04   5   0 0  3 0  0 2  0
   123  0.1918583942440983E-04   5   2 0  0 1  0 2  0
   124  0.2563551202633778E-03   5   1 1  0 1  0 2  0
   125  0.1042612779699539       5   0 2  0 1  0 2  0
   126  -.8436046148493596E-04   5   1 0  1 1  0 2  0
   127  0.6371861868365743E-03   5   0 1  1 1  0 2  0
   128  0.4301188368871793E-04   5   0 0  2 1  0 2  0
   129  -.9984224395987635E-03   5   1 0  0 2  0 2  0
   130  -.4173169806924606E-01   5   0 1  0 2  0 2  0
   131  0.1318878182428546E-03   5   0 0  1 2  0 2  0
   132  0.1042612779699539       5   0 0  0 3  0 2  0
   133  -.8096220684018830E-04   5   1 0  0 0  0 4  0
   134  -.1331121263561322E-01   5   0 1  0 0  0 4  0
   135  0.3165641349860507E-06   5   0 0  1 0  0 4  0
   136  0.2450718560968630E-01   5   0 0  0 1  0 4  0
   --------------------------------------------------
     I  COEFFICIENT            ORDER EXPONENTS
     1  -.6185461144101948E-02   1   1 0  0 0  0 0  0
     2  -.2357128272281739E-03   1   0 1  0 0  0 0  0
     3  0.7227806731854276E-03   1   0 0  1 0  0 0  0
     4   1.000000206620009       1   0 0  0 1  0 0  0
     5  -.7607752049645836E-04   2   1 0  0 0  0 1  0
     6  0.1592352151548321E-03   2   0 1  0 0  0 1  0
     7  -.4882462309877773E-03   2   0 0  1 0  0 1  0
     8  -.2806676325170510E-06   2   0 0  0 1  0 1  0
     9  -.2754745028660251E-01   3   3 0  0 0  0 0  0
    10  -.3120933505771083E-02   3   2 1  0 0  0 0  0
    11  -.1520521432857853E-03   3   1 2  0 0  0 0  0
    12  -.1249270945644887E-03   3   0 3  0 0  0 0  0
    13  0.3673009409072473E-02   3   2 0  1 0  0 0  0
    14  0.5170369223247548E-03   3   1 1  1 0  0 0  0
    15  0.1118100057697118E-02   3   0 2  1 0  0 0  0
    16  -.2754745028660252E-01   3   1 0  2 0  0 0  0
    17  -.1076995558390483E-02   3   0 1  2 0  0 0  0
    18  0.3673009409072470E-02   3   0 0  3 0  0 0  0
    19  -.2224712961584513E-03   3   2 0  0 1  0 0  0
    20  -.7543306134182790E-03   3   1 1  0 1  0 0  0
    21  0.1478022521898478E-06   3   0 2  0 1  0 0  0
    22  -.2043937947380598E-02   3   1 0  1 1  0 0  0
    23  -.1578759037093160E-03   3   0 1  1 1  0 0  0
    24  0.2945656261663030E-03   3   0 0  2 1  0 0  0
    25  0.5823760423530745E-05   3   1 0  0 2  0 0  0
    26  -.1249270945645128E-03   3   0 1  0 2  0 0  0
    27  0.3637694442788389E-03   3   0 0  1 2  0 0  0
    28  0.1478022521456124E-06   3   0 0  0 3  0 0  0
    29  0.8316216622647163E-04   3   1 0  0 0  0 2  0
    30  -.1189197986451711E-03   3   0 1  0 0  0 2  0
    31  0.3646040978331353E-03   3   0 0  1 0  0 2  0
    32  0.3064673199243417E-06   3   0 0  0 1  0 2  0
    33  -.4115815987138563E-03   4   3 0  0 0  0 1  0
    34  0.2061502235349965E-02   4   2 1  0 0  0 1  0
    35  -.2565351156273839E-04   4   1 2  0 0  0 1  0
    36  0.2517880617159554E-03   4   0 3  0 0  0 1  0
    37  -.2478825935540596E-02   4   2 0  1 0  0 1  0
    38  -.6962259444943093E-03   4   1 1  1 0  0 1  0
    39  -.2266133726660102E-02   4   0 2  1 0  0 1  0
    40  -.4115815987138625E-03   4   1 0  2 0  0 1  0
    41  0.7618181806608081E-03   4   0 1  2 0  0 1  0
    42  -.2478825935540526E-02   4   0 0  3 0  0 1  0
    43  0.2991466028276763E-03   4   2 0  0 1  0 1  0
    44  0.1528914431347264E-02   4   1 1  0 1  0 1  0
    45  -.4016693324558054E-06   4   0 2  0 1  0 1  0
    46  0.1299684054689156E-02   4   1 0  1 1  0 1  0
    47  0.5860556067326241E-04   4   0 1  1 1  0 1  0
    48  -.3970793416666298E-03   4   0 0  2 1  0 1  0
    49  -.8425907223600111E-04   4   1 0  0 2  0 1  0
    50  0.2517880617160621E-03   4   0 1  0 2  0 1  0
    51  -.7372192953128367E-03   4   0 0  1 2  0 1  0
    52  -.4016693323135581E-06   4   0 0  0 3  0 1  0
    53  -.8550514569682163E-04   4   1 0  0 0  0 3  0
    54  0.9566138203547479E-04   4   0 1  0 0  0 3  0
    55  -.2932692536274902E-03   4   0 0  1 0  0 3  0
    56  -.3147095029853997E-06   4   0 0  0 1  0 3  0
    57  0.3871060252484178       5   5 0  0 0  0 0  0
    58  0.7300101263014162E-01   5   4 1  0 0  0 0  0
    59  -.3308133208929393E-02   5   3 2  0 0  0 0  0
    60  -.2354950083230418E-02   5   2 3  0 0  0 0  0
    61  -.8035527380532815E-04   5   1 4  0 0  0 0  0
    62  -.9864028298394462E-04   5   0 5  0 0  0 0  0
    63  -.4818590558076252E-01   5   4 0  1 0  0 0  0
    64  -.1402345109247488E-01   5   3 1  1 0  0 0  0
    65  0.5727860198649249E-02   5   2 2  1 0  0 0  0
    66  0.9395711609003284E-03   5   1 3  1 0  0 0  0
    67  0.1408003444369451E-02   5   0 4  1 0  0 0  0
    68  0.7742120504968352       5   3 0  2 0  0 0  0
    69  0.8867699586306745E-01   5   2 1  2 0  0 0  0
    70  -.6027790201226142E-02   5   1 2  2 0  0 0  0
    71  -.9437557833879634E-03   5   0 3  2 0  0 0  0
    72  -.9637181116152507E-01   5   2 0  3 0  0 0  0
    73  -.1402345109247490E-01   5   1 1  3 0  0 0  0
    74  0.6742144788632129E-02   5   0 2  3 0  0 0  0
    75  0.3871060252484174       5   1 0  4 0  0 0  0
    76  0.1567598323292593E-01   5   0 1  4 0  0 0  0
    77  -.4818590558076272E-01   5   0 0  5 0  0 0  0
    78  0.6631045074624356E-02   5   4 0  0 1  0 0  0
    79  -.4348018846301070E-02   5   3 1  0 1  0 0  0
    80  -.6562898904134153E-03   5   2 2  0 1  0 0  0
    81  -.1133190402611286E-02   5   1 3  0 1  0 0  0
    82  0.9752827903098966E-07   5   0 4  0 1  0 0  0
    83  0.5732502939721569E-01   5   3 0  1 1  0 0  0
    84  -.2384302034418505E-02   5   2 1  1 1  0 0  0
    85  -.2026940226323346E-02   5   1 2  1 1  0 0  0
    86  -.8892797903517054E-04   5   0 3  1 1  0 0  0
    87  -.7613609432263067E-03   5   2 0  2 1  0 0  0
    88  -.6376588026267201E-02   5   1 1  2 1  0 0  0
    89  0.7425505197086970E-03   5   0 2  2 1  0 0  0
    90  0.5732502939721570E-01   5   1 0  3 1  0 0  0
    91  -.7823616019012007E-02   5   0 1  3 1  0 0  0
    92  -.7392406017850407E-02   5   0 0  4 1  0 0  0
    93  0.1795825817785848E-02   5   3 0  0 2  0 0  0
    94  -.1739204156749273E-02   5   2 1  0 2  0 0  0
    95  -.7178256857546173E-04   5   1 2  0 2  0 0  0
    96  -.1972805659678990E-03   5   0 3  0 2  0 0  0
    97  0.2394125942331250E-02   5   2 0  1 2  0 0  0
    98  0.2103266245681932E-04   5   1 1  1 2  0 0  0
    99  0.1682816486127618E-02   5   0 2  1 2  0 0  0
   100  0.4515482810082635E-02   5   1 0  2 2  0 0  0
   101  -.1559501709868995E-02   5   0 1  2 2  0 0  0
   102  0.1379841352348073E-02   5   0 0  3 2  0 0  0
   103  -.1970206411916200E-03   5   2 0  0 3  0 0  0
   104  -.1133190402611282E-02   5   1 1  0 3  0 0  0
   105  0.1950565579663527E-06   5   0 2  0 3  0 0  0
   106  -.7954483733613027E-03   5   1 0  1 3  0 0  0
   107  -.8892797903516992E-04   5   0 1  1 3  0 0  0
   108  0.2832812704869588E-03   5   0 0  2 3  0 0  0
   109  0.8572705229849004E-05   5   1 0  0 4  0 0  0
   110  -.9864028298393196E-04   5   0 1  0 4  0 0  0
   111  0.2748130417581564E-03   5   0 0  1 4  0 0  0
   112  0.9752827899445204E-07   5   0 0  0 5  0 0  0
   113  0.4498155660473944E-03   5   3 0  0 0  0 2  0
   114  -.1491679757214217E-02   5   2 1  0 0  0 2  0
   115  0.3439803462795195E-03   5   1 2  0 0  0 2  0
   116  -.3557339979983398E-03   5   0 3  0 0  0 2  0
   117  0.1848697291223733E-02   5   2 0  1 0  0 2  0
   118  0.7519112727394419E-03   5   1 1  1 0  0 2  0
   119  0.3223429273082932E-02   5   0 2  1 0  0 2  0
   120  0.4498155660474181E-03   5   1 0  2 0  0 2  0
   121  -.6039263915525546E-03   5   0 1  2 0  0 2  0
   122  0.1848697291223523E-02   5   0 0  3 0  0 2  0
   123  -.3224871072778640E-03   5   2 0  0 1  0 2  0
   124  -.2174882614040825E-02   5   1 1  0 1  0 2  0
   125  0.7116576720811018E-06   5   0 2  0 1  0 2  0
   126  -.8877533656616586E-03   5   1 0  1 1  0 2  0
   127  0.1480815730754011E-03   5   0 1  1 1  0 2  0
   128  0.4294241654615662E-03   5   0 0  2 1  0 2  0
   129  0.1958987732041179E-03   5   1 0  0 2  0 2  0
   130  -.3557339979981542E-03   5   0 1  0 2  0 2  0
   131  0.1048546659042110E-02   5   0 0  1 2  0 2  0
   132  0.7116576721366129E-06   5   0 0  0 3  0 2  0
   133  0.8612369829657733E-04   5   1 0  0 0  0 4  0
   134  -.8096220684019641E-04   5   0 1  0 0  0 4  0
   135  0.2481830983069354E-03   5   0 0  1 0  0 4  0
   136  0.3165641349819892E-06   5   0 0  0 1  0 4  0
   --------------------------------------------------
     I  COEFFICIENT            ORDER EXPONENTS
     1  1.0000000000000000       1   0 0  0 0  1 0  0
     2  0.7690926975354106E-02   1   0 0  0 0  0 1  0
     3  -.3354424064479022E-06   2   2 0  0 0  0 0  0
     4  -.1871379561793793E-04   2   1 1  0 0  0 0  0
     5  -.2585649635363062E-01   2   0 2  0 0  0 0  0
     6  -.1599313924485258E-03   2   0 1  1 0  0 0  0
     7  -.3354424064479024E-06   2   0 0  2 0  0 0  0
     8  0.1599313924485258E-03   2   1 0  0 1  0 0  0
     9  -.1871379561793793E-04   2   0 0  1 1  0 0  0
    10  -.2585649635363062E-01   2   0 0  0 2  0 0  0
    11  -.7863322037216921E-02   2   0 0  0 0  0 2  0
    12  0.5053435029943278E-06   3   2 0  0 0  0 1  0
    13  0.4093548028325394E-04   3   1 1  0 0  0 1  0
    14  0.3909384005929989E-01   3   0 2  0 0  0 1  0
    15  0.2398378512457626E-03   3   0 1  1 0  0 1  0
    16  0.5053435029943278E-06   3   0 0  2 0  0 1  0
    17  -.2398378512457626E-03   3   1 0  0 1  0 1  0
    18  0.4093548028325395E-04   3   0 0  1 1  0 1  0
    19  0.3909384005929989E-01   3   0 0  0 2  0 1  0
    20  0.7536117018589797E-02   3   0 0  0 0  0 3  0
    21  -.3072947865293172E-05   4   4 0  0 0  0 0  0
    22  -.9539069911910982E-04   4   3 1  0 0  0 0  0
    23  -.7813501113108765E-05   4   2 2  0 0  0 0  0
    24  -.3752462717368141E-04   4   1 3  0 0  0 0  0
    25  -.1939268648644321E-01   4   0 4  0 0  0 0  0
    26  -.7122430514303889E-03   4   2 1  1 0  0 0  0
    27  -.3921118781910984E-04   4   1 2  1 0  0 0  0
    28  -.2392026568652617E-03   4   0 3  1 0  0 0  0
    29  -.6145895730647577E-05   4   2 0  2 0  0 0  0
    30  -.9539069911900133E-04   4   1 1  2 0  0 0  0
    31  0.1573400081558693E-05   4   0 2  2 0  0 0  0
    32  -.7122430514303253E-03   4   0 1  3 0  0 0  0
    33  -.3072947865293171E-05   4   0 0  4 0  0 0  0
    34  0.7122430514303253E-03   4   3 0  0 1  0 0  0
    35  0.3921118781908549E-04   4   2 1  0 1  0 0  0
    36  0.2392026568652554E-03   4   1 2  0 1  0 0  0
    37  -.9539069911900124E-04   4   2 0  1 1  0 0  0
    38  -.1877380238919355E-04   4   1 1  1 1  0 0  0
    39  -.3752462717368045E-04   4   0 2  1 1  0 0  0
    40  0.7122430514303887E-03   4   1 0  2 1  0 0  0
    41  -.3921118781908549E-04   4   0 1  2 1  0 0  0
    42  -.9539069911910982E-04   4   0 0  3 1  0 0  0
    43  0.1573400081558685E-05   4   2 0  0 2  0 0  0
    44  -.3752462717368039E-04   4   1 1  0 2  0 0  0
    45  -.3878537297288641E-01   4   0 2  0 2  0 0  0
    46  0.3921118781910988E-04   4   1 0  1 2  0 0  0
    47  -.2392026568652554E-03   4   0 1  1 2  0 0  0
    48  -.7813501113108758E-05   4   0 0  2 2  0 0  0
    49  0.2392026568652618E-03   4   1 0  0 3  0 0  0
    50  -.3752462717368143E-04   4   0 0  1 3  0 0  0
    51  -.1939268648644320E-01   4   0 0  0 4  0 0  0
    52  -.6157905819259979E-06   4   2 0  0 0  0 2  0
    53  -.6317239194636532E-04   4   1 1  0 0  0 2  0
    54  -.4783390570868428E-01   4   0 2  0 0  0 2  0
    55  -.2907344482666748E-03   4   0 1  1 0  0 2  0
    56  -.6157905819259979E-06   4   0 0  2 0  0 2  0
    57  0.2907344482666749E-03   4   1 0  0 1  0 2  0
    58  -.6317239194636533E-04   4   0 0  1 1  0 2  0
    59  -.4783390570868429E-01   4   0 0  0 2  0 2  0
    60  -.7085135729154644E-02   4   0 0  0 0  0 4  0
    61  0.4629554833670292E-05   5   4 0  0 0  0 1  0
    62  0.2086001153123114E-03   5   3 1  0 0  0 1  0
    63  0.2236334893180876E-04   5   2 2  0 0  0 1  0
    64  0.1331222036427110E-03   5   1 3  0 0  0 1  0
    65  0.5575778940684750E-01   5   0 4  0 0  0 1  0
    66  0.1066186162119073E-02   5   2 1  1 0  0 1  0
    67  0.8429937750254408E-04   5   1 2  1 0  0 1  0
    68  0.6828102663868581E-03   5   0 3  1 0  0 1  0
    69  0.9259109666791650E-05   5   2 0  2 0  0 1  0
    70  0.2086001153118695E-03   5   1 1  2 0  0 1  0
    71  -.4458458790475724E-05   5   0 2  2 0  0 1  0
    72  0.1066186162119195E-02   5   0 1  3 0  0 1  0
    73  0.4629554833670291E-05   5   0 0  4 0  0 1  0
    74  -.1066186162119195E-02   5   3 0  0 1  0 1  0
    75  -.8429937750251871E-04   5   2 1  0 1  0 1  0
    76  -.6828102663868260E-03   5   1 2  0 1  0 1  0
    77  0.2086001153118692E-03   5   2 0  1 1  0 1  0
    78  0.5364361544436646E-04   5   1 1  1 1  0 1  0
    79  0.1331222036427270E-03   5   0 2  1 1  0 1  0
    80  -.1066186162119073E-02   5   1 0  2 1  0 1  0
    81  0.8429937750251873E-04   5   0 1  2 1  0 1  0
    82  0.2086001153123112E-03   5   0 0  3 1  0 1  0
    83  -.4458458790475720E-05   5   2 0  0 2  0 1  0
    84  0.1331222036427268E-03   5   1 1  0 2  0 1  0
    85  0.1115155788136949       5   0 2  0 2  0 1  0
    86  -.8429937750254414E-04   5   1 0  1 2  0 1  0
    87  0.6828102663868263E-03   5   0 1  1 2  0 1  0
    88  0.2236334893180871E-04   5   0 0  2 2  0 1  0
    89  -.6828102663868584E-03   5   1 0  0 3  0 1  0
    90  0.1331222036427110E-03   5   0 0  1 3  0 1  0
    91  0.5575778940684752E-01   5   0 0  0 4  0 1  0
    92  0.7021576262566500E-06   5   2 0  0 0  0 3  0
    93  0.8489547956625158E-04   5   1 1  0 0  0 3  0
    94  0.5477691190858275E-01   5   0 2  0 0  0 3  0
    95  0.3296947114038961E-03   5   0 1  1 0  0 3  0
    96  0.7021576262566501E-06   5   0 0  2 0  0 3  0
    97  -.3296947114038961E-03   5   1 0  0 1  0 3  0
    98  0.8489547956625160E-04   5   0 0  1 1  0 3  0
    99  0.5477691190858275E-01   5   0 0  0 2  0 3  0
   100  0.6639787906708195E-02   5   0 0  0 0  0 5  0
   --------------------------------------------------
     I  COEFFICIENT            ORDER EXPONENTS
     1  1.0000000000000000       1   0 0  0 0  0 1  0
     ------------------------------------------------
     ALL COMPONENTS ZERO 
     ------------------- 
     ALL COMPONENTS ZERO 
     ------------------- 
