 L    0.3793416666666671E-01
 P (  0.0000000000000000E+00,  0.0000000000000000E+00,  0.0000000000000000E+00)
 A (  0.0000000000000000E+00,  0.0000000000000000E+00,  0.0000000000000000E+00)
     I  COEFFICIENT            ORDER EXPONENTS
     1  0.9999994237585826       1   1 0  0 0  0 0  0
     2  0.7545643795587391E-01   1   0 1  0 0  0 0  0
     3  -.1143770146156525E-01   1   0 0  1 0  0 0  0
     4  0.6674541461511334E-02   1   0 0  0 1  0 0  0
     5  0.7838858674700600E-06   2   1 0  0 0  0 1  0
     6  -.5087130331269058E-01   2   0 1  0 0  0 1  0
     7  0.7753092007698654E-02   2   0 0  1 0  0 1  0
     8  -.9073728374758297E-02   2   0 0  0 1  0 1  0
     9  -.1501524503761632E-03   3   3 0  0 0  0 0  0
    10  0.2044441634599068E-02   3   2 1  0 0  0 0  0
    11  -.9532213842846167E-03   3   1 2  0 0  0 0  0
    12  0.3730853981981058E-01   3   0 3  0 0  0 0  0
    13  -.1480580217840508       3   2 0  1 0  0 0  0
    14  -.6914594687765932E-02   3   1 1  1 0  0 0  0
    15  -.1713970500215722E-01   3   0 2  1 0  0 0  0
    16  -.1501524503761992E-03   3   1 0  2 0  0 0  0
    17  0.5114685842888460E-02   3   0 1  2 0  0 0  0
    18  -.1480580217840508       3   0 0  3 0  0 0  0
    19  -.1102847334272556E-01   3   2 0  0 1  0 0  0
    20  0.1098454988358326E-01   3   1 1  0 1  0 0  0
    21  0.6655617921384172E-02   3   0 2  0 1  0 0  0
    22  -.3070244208289397E-02   3   1 0  1 1  0 0  0
    23  -.1926013492481579E-02   3   0 1  1 1  0 0  0
    24  -.1794306803049153E-01   3   0 0  2 1  0 0  0
    25  0.9727921081969623E-03   3   1 0  0 2  0 0  0
    26  0.3730853981981058E-01   3   0 1  0 2  0 0  0
    27  -.6155155118573979E-02   3   0 0  1 2  0 0  0
    28  0.6655617921384170E-02   3   0 0  0 3  0 0  0
    29  -.8574899392602186E-06   3   1 0  0 0  0 2  0
    30  0.3788541907722745E-01   3   0 1  0 0  0 2  0
    31  -.5817262698831189E-02   3   0 0  1 0  0 2  0
    32  0.9917623397282548E-02   3   0 0  0 1  0 2  0
    33  0.2323882833881481E-03   4   3 0  0 0  0 1  0
    34  -.4185951295507516E-02   4   2 1  0 0  0 1  0
    35  0.2587693814851753E-02   4   1 2  0 0  0 1  0
    36  -.7543918517100540E-01   4   0 3  0 0  0 1  0
    37  0.1008616716862398       4   2 0  1 0  0 1  0
    38  0.8896523837207624E-02   4   1 1  1 0  0 1  0
    39  0.3477236396401669E-01   4   0 2  1 0  0 1  0
    40  0.2323882833881914E-03   4   1 0  2 0  0 1  0
    41  -.1040088417847680E-01   4   0 1  2 0  0 1  0
    42  0.1008616716862398       4   0 0  3 0  0 1  0
    43  0.1505318554020258E-01   4   2 0  0 1  0 1  0
    44  -.2218000953638374E-01   4   1 1  0 1  0 1  0
    45  -.1809521682890309E-01   4   0 2  0 1  0 1  0
    46  0.6214932882969293E-02   4   1 0  1 1  0 1  0
    47  0.5229280286338138E-02   4   0 1  1 1  0 1  0
    48  0.2394970937741025E-01   4   0 0  2 1  0 1  0
    49  -.2641586471486392E-02   4   1 0  0 2  0 1  0
    50  -.7543918517100544E-01   4   0 1  0 2  0 1  0
    51  0.1259235442763296E-01   4   0 0  1 2  0 1  0
    52  -.1809521682890309E-01   4   0 0  0 3  0 1  0
    53  0.8823520043029940E-06   4   1 0  0 0  0 3  0
    54  -.3037666023548578E-01   4   0 1  0 0  0 3  0
    55  0.4704741190773895E-02   4   0 0  1 0  0 3  0
    56  -.1019576586071459E-01   4   0 0  0 1  0 3  0
    57  -.1726522139662235E-02   5   5 0  0 0  0 0  0
    58  0.3705260703684882E-01   5   4 1  0 0  0 0  0
    59  -.8990483891820016E-02   5   3 2  0 0  0 0  0
    60  0.2348833217556137E-02   5   2 3  0 0  0 0  0
    61  -.1915054788805058E-02   5   1 4  0 0  0 0  0
    62  0.2765890600939230E-01   5   0 5  0 0  0 0  0
    63  -1.410518298071478       5   4 0  1 0  0 0  0
    64  -.1263790567441542       5   3 1  1 0  0 0  0
    65  -.2284360085177678       5   2 2  1 0  0 0  0
    66  -.1323576100822292E-01   5   1 3  1 0  0 0  0
    67  -.2140063950877098E-01   5   0 4  1 0  0 0  0
    68  -.3453044279324176E-02   5   3 0  2 0  0 0  0
    69  0.1463292812100489       5   2 1  2 0  0 0  0
    70  -.4432821425231797E-02   5   1 2  2 0  0 0  0
    71  0.1166509163862974E-01   5   0 3  2 0  0 0  0
    72  -2.821036596142956       5   2 0  3 0  0 0  0
    73  -.1263790567441539       5   1 1  3 0  0 0  0
    74  -.2251827534257273       5   0 2  3 0  0 0  0
    75  -.1726522139662518E-02   5   1 0  4 0  0 0  0
    76  0.1092766741732001       5   0 1  4 0  0 0  0
    77  -1.410518298071477       5   0 0  5 0  0 0  0
    78  -.1084772171491346       5   4 0  0 1  0 0  0
    79  0.1416665336575920       5   3 1  0 1  0 0  0
    80  -.4529958546638003E-02   5   2 2  0 1  0 0  0
    81  0.1641008836371825E-01   5   1 3  0 1  0 0  0
    82  0.6636344959271748E-02   5   0 4  0 1  0 0  0
    83  -.7222406713635134E-01   5   3 0  1 1  0 0  0
    84  -.2387585434359955E-01   5   2 1  1 1  0 0  0
    85  -.1424894897298751E-01   5   1 2  1 1  0 0  0
    86  -.3858711451788749E-02   5   0 3  1 1  0 0  0
    87  -.3433334910424224       5   2 0  2 1  0 0  0
    88  0.1351600234735111       5   1 1  2 1  0 0  0
    89  -.2415159405709821E-01   5   0 2  2 1  0 0  0
    90  -.7222406713635139E-01   5   1 0  3 1  0 0  0
    91  -.1476052941042297E-01   5   0 1  3 1  0 0  0
    92  -.2348562738932883       5   0 0  4 1  0 0  0
    93  0.1032770798519130E-01   5   3 0  0 2  0 0  0
    94  0.7281523769470058E-02   5   2 1  0 2  0 0  0
    95  0.2860187417863714E-04   5   1 2  0 2  0 0  0
    96  0.5531781201878462E-01   5   0 3  0 2  0 0  0
    97  -.8351621976813529E-01   5   2 0  1 2  0 0  0
    98  -.4640120037484126E-03   5   1 1  1 2  0 0  0
    99  -.2639119065382376E-01   5   0 2  1 2  0 0  0
   100  0.5770045518602920E-02   5   1 0  2 2  0 0  0
   101  0.6732401086715825E-02   5   0 1  2 2  0 0  0
   102  -.8676947486017572E-01   5   0 0  3 2  0 0  0
   103  -.1091583304887527E-01   5   2 0  0 3  0 0  0
   104  0.1641008836371826E-01   5   1 1  0 3  0 0  0
   105  0.1327268991854348E-01   5   0 2  0 3  0 0  0
   106  -.4383567869159696E-02   5   1 0  1 3  0 0  0
   107  -.3858711451788745E-02   5   0 1  1 3  0 0  0
   108  -.1776571955486096E-01   5   0 0  2 3  0 0  0
   109  0.1943656662983690E-02   5   1 0  0 4  0 0  0
   110  0.2765890600939233E-01   5   0 1  0 4  0 0  0
   111  -.4990551145052743E-02   5   0 0  1 4  0 0  0
   112  0.6636344959271739E-02   5   0 0  0 5  0 0  0
   113  -.2924307525278853E-03   5   3 0  0 0  0 2  0
   114  0.6026767296888775E-02   5   2 1  0 0  0 2  0
   115  -.4579056127669309E-02   5   1 2  0 0  0 2  0
   116  0.1070041232162144       5   0 3  0 0  0 2  0
   117  -.7618724218123692E-01   5   2 0  1 0  0 2  0
   118  -.9041924925648485E-02   5   1 1  1 0  0 2  0
   119  -.4952012299411696E-01   5   0 2  1 0  0 2  0
   120  -.2924307525279338E-03   5   1 0  2 0  0 2  0
   121  0.1485397250973231E-01   5   0 1  2 0  0 2  0
   122  -.7618724218123696E-01   5   0 0  3 0  0 2  0
   123  -.1653417308388682E-01   5   2 0  0 1  0 2  0
   124  0.3140772971412603E-01   5   1 1  0 1  0 2  0
   125  0.3207628392050182E-01   5   0 2  0 1  0 2  0
   126  -.8827205212843550E-02   5   1 0  1 1  0 2  0
   127  -.9255042748313813E-02   5   0 1  1 1  0 2  0
   128  -.2557609800953535E-01   5   0 0  2 1  0 2  0
   129  0.4675986620644497E-02   5   1 0  0 2  0 2  0
   130  0.1070041232162144       5   0 1  0 2  0 2  0
   131  -.1811239327999097E-01   5   0 0  1 2  0 2  0
   132  0.3207628392050183E-01   5   0 0  0 3  0 2  0
   133  -.8894914826457169E-06   5   1 0  0 0  0 4  0
   134  0.2561928629009755E-01   5   0 1  0 0  0 4  0
   135  -.4004584012175983E-02   5   0 0  1 0  0 4  0
   136  0.1026814252876554E-01   5   0 0  0 1  0 4  0
   --------------------------------------------------
     I  COEFFICIENT            ORDER EXPONENTS
     1  -.2834343875856775E-01   1   1 0  0 0  0 0  0
     2  0.9999994237585824       1   0 1  0 0  0 0  0
     3  -.3006530774416715       1   0 0  1 0  0 0  0
     4  -.1143770146156534E-01   1   0 0  0 1  0 0  0
     5  0.1921266833596669E-01   2   1 0  0 0  0 1  0
     6  0.7838858674634464E-06   2   0 1  0 0  0 1  0
     7  -.2304285315462795E-02   2   0 0  1 0  0 1  0
     8  0.7753092007698678E-02   2   0 0  0 1  0 1  0
     9  -.3491495377081575       3   3 0  0 0  0 0  0
    10  -.2338682148729173E-01   3   2 1  0 0  0 0  0
    11  -.1420655171358391E-01   3   1 2  0 0  0 0  0
    12  0.1685748703562635E-04   3   0 3  0 0  0 0  0
    13  -3.886717307802771       3   2 0  1 0  0 0  0
    14  -.2828634306949396       3   1 1  1 0  0 0  0
    15  -.5705050329433783E-02   3   0 2  1 0  0 0  0
    16  -.3491495377081584       3   1 0  2 0  0 0  0
    17  0.2718497888887889E-01   3   0 1  2 0  0 0  0
    18  -3.886717307802771       3   0 0  3 0  0 0  0
    19  -.1624391198640036       3   2 0  0 1  0 0  0
    20  0.2585552094956884E-02   3   1 1  0 1  0 0  0
    21  -.5537475137998866E-02   3   0 2  0 1  0 0  0
    22  -.5057180037617066E-01   3   1 0  1 1  0 0  0
    23  0.2812284916907284E-01   3   0 1  1 1  0 0  0
    24  -.4453025505589433       3   0 0  2 1  0 0  0
    25  -.4232940088265674E-01   3   1 0  0 2  0 0  0
    26  0.1685748703563611E-04   3   0 1  0 2  0 0  0
    27  -.3119498234476926E-02   3   0 0  1 2  0 0  0
    28  -.5537475137998932E-02   3   0 0  0 3  0 0  0
    29  -.1441550989365019E-01   3   1 0  0 0  0 2  0
    30  -.8574899392523039E-06   3   0 1  0 0  0 2  0
    31  0.2522063385564802E-02   3   0 0  1 0  0 2  0
    32  -.5817262698831205E-02   3   0 0  0 1  0 2  0
    33  0.2385618033086988       4   3 0  0 0  0 1  0
    34  0.3056487156303504E-01   4   2 1  0 0  0 1  0
    35  0.2885523680646541E-01   4   1 2  0 0  0 1  0
    36  -.4603916616482094E-04   4   0 3  0 0  0 1  0
    37  -.2376951887338702E-01   4   2 0  1 0  0 1  0
    38  0.1749265427907836       4   1 1  1 0  0 1  0
    39  0.5228674665625320E-02   4   0 2  1 0  0 1  0
    40  0.2385618033086993       4   1 0  2 0  0 1  0
    41  -.3556112636004712E-01   4   0 1  2 0  0 1  0
    42  -.2376951887338725E-01   4   0 0  3 0  0 1  0
    43  0.1300915340645302       4   2 0  0 1  0 1  0
    44  -.7642570525959217E-02   4   1 1  0 1  0 1  0
    45  0.1122058650193473E-01   4   0 2  0 1  0 1  0
    46  0.6612599792308226E-01   4   1 0  1 1  0 1  0
    47  -.5722151785278059E-01   4   0 1  1 1  0 1  0
    48  0.3050180768553140       4   0 0  2 1  0 1  0
    49  0.8607675465924609E-01   4   1 0  0 2  0 1  0
    50  -.4603916616482615E-04   4   0 1  0 2  0 1  0
    51  -.2413895860333830E-02   4   0 0  1 2  0 1  0
    52  0.1122058650193484E-01   4   0 0  0 3  0 1  0
    53  0.1165857431332237E-01   4   1 0  0 0  0 3  0
    54  0.8823520043013677E-06   4   0 1  0 0  0 3  0
    55  -.2596831967614532E-02   4   0 0  1 0  0 3  0
    56  0.4704741190773881E-02   4   0 0  0 1  0 3  0
    57  -3.045019790858599       5   5 0  0 0  0 0  0
    58  -.3669450918606725       5   4 1  0 0  0 0  0
    59  -.1879791895454284       5   3 2  0 0  0 0  0
    60  -.2207069075880385E-01   5   2 3  0 0  0 0  0
    61  -.1061520519383655E-01   5   1 4  0 0  0 0  0
    62  0.3524302159099156E-04   5   0 5  0 0  0 0  0
    63  -36.85863875085663       5   4 0  1 0  0 0  0
    64  -5.330900229358885       5   3 1  1 0  0 0  0
    65  -.3912811665481517       5   2 2  1 0  0 0  0
    66  -.1448981224143091       5   1 3  1 0  0 0  0
    67  -.5802694091085774E-02   5   0 4  1 0  0 0  0
    68  -6.090039581717191       5   3 0  2 0  0 0  0
    69  0.1332292425058131       5   2 1  2 0  0 0  0
    70  -.9148305067680858E-01   5   1 2  2 0  0 0  0
    71  0.2950579688223244E-01   5   0 3  2 0  0 0  0
    72  -73.71727750171321       5   2 0  3 0  0 0  0
    73  -5.330900229358887       5   1 1  3 0  0 0  0
    74  -.1312280199169749       5   0 2  3 0  0 0  0
    75  -3.045019790858605       5   1 0  4 0  0 0  0
    76  0.5001743343664847       5   0 1  4 0  0 0  0
    77  -36.85863875085661       5   0 0  5 0  0 0  0
    78  -1.743151342878471       5   4 0  0 1  0 0  0
    79  0.6805379264541223E-02   5   3 1  0 1  0 0  0
    80  -.8527198589844107E-01   5   2 2  0 1  0 0  0
    81  0.6040371186163141E-02   5   1 3  0 1  0 0  0
    82  -.3984429584215760E-02   5   0 4  0 1  0 0  0
    83  -.8671194262271587       5   3 0  1 1  0 0  0
    84  0.2425691912038738       5   2 1  1 1  0 0  0
    85  -.3148187030429821E-01   5   1 2  1 1  0 0  0
    86  0.4242708051748316E-01   5   0 3  1 1  0 0  0
    87  -8.817202915115830       5   2 0  2 1  0 0  0
    88  -.5133009139978121       5   1 1  2 1  0 0  0
    89  -.2523965356077945       5   0 2  2 1  0 0  0
    90  -.8671194262271582       5   1 0  3 1  0 0  0
    91  0.4355614689411140       5   0 1  3 1  0 0  0
    92  -7.074051572237353       5   0 0  4 1  0 0  0
    93  -.5270445196179220       5   3 0  0 2  0 0  0
    94  -.4216530809554223E-01   5   2 1  0 2  0 0  0
    95  -.6365749090515634E-01   5   1 2  0 2  0 0  0
    96  0.7048604318203328E-04   5   0 3  0 2  0 0  0
    97  -.1244226406524343       5   2 0  1 2  0 0  0
    98  -.1004452678242204       5   1 1  1 2  0 0  0
    99  -.5565016996008834E-02   5   0 2  1 2  0 0  0
   100  -.6235406584865435       5   1 0  2 2  0 0  0
   101  0.4960041421897077E-01   5   0 1  2 2  0 0  0
   102  -.3844757872836098       5   0 0  3 2  0 0  0
   103  -.1074984131934854       5   2 0  0 3  0 0  0
   104  0.6040371186162810E-02   5   1 1  0 3  0 0  0
   105  -.7968859168431659E-02   5   0 2  0 3  0 0  0
   106  -.7167110497777444E-01   5   1 0  1 3  0 0  0
   107  0.4242708051748326E-01   5   0 1  1 3  0 0  0
   108  -.2301701083127502       5   0 0  2 3  0 0  0
   109  -.5304228571131978E-01   5   1 0  0 4  0 0  0
   110  0.3524302159104570E-04   5   0 1  0 4  0 0  0
   111  0.2376770950776258E-03   5   0 0  1 4  0 0  0
   112  -.3984429584215798E-02   5   0 0  0 5  0 0  0
   113  -.1809191146591668       5   3 0  0 0  0 2  0
   114  -.3174345219249740E-01   5   2 1  0 0  0 2  0
   115  -.4115062138437010E-01   5   1 2  0 0  0 2  0
   116  0.8203465373619358E-04   5   0 3  0 0  0 2  0
   117  0.2625003857054700E-01   5   2 0  1 0  0 2  0
   118  -.1143653879699628       5   1 1  1 0  0 2  0
   119  -.2275366894563494E-02   5   0 2  1 0  0 2  0
   120  -.1809191146591672       5   1 0  2 0  0 2  0
   121  0.3697699612929235E-01   5   0 1  2 0  0 2  0
   122  0.2625003857054722E-01   5   0 0  3 0  0 2  0
   123  -.1179069328996889       5   2 0  0 1  0 2  0
   124  0.1397865275135199E-01   5   1 1  0 1  0 2  0
   125  -.1595594859469747E-01   5   0 2  0 1  0 2  0
   126  -.6872044832178986E-01   5   1 0  1 1  0 2  0
   127  0.8177572435730965E-01   5   0 1  1 1  0 2  0
   128  -.2322723208696519       5   0 0  2 1  0 2  0
   129  -.1229263457416799       5   1 0  0 2  0 2  0
   130  0.8203465373619705E-04   5   0 1  0 2  0 2  0
   131  0.1170328585678842E-01   5   0 0  1 2  0 2  0
   132  -.1595594859469752E-01   5   0 0  0 3  0 2  0
   133  -.9923511989259344E-02   5   1 0  0 0  0 4  0
   134  -.8894914826362843E-06   5   0 1  0 0  0 4  0
   135  0.2619612848931636E-02   5   0 0  1 0  0 4  0
   136  -.4004584012175995E-02   5   0 0  0 1  0 4  0
   --------------------------------------------------
     I  COEFFICIENT            ORDER EXPONENTS
     1  0.1143770146156525E-01   1   1 0  0 0  0 0  0
     2  -.6674541461511337E-02   1   0 1  0 0  0 0  0
     3  0.9999994237585824       1   0 0  1 0  0 0  0
     4  0.7545643795587390E-01   1   0 0  0 1  0 0  0
     5  -.7753092007698655E-02   2   1 0  0 0  0 1  0
     6  0.9073728374758295E-02   2   0 1  0 0  0 1  0
     7  0.7838858674699516E-06   2   0 0  1 0  0 1  0
     8  -.5087130331269059E-01   2   0 0  0 1  0 1  0
     9  0.1480580217840508       3   3 0  0 0  0 0  0
    10  0.1794306803049152E-01   3   2 1  0 0  0 0  0
    11  0.6155155118573977E-02   3   1 2  0 0  0 0  0
    12  -.6655617921384172E-02   3   0 3  0 0  0 0  0
    13  -.1501524503761473E-03   3   2 0  1 0  0 0  0
    14  -.3070244208289394E-02   3   1 1  1 0  0 0  0
    15  0.9727921081969629E-03   3   0 2  1 0  0 0  0
    16  0.1480580217840508       3   1 0  2 0  0 0  0
    17  0.1102847334272557E-01   3   0 1  2 0  0 0  0
    18  -.1501524503761849E-03   3   0 0  3 0  0 0  0
    19  0.5114685842888464E-02   3   2 0  0 1  0 0  0
    20  -.1926013492481579E-02   3   1 1  0 1  0 0  0
    21  0.3730853981981056E-01   3   0 2  0 1  0 0  0
    22  0.6914594687765952E-02   3   1 0  1 1  0 0  0
    23  -.1098454988358325E-01   3   0 1  1 1  0 0  0
    24  0.2044441634599067E-02   3   0 0  2 1  0 0  0
    25  0.1713970500215723E-01   3   1 0  0 2  0 0  0
    26  -.6655617921384177E-02   3   0 1  0 2  0 0  0
    27  -.9532213842846164E-03   3   0 0  1 2  0 0  0
    28  0.3730853981981058E-01   3   0 0  0 3  0 0  0
    29  0.5817262698831188E-02   3   1 0  0 0  0 2  0
    30  -.9917623397282548E-02   3   0 1  0 0  0 2  0
    31  -.8574899392601101E-06   3   0 0  1 0  0 2  0
    32  0.3788541907722746E-01   3   0 0  0 1  0 2  0
    33  -.1008616716862398       4   3 0  0 0  0 1  0
    34  -.2394970937741022E-01   4   2 1  0 0  0 1  0
    35  -.1259235442763294E-01   4   1 2  0 0  0 1  0
    36  0.1809521682890310E-01   4   0 3  0 0  0 1  0
    37  0.2323882833881420E-03   4   2 0  1 0  0 1  0
    38  0.6214932882969288E-02   4   1 1  1 0  0 1  0
    39  -.2641586471486394E-02   4   0 2  1 0  0 1  0
    40  -.1008616716862399       4   1 0  2 0  0 1  0
    41  -.1505318554020261E-01   4   0 1  2 0  0 1  0
    42  0.2323882833881828E-03   4   0 0  3 0  0 1  0
    43  -.1040088417847681E-01   4   2 0  0 1  0 1  0
    44  0.5229280286338144E-02   4   1 1  0 1  0 1  0
    45  -.7543918517100541E-01   4   0 2  0 1  0 1  0
    46  -.8896523837207647E-02   4   1 0  1 1  0 1  0
    47  0.2218000953638372E-01   4   0 1  1 1  0 1  0
    48  -.4185951295507513E-02   4   0 0  2 1  0 1  0
    49  -.3477236396401669E-01   4   1 0  0 2  0 1  0
    50  0.1809521682890311E-01   4   0 1  0 2  0 1  0
    51  0.2587693814851753E-02   4   0 0  1 2  0 1  0
    52  -.7543918517100542E-01   4   0 0  0 3  0 1  0
    53  -.4704741190773897E-02   4   1 0  0 0  0 3  0
    54  0.1019576586071459E-01   4   0 1  0 0  0 3  0
    55  0.8823520043030211E-06   4   0 0  1 0  0 3  0
    56  -.3037666023548579E-01   4   0 0  0 1  0 3  0
    57   1.410518298071479       5   5 0  0 0  0 0  0
    58  0.2348562738932884       5   4 1  0 0  0 0  0
    59  0.8676947486017572E-01   5   3 2  0 0  0 0  0
    60  0.1776571955486096E-01   5   2 3  0 0  0 0  0
    61  0.4990551145052737E-02   5   1 4  0 0  0 0  0
    62  -.6636344959271742E-02   5   0 5  0 0  0 0  0
    63  -.1726522139662627E-02   5   4 0  1 0  0 0  0
    64  -.7222406713635141E-01   5   3 1  1 0  0 0  0
    65  0.5770045518602994E-02   5   2 2  1 0  0 0  0
    66  -.4383567869159689E-02   5   1 3  1 0  0 0  0
    67  0.1943656662983690E-02   5   0 4  1 0  0 0  0
    68   2.821036596142957       5   3 0  2 0  0 0  0
    69  0.3433334910424225       5   2 1  2 0  0 0  0
    70  0.8351621976813518E-01   5   1 2  2 0  0 0  0
    71  0.1091583304887527E-01   5   0 3  2 0  0 0  0
    72  -.3453044279324331E-02   5   2 0  3 0  0 0  0
    73  -.7222406713635132E-01   5   1 1  3 0  0 0  0
    74  0.1032770798519125E-01   5   0 2  3 0  0 0  0
    75   1.410518298071479       5   1 0  4 0  0 0  0
    76  0.1084772171491346       5   0 1  4 0  0 0  0
    77  -.1726522139662225E-02   5   0 0  5 0  0 0  0
    78  0.1092766741732001       5   4 0  0 1  0 0  0
    79  -.1476052941042302E-01   5   3 1  0 1  0 0  0
    80  0.6732401086715824E-02   5   2 2  0 1  0 0  0
    81  -.3858711451788749E-02   5   1 3  0 1  0 0  0
    82  0.2765890600939232E-01   5   0 4  0 1  0 0  0
    83  0.1263790567441538       5   3 0  1 1  0 0  0
    84  -.1351600234735110       5   2 1  1 1  0 0  0
    85  0.4640120037484469E-03   5   1 2  1 1  0 0  0
    86  -.1641008836371825E-01   5   0 3  1 1  0 0  0
    87  0.1463292812100489       5   2 0  2 1  0 0  0
    88  -.2387585434359959E-01   5   1 1  2 1  0 0  0
    89  0.7281523769470046E-02   5   0 2  2 1  0 0  0
    90  0.1263790567441540       5   1 0  3 1  0 0  0
    91  -.1416665336575919       5   0 1  3 1  0 0  0
    92  0.3705260703684878E-01   5   0 0  4 1  0 0  0
    93  0.2251827534257272       5   3 0  0 2  0 0  0
    94  0.2415159405709820E-01   5   2 1  0 2  0 0  0
    95  0.2639119065382376E-01   5   1 2  0 2  0 0  0
    96  -.1327268991854349E-01   5   0 3  0 2  0 0  0
    97  -.4432821425231717E-02   5   2 0  1 2  0 0  0
    98  -.1424894897298751E-01   5   1 1  1 2  0 0  0
    99  0.2860187417864037E-04   5   0 2  1 2  0 0  0
   100  0.2284360085177678       5   1 0  2 2  0 0  0
   101  0.4529958546638033E-02   5   0 1  2 2  0 0  0
   102  -.8990483891820059E-02   5   0 0  3 2  0 0  0
   103  0.1166509163862975E-01   5   2 0  0 3  0 0  0
   104  -.3858711451788747E-02   5   1 1  0 3  0 0  0
   105  0.5531781201878460E-01   5   0 2  0 3  0 0  0
   106  0.1323576100822294E-01   5   1 0  1 3  0 0  0
   107  -.1641008836371825E-01   5   0 1  1 3  0 0  0
   108  0.2348833217556135E-02   5   0 0  2 3  0 0  0
   109  0.2140063950877100E-01   5   1 0  0 4  0 0  0
   110  -.6636344959271750E-02   5   0 1  0 4  0 0  0
   111  -.1915054788805057E-02   5   0 0  1 4  0 0  0
   112  0.2765890600939230E-01   5   0 0  0 5  0 0  0
   113  0.7618724218123690E-01   5   3 0  0 0  0 2  0
   114  0.2557609800953532E-01   5   2 1  0 0  0 2  0
   115  0.1811239327999095E-01   5   1 2  0 0  0 2  0
   116  -.3207628392050182E-01   5   0 3  0 0  0 2  0
   117  -.2924307525278788E-03   5   2 0  1 0  0 2  0
   118  -.8827205212843543E-02   5   1 1  1 0  0 2  0
   119  0.4675986620644501E-02   5   0 2  1 0  0 2  0
   120  0.7618724218123693E-01   5   1 0  2 0  0 2  0
   121  0.1653417308388684E-01   5   0 1  2 0  0 2  0
   122  -.2924307525279282E-03   5   0 0  3 0  0 2  0
   123  0.1485397250973232E-01   5   2 0  0 1  0 2  0
   124  -.9255042748313817E-02   5   1 1  0 1  0 2  0
   125  0.1070041232162144       5   0 2  0 1  0 2  0
   126  0.9041924925648512E-02   5   1 0  1 1  0 2  0
   127  -.3140772971412601E-01   5   0 1  1 1  0 2  0
   128  0.6026767296888770E-02   5   0 0  2 1  0 2  0
   129  0.4952012299411698E-01   5   1 0  0 2  0 2  0
   130  -.3207628392050185E-01   5   0 1  0 2  0 2  0
   131  -.4579056127669307E-02   5   0 0  1 2  0 2  0
   132  0.1070041232162144       5   0 0  0 3  0 2  0
   133  0.4004584012175983E-02   5   1 0  0 0  0 4  0
   134  -.1026814252876554E-01   5   0 1  0 0  0 4  0
   135  -.8894914826458795E-06   5   0 0  1 0  0 4  0
   136  0.2561928629009755E-01   5   0 0  0 1  0 4  0
   --------------------------------------------------
     I  COEFFICIENT            ORDER EXPONENTS
     1  0.3006530774416715       1   1 0  0 0  0 0  0
     2  0.1143770146156525E-01   1   0 1  0 0  0 0  0
     3  -.2834343875856775E-01   1   0 0  1 0  0 0  0
     4  0.9999994237585828       1   0 0  0 1  0 0  0
     5  0.2304285315462794E-02   2   1 0  0 0  0 1  0
     6  -.7753092007698630E-02   2   0 1  0 0  0 1  0
     7  0.1921266833596669E-01   2   0 0  1 0  0 1  0
     8  0.7838858674773241E-06   2   0 0  0 1  0 1  0
     9   3.886717307802772       3   3 0  0 0  0 0  0
    10  0.4453025505589434       3   2 1  0 0  0 0  0
    11  0.3119498234476934E-02   3   1 2  0 0  0 0  0
    12  0.5537475137998837E-02   3   0 3  0 0  0 0  0
    13  -.3491495377081574       3   2 0  1 0  0 0  0
    14  -.5057180037617059E-01   3   1 1  1 0  0 0  0
    15  -.4232940088265671E-01   3   0 2  1 0  0 0  0
    16   3.886717307802772       3   1 0  2 0  0 0  0
    17  0.1624391198640038       3   0 1  2 0  0 0  0
    18  -.3491495377081581       3   0 0  3 0  0 0  0
    19  0.2718497888887896E-01   3   2 0  0 1  0 0  0
    20  0.2812284916907283E-01   3   1 1  0 1  0 0  0
    21  0.1685748703560597E-04   3   0 2  0 1  0 0  0
    22  0.2828634306949396       3   1 0  1 1  0 0  0
    23  -.2585552094956870E-02   3   0 1  1 1  0 0  0
    24  -.2338682148729173E-01   3   0 0  2 1  0 0  0
    25  0.5705050329433780E-02   3   1 0  0 2  0 0  0
    26  0.5537475137998861E-02   3   0 1  0 2  0 0  0
    27  -.1420655171358392E-01   3   0 0  1 2  0 0  0
    28  0.1685748703561182E-04   3   0 0  0 3  0 0  0
    29  -.2522063385564801E-02   3   1 0  0 0  0 2  0
    30  0.5817262698831193E-02   3   0 1  0 0  0 2  0
    31  -.1441550989365018E-01   3   0 0  1 0  0 2  0
    32  -.8574899392557733E-06   3   0 0  0 1  0 2  0
    33  0.2376951887338704E-01   4   3 0  0 0  0 1  0
    34  -.3050180768553141       4   2 1  0 0  0 1  0
    35  0.2413895860333838E-02   4   1 2  0 0  0 1  0
    36  -.1122058650193457E-01   4   0 3  0 0  0 1  0
    37  0.2385618033086988       4   2 0  1 0  0 1  0
    38  0.6612599792308219E-01   4   1 1  1 0  0 1  0
    39  0.8607675465924602E-01   4   0 2  1 0  0 1  0
    40  0.2376951887338726E-01   4   1 0  2 0  0 1  0
    41  -.1300915340645304       4   0 1  2 0  0 1  0
    42  0.2385618033086992       4   0 0  3 0  0 1  0
    43  -.3556112636004723E-01   4   2 0  0 1  0 1  0
    44  -.5722151785278062E-01   4   1 1  0 1  0 1  0
    45  -.4603916616472342E-04   4   0 2  0 1  0 1  0
    46  -.1749265427907838       4   1 0  1 1  0 1  0
    47  0.7642570525959126E-02   4   0 1  1 1  0 1  0
    48  0.3056487156303509E-01   4   0 0  2 1  0 1  0
    49  -.5228674665625318E-02   4   1 0  0 2  0 1  0
    50  -.1122058650193472E-01   4   0 1  0 2  0 1  0
    51  0.2885523680646544E-01   4   0 0  1 2  0 1  0
    52  -.4603916616479367E-04   4   0 0  0 3  0 1  0
    53  0.2596831967614530E-02   4   1 0  0 0  0 3  0
    54  -.4704741190773904E-02   4   0 1  0 0  0 3  0
    55  0.1165857431332237E-01   4   0 0  1 0  0 3  0
    56  0.8823520043117761E-06   4   0 0  0 1  0 3  0
    57   36.85863875085666       5   5 0  0 0  0 0  0
    58   7.074051572237362       5   4 1  0 0  0 0  0
    59  0.3844757872836112       5   3 2  0 0  0 0  0
    60  0.2301701083127504       5   2 3  0 0  0 0  0
    61  -.2376770950775964E-03   5   1 4  0 0  0 0  0
    62  0.3984429584215726E-02   5   0 5  0 0  0 0  0
    63  -3.045019790858611       5   4 0  1 0  0 0  0
    64  -.8671194262271601       5   3 1  1 0  0 0  0
    65  -.6235406584865421       5   2 2  1 0  0 0  0
    66  -.7167110497777428E-01   5   1 3  1 0  0 0  0
    67  -.5304228571131971E-01   5   0 4  1 0  0 0  0
    68   73.71727750171326       5   3 0  2 0  0 0  0
    69   8.817202915115830       5   2 1  2 0  0 0  0
    70  0.1244226406524335       5   1 2  2 0  0 0  0
    71  0.1074984131934854       5   0 3  2 0  0 0  0
    72  -6.090039581717194       5   2 0  3 0  0 0  0
    73  -.8671194262271580       5   1 1  3 0  0 0  0
    74  -.5270445196179225       5   0 2  3 0  0 0  0
    75   36.85863875085664       5   1 0  4 0  0 0  0
    76   1.743151342878472       5   0 1  4 0  0 0  0
    77  -3.045019790858598       5   0 0  5 0  0 0  0
    78  0.5001743343664853       5   4 0  0 1  0 0  0
    79  0.4355614689411134       5   3 1  0 1  0 0  0
    80  0.4960041421897084E-01   5   2 2  0 1  0 0  0
    81  0.4242708051748326E-01   5   1 3  0 1  0 0  0
    82  0.3524302159096997E-04   5   0 4  0 1  0 0  0
    83   5.330900229358888       5   3 0  1 1  0 0  0
    84  0.5133009139978127       5   2 1  1 1  0 0  0
    85  0.1004452678242205       5   1 2  1 1  0 0  0
    86  -.6040371186162773E-02   5   0 3  1 1  0 0  0
    87  0.1332292425058129       5   2 0  2 1  0 0  0
    88  0.2425691912038748       5   1 1  2 1  0 0  0
    89  -.4216530809554226E-01   5   0 2  2 1  0 0  0
    90   5.330900229358885       5   1 0  3 1  0 0  0
    91  -.6805379264541069E-02   5   0 1  3 1  0 0  0
    92  -.3669450918606723       5   0 0  4 1  0 0  0
    93  0.1312280199169749       5   3 0  0 2  0 0  0
    94  0.2523965356077946       5   2 1  0 2  0 0  0
    95  0.5565016996008790E-02   5   1 2  0 2  0 0  0
    96  0.7968859168431567E-02   5   0 3  0 2  0 0  0
    97  -.9148305067680845E-01   5   2 0  1 2  0 0  0
    98  -.3148187030429808E-01   5   1 1  1 2  0 0  0
    99  -.6365749090515631E-01   5   0 2  1 2  0 0  0
   100  0.3912811665481514       5   1 0  2 2  0 0  0
   101  0.8527198589844114E-01   5   0 1  2 2  0 0  0
   102  -.1879791895454288       5   0 0  3 2  0 0  0
   103  0.2950579688223252E-01   5   2 0  0 3  0 0  0
   104  0.4242708051748324E-01   5   1 1  0 3  0 0  0
   105  0.7048604318196216E-04   5   0 2  0 3  0 0  0
   106  0.1448981224143091       5   1 0  1 3  0 0  0
   107  -.6040371186163082E-02   5   0 1  1 3  0 0  0
   108  -.2207069075880394E-01   5   0 0  2 3  0 0  0
   109  0.5802694091085763E-02   5   1 0  0 4  0 0  0
   110  0.3984429584215802E-02   5   0 1  0 4  0 0  0
   111  -.1061520519383657E-01   5   0 0  1 4  0 0  0
   112  0.3524302159099539E-04   5   0 0  0 5  0 0  0
   113  -.2625003857054696E-01   5   3 0  0 0  0 2  0
   114  0.2322723208696518       5   2 1  0 0  0 2  0
   115  -.1170328585678843E-01   5   1 2  0 0  0 2  0
   116  0.1595594859469734E-01   5   0 3  0 0  0 2  0
   117  -.1809191146591668       5   2 0  1 0  0 2  0
   118  -.6872044832178975E-01   5   1 1  1 0  0 2  0
   119  -.1229263457416797       5   0 2  1 0  0 2  0
   120  -.2625003857054722E-01   5   1 0  2 0  0 2  0
   121  0.1179069328996889       5   0 1  2 0  0 2  0
   122  -.1809191146591674       5   0 0  3 0  0 2  0
   123  0.3697699612929246E-01   5   2 0  0 1  0 2  0
   124  0.8177572435730972E-01   5   1 1  0 1  0 2  0
   125  0.8203465373605214E-04   5   0 2  0 1  0 2  0
   126  0.1143653879699629       5   1 0  1 1  0 2  0
   127  -.1397865275135191E-01   5   0 1  1 1  0 2  0
   128  -.3174345219249750E-01   5   0 0  2 1  0 2  0
   129  0.2275366894563475E-02   5   1 0  0 2  0 2  0
   130  0.1595594859469739E-01   5   0 1  0 2  0 2  0
   131  -.4115062138437012E-01   5   0 0  1 2  0 2  0
   132  0.8203465373600704E-04   5   0 0  0 3  0 2  0
   133  -.2619612848931635E-02   5   1 0  0 0  0 4  0
   134  0.4004584012175970E-02   5   0 1  0 0  0 4  0
   135  -.9923511989259341E-02   5   0 0  1 0  0 4  0
   136  -.8894914826432232E-06   5   0 0  0 1  0 4  0
   --------------------------------------------------
     I  COEFFICIENT            ORDER EXPONENTS
     1  1.0000000000000000       1   0 0  0 0  1 0  0
     2  0.7690926975354118E-02   1   0 0  0 0  0 1  0
     3  -.7803288064821894E-03   2   2 0  0 0  0 0  0
     4  0.6738065923312124E-03   2   1 1  0 0  0 0  0
     5  -.2585032262558374E-01   2   0 2  0 0  0 0  0
     6  0.7777191868754363E-02   2   0 1  1 0  0 0  0
     7  -.7803288064821890E-03   2   0 0  2 0  0 0  0
     8  -.7777191868754365E-02   2   1 0  0 1  0 0  0
     9  0.6738065923312120E-03   2   0 0  1 1  0 0  0
    10  -.2585032262558375E-01   2   0 0  0 2  0 0  0
    11  -.7863322037216932E-02   2   0 0  0 0  0 2  0
    12  0.1177342666162009E-02   3   2 0  0 0  0 1  0
    13  -.1475671768594379E-02   3   1 1  0 0  0 1  0
    14  0.3907610335341170E-01   3   0 2  0 0  0 1  0
    15  -.1170373576348674E-01   3   0 1  1 0  0 1  0
    16  0.1177342666162009E-02   3   0 0  2 0  0 1  0
    17  0.1170373576348674E-01   3   1 0  0 1  0 1  0
    18  -.1475671768594378E-02   3   0 0  1 1  0 1  0
    19  0.3907610335341170E-01   3   0 0  0 2  0 1  0
    20  0.7536117018589807E-02   3   0 0  0 0  0 3  0
    21  -.2014612193004419E-01   4   4 0  0 0  0 0  0
    22  0.6409174729514822E-02   4   3 1  0 0  0 0  0
    23  -.6678421397470392E-03   4   2 2  0 0  0 0  0
    24  0.1357725824150863E-02   4   1 3  0 0  0 0  0
    25  -.1937724875742654E-01   4   0 4  0 0  0 0  0
    26  0.1011937904400546       4   2 1  1 0  0 0  0
    27  0.4436443473235499E-02   4   1 2  1 0  0 0  0
    28  0.1171557103381376E-01   4   0 3  1 0  0 0  0
    29  -.4029224386008838E-01   4   2 0  2 0  0 0  0
    30  0.6409174729514853E-02   4   1 1  2 0  0 0  0
    31  -.3853511384292722E-02   4   0 2  2 0  0 0  0
    32  0.1011937904400546       4   0 1  3 0  0 0  0
    33  -.2014612193004419E-01   4   0 0  4 0  0 0  0
    34  -.1011937904400546       4   3 0  0 1  0 0  0
    35  -.4436443473235516E-02   4   2 1  0 1  0 0  0
    36  -.1171557103381377E-01   4   1 2  0 1  0 0  0
    37  0.6409174729514812E-02   4   2 0  1 1  0 0  0
    38  0.6371338489091368E-02   4   1 1  1 1  0 0  0
    39  0.1357725824150860E-02   4   0 2  1 1  0 0  0
    40  -.1011937904400547       4   1 0  2 1  0 0  0
    41  0.4436443473235510E-02   4   0 1  2 1  0 0  0
    42  0.6409174729514833E-02   4   0 0  3 1  0 0  0
    43  -.3853511384292727E-02   4   2 0  0 2  0 0  0
    44  0.1357725824150863E-02   4   1 1  0 2  0 0  0
    45  -.3875449751485309E-01   4   0 2  0 2  0 0  0
    46  -.4436443473235512E-02   4   1 0  1 2  0 0  0
    47  0.1171557103381376E-01   4   0 1  1 2  0 0  0
    48  -.6678421397470403E-03   4   0 0  2 2  0 0  0
    49  -.1171557103381377E-01   4   1 0  0 3  0 0  0
    50  0.1357725824150863E-02   4   0 0  1 3  0 0  0
    51  -.1937724875742654E-01   4   0 0  0 4  0 0  0
    52  -.1437126293344418E-02   4   2 0  0 0  0 2  0
    53  0.2280341296503591E-02   4   1 1  0 0  0 2  0
    54  -.4780058393886766E-01   4   0 2  0 0  0 2  0
    55  0.1424419212655387E-01   4   0 1  1 0  0 2  0
    56  -.1437126293344417E-02   4   0 0  2 0  0 2  0
    57  -.1424419212655388E-01   4   1 0  0 1  0 2  0
    58  0.2280341296503590E-02   4   0 0  1 1  0 2  0
    59  -.4780058393886767E-01   4   0 0  0 2  0 2  0
    60  -.7085135729154654E-02   4   0 0  0 0  0 4  0
    61  0.3045410687250074E-01   5   4 0  0 0  0 1  0
    62  -.1412022763845015E-01   5   3 1  0 0  0 1  0
    63  0.1945527321057337E-02   5   2 2  0 0  0 1  0
    64  -.4821614206801002E-02   5   1 3  0 0  0 1  0
    65  0.5569240773462956E-01   5   0 4  0 0  0 1  0
    66  -.1533326026442469       5   2 1  1 0  0 1  0
    67  -.8996187170851679E-02   5   1 2  1 0  0 1  0
    68  -.3354107033788199E-01   5   0 3  1 0  0 1  0
    69  0.6090821374500147E-01   5   2 0  2 0  0 1  0
    70  -.1412022763845021E-01   5   1 1  2 0  0 1  0
    71  0.1102751634680101E-01   5   0 2  2 0  0 1  0
    72  -.1533326026442469       5   0 1  3 0  0 1  0
    73  0.3045410687250073E-01   5   0 0  4 0  0 1  0
    74  0.1533326026442469       5   3 0  0 1  0 1  0
    75  0.8996187170851712E-02   5   2 1  0 1  0 1  0
    76  0.3354107033788201E-01   5   1 2  0 1  0 1  0
    77  -.1412022763845014E-01   5   2 0  1 1  0 1  0
    78  -.1816397805148736E-01   5   1 1  1 1  0 1  0
    79  -.4821614206800990E-02   5   0 2  1 1  0 1  0
    80  0.1533326026442469       5   1 0  2 1  0 1  0
    81  -.8996187170851693E-02   5   0 1  2 1  0 1  0
    82  -.1412022763845018E-01   5   0 0  3 1  0 1  0
    83  0.1102751634680103E-01   5   2 0  0 2  0 1  0
    84  -.4821614206801008E-02   5   1 1  0 2  0 1  0
    85  0.1113848154692591       5   0 2  0 2  0 1  0
    86  0.8996187170851709E-02   5   1 0  1 2  0 1  0
    87  -.3354107033788200E-01   5   0 1  1 2  0 1  0
    88  0.1945527321057335E-02   5   0 0  2 2  0 1  0
    89  0.3354107033788201E-01   5   1 0  0 3  0 1  0
    90  -.4821614206801000E-02   5   0 0  1 3  0 1  0
    91  0.5569240773462958E-01   5   0 0  0 4  0 1  0
    92  0.1641633391073823E-02   5   2 0  0 0  0 3  0
    93  -.3068866106438333E-02   5   1 1  0 0  0 3  0
    94  0.5472491448525130E-01   5   0 2  0 0  0 3  0
    95  -.1622105356125424E-01   5   0 1  1 0  0 3  0
    96  0.1641633391073823E-02   5   0 0  2 0  0 3  0
    97  0.1622105356125424E-01   5   1 0  0 1  0 3  0
    98  -.3068866106438329E-02   5   0 0  1 1  0 3  0
    99  0.5472491448525131E-01   5   0 0  0 2  0 3  0
   100  0.6639787906708204E-02   5   0 0  0 0  0 5  0
   --------------------------------------------------
     I  COEFFICIENT            ORDER EXPONENTS
     1  1.0000000000000000       1   0 0  0 0  0 1  0
     ------------------------------------------------
     ALL COMPONENTS ZERO 
     ------------------- 
     ALL COMPONENTS ZERO 
     ------------------- 
