 L    0.9999999999999787E-02
 P (  0.0000000000000000E+00,  0.0000000000000000E+00,  0.2346049999999999E+01)
 A (  0.0000000000000000E+00,  0.0000000000000000E+00,  0.0000000000000000E+00)
     I  COEFFICIENT            ORDER EXPONENTS
     1   1.000006136470045       1   1 0  0 0  0 0  0
     2  0.9998322790387962E-02   1   0 1  0 0  0 0  0
     3  -.5886766370737619E-03   1   0 0  1 0  0 0  0
     4  0.1585955018197035E-03   1   0 0  0 1  0 0  0
     5  -.8364946778550216E-05   2   1 0  0 0  0 1  0
     6  -.6812673048255070E-02   2   0 1  0 0  0 1  0
     7  0.4011822503100218E-03   2   0 0  1 0  0 1  0
     8  -.2161825068310895E-03   2   0 0  0 1  0 1  0
     9  0.9843433422978496E-04   3   3 0  0 0  0 0  0
    10  -.1178210418356934E-04   3   2 1  0 0  0 0  0
    11  -.4063461676202373E-06   3   1 2  0 0  0 0  0
    12  0.4997467899527120E-02   3   0 3  0 0  0 0  0
    13  -.3165325276373668E-02   3   2 0  1 0  0 0  0
    14  -.2171672662517489E-04   3   1 1  1 0  0 0  0
    15  -.8827198335787202E-03   3   0 2  1 0  0 0  0
    16  0.9843433422978483E-04   3   1 0  2 0  0 0  0
    17  0.3401037500944169E-04   3   0 1  2 0  0 0  0
    18  -.3165325276373670E-02   3   0 0  3 0  0 0  0
    19  0.1696423244488451E-02   3   2 0  0 1  0 0  0
    20  0.5992996084153454E-03   3   1 1  0 1  0 0  0
    21  0.1586092372956693E-03   3   0 2  0 1  0 0  0
    22  -.4579247919301113E-04   3   1 0  1 1  0 0  0
    23  -.2518823381929440E-04   3   0 1  1 1  0 0  0
    24  0.1674706517863276E-02   3   0 0  2 1  0 0  0
    25  0.2478188765167416E-04   3   1 0  0 2  0 0  0
    26  0.4997467899527120E-02   3   0 1  0 2  0 0  0
    27  -.2834202251633748E-03   3   0 0  1 2  0 0  0
    28  0.1586092372956693E-03   3   0 0  0 3  0 0  0
    29  0.9173920041404133E-05   3   1 0  0 0  0 2  0
    30  0.5147855552334062E-02   3   0 1  0 0  0 2  0
    31  -.3032154633341357E-03   3   0 0  1 0  0 2  0
    32  0.2370794001412891E-03   3   0 0  0 1  0 2  0
    33  -.1342247677572580E-03   4   3 0  0 0  0 1  0
    34  0.2411924699610674E-04   4   2 1  0 0  0 1  0
    35  0.1103986300386508E-05   4   1 2  0 0  0 1  0
    36  -.1021552458538100E-01   4   0 3  0 0  0 1  0
    37  0.2158581312678578E-02   4   2 0  1 0  0 1  0
    38  0.3006919251295979E-04   4   1 1  1 0  0 1  0
    39  0.1804438344716886E-02   4   0 2  1 0  0 1  0
    40  -.1342247677572578E-03   4   1 0  2 0  0 1  0
    41  -.6951227587765393E-04   4   0 1  2 0  0 1  0
    42  0.2158581312678578E-02   4   0 0  3 0  0 1  0
    43  -.2314255833216207E-02   4   2 0  0 1  0 1  0
    44  -.1224718257754563E-02   4   1 1  0 1  0 1  0
    45  -.4324017797947679E-03   4   0 2  0 1  0 1  0
    46  0.9363152287376086E-04   4   1 0  1 1  0 1  0
    47  0.6866299659339242E-04   4   0 1  1 1  0 1  0
    48  -.2284186640703247E-02   4   0 0  2 1  0 1  0
    49  -.6755901029300594E-04   4   1 0  0 2  0 1  0
    50  -.1021552458538100E-01   4   0 1  0 2  0 1  0
    51  0.5797200869623237E-03   4   0 0  1 2  0 1  0
    52  -.4324017797947679E-03   4   0 0  0 3  0 1  0
    53  -.9467285958466956E-05   4   1 0  0 0  0 3  0
    54  -.4196973937002383E-02   4   0 1  0 0  0 3  0
    55  0.2472723084668029E-03   4   0 0  1 0  0 3  0
    56  -.2446490559759229E-03   4   0 0  0 1  0 3  0
    57  0.7900546303447666E-03   5   5 0  0 0  0 0  0
    58  -.6212504943209067E-04   5   4 1  0 0  0 0  0
    59  -.5521641056122376E-05   5   3 2  0 0  0 0  0
    60  -.1863267718260131E-04   5   2 3  0 0  0 0  0
    61  -.6949774957573760E-05   5   1 4  0 0  0 0  0
    62  0.3746814518451803E-02   5   0 5  0 0  0 0  0
    63  -.1901760695961022E-01   5   4 0  1 0  0 0  0
    64  -.2607607639297741E-03   5   3 1  1 0  0 0  0
    65  -.4746880888270846E-02   5   2 2  1 0  0 0  0
    66  -.4149996299537781E-04   5   1 3  1 0  0 0  0
    67  -.1103025126786608E-02   5   0 4  1 0  0 0  0
    68  0.1580109260689533E-02   5   3 0  2 0  0 0  0
    69  0.3678710439909529E-03   5   2 1  2 0  0 0  0
    70  -.1144162584992833E-05   5   1 2  2 0  0 0  0
    71  0.1205063175936029E-03   5   0 3  2 0  0 0  0
    72  -.3803521391922057E-01   5   2 0  3 0  0 0  0
    73  -.2607607639297738E-03   5   1 1  3 0  0 0  0
    74  -.4751748711898170E-02   5   0 2  3 0  0 0  0
    75  0.7900546303447650E-03   5   1 0  4 0  0 0  0
    76  0.4299960934230426E-03   5   0 1  4 0  0 0  0
    77  -.1901760695961024E-01   5   0 0  5 0  0 0  0
    78  0.6319229038809764E-02   5   4 0  0 1  0 0  0
    79  0.3237307729280730E-02   5   3 1  0 1  0 0  0
    80  0.1717612642813540E-02   5   2 2  0 1  0 0  0
    81  0.8984508141599016E-03   5   1 3  0 1  0 0  0
    82  0.1586224749020586E-03   5   0 4  0 1  0 0  0
    83  -.4921211428551318E-03   5   3 0  1 1  0 0  0
    84  -.4082982238976289E-03   5   2 1  1 1  0 0  0
    85  -.2121476459979397E-03   5   1 2  1 1  0 0  0
    86  -.5038027916526359E-04   5   0 3  1 1  0 0  0
    87  0.1237769731368977E-01   5   2 0  2 1  0 0  0
    88  0.3247043376535376E-02   5   1 1  2 1  0 0  0
    89  0.1659081178530244E-02   5   0 2  2 1  0 0  0
    90  -.4921211428551327E-03   5   1 0  3 1  0 0  0
    91  -.3995432669553690E-03   5   0 1  3 1  0 0  0
    92  0.6058468274879985E-02   5   0 0  4 1  0 0  0
    93  0.3983991043703762E-03   5   3 0  0 2  0 0  0
    94  0.5437597403913523E-04   5   2 1  0 2  0 0  0
    95  0.3648072925011716E-04   5   1 2  0 2  0 0  0
    96  0.7493629036903607E-02   5   0 3  0 2  0 0  0
    97  -.1514440982617435E-02   5   2 0  1 2  0 0  0
    98  -.7436960419541674E-05   5   1 1  1 2  0 0  0
    99  -.1307599439413318E-02   5   0 2  1 2  0 0  0
   100  0.3940216258992465E-03   5   1 0  2 2  0 0  0
   101  0.4749766637186764E-04   5   0 1  2 2  0 0  0
   102  -.1509573158990113E-02   5   0 0  3 2  0 0  0
   103  0.1700581141525621E-02   5   2 0  0 3  0 0  0
   104  0.8984508141599017E-03   5   1 1  0 3  0 0  0
   105  0.3172449498041182E-03   5   0 2  0 3  0 0  0
   106  -.6613034355446789E-04   5   1 0  1 3  0 0  0
   107  -.5038027916526371E-04   5   0 1  1 3  0 0  0
   108  0.1676112679818164E-02   5   0 0  2 3  0 0  0
   109  0.4343050420768956E-04   5   1 0  0 4  0 0  0
   110  0.3746814518451803E-02   5   0 1  0 4  0 0  0
   111  -.2045743126267066E-03   5   0 0  1 4  0 0  0
   112  0.1586224749020587E-03   5   0 0  0 5  0 0  0
   113  0.1472652294092954E-03   5   3 0  0 0  0 2  0
   114  -.3471913860102083E-04   5   2 1  0 0  0 2  0
   115  -.1955356907526936E-05   5   1 2  0 0  0 2  0
   116  0.1467978010147848E-01   5   0 3  0 0  0 2  0
   117  -.1632914052219418E-02   5   2 0  1 0  0 2  0
   118  -.3361239273536945E-04   5   1 1  1 0  0 2  0
   119  -.2593050741231992E-02   5   0 2  1 0  0 2  0
   120  0.1472652294092953E-03   5   1 0  2 0  0 2  0
   121  0.9987310089995964E-04   5   0 1  2 0  0 2  0
   122  -.1632914052219419E-02   5   0 0  3 0  0 2  0
   123  0.2540481950621012E-02   5   2 0  0 1  0 2  0
   124  0.1759359285697145E-02   5   1 1  0 1  0 2  0
   125  0.7689024959776219E-03   5   0 2  0 1  0 2  0
   126  -.1345922395009807E-03   5   1 0  1 1  0 2  0
   127  -.1220864590406060E-03   5   0 1  1 1  0 2  0
   128  0.2506869557885641E-02   5   0 0  2 1  0 2  0
   129  0.1201311021330790E-03   5   1 0  0 2  0 2  0
   130  0.1467978010147848E-01   5   0 1  0 2  0 2  0
   131  -.8336914555348468E-03   5   0 0  1 2  0 2  0
   132  0.7689024959776219E-03   5   0 0  0 3  0 2  0
   133  0.9573367431193332E-05   5   1 0  0 0  0 4  0
   134  0.3602660306276487E-02   5   0 1  0 0  0 4  0
   135  -.2123154586343265E-03   5   0 0  1 0  0 4  0
   136  0.2473777553636932E-03   5   0 0  0 1  0 4  0
   --------------------------------------------------
     I  COEFFICIENT            ORDER EXPONENTS
     1  0.1820292635354788E-02   1   1 0  0 0  0 0  0
     2  0.9995095048561449       1   0 1  0 0  0 0  0
     3  -.1188491850010893       1   0 0  1 0  0 0  0
     4  0.3111663417229676E-01   1   0 0  0 1  0 0  0
     5  -.1240527732972995E-02   2   1 0  0 0  0 1  0
     6  0.6685972442106457E-03   2   0 1  0 0  0 1  0
     7  -.2578581488936232E-04   2   0 0  1 0  0 1  0
     8  -.2120236861694753E-01   2   0 0  0 1  0 1  0
     9  0.2923864987515359E-01   3   3 0  0 0  0 0  0
    10  -.1016329763375309E-01   3   2 1  0 0  0 0  0
    11  0.8084186445895754E-03   3   1 2  0 0  0 0  0
    12  -.4907943802482617E-03   3   0 3  0 0  0 0  0
    13  -.6406236653718669       3   2 0  1 0  0 0  0
    14  -.6634190007153866E-02   3   1 1  1 0  0 0  0
    15  0.5547058193873291E-04   3   0 2  1 0  0 0  0
    16  0.2923864987515360E-01   3   1 0  2 0  0 0  0
    17  -.1041665973475891E-01   3   0 1  2 0  0 0  0
    18  -.6406236653718669       3   0 0  3 0  0 0  0
    19  0.3337110164224593       3   2 0  0 1  0 0  0
    20  0.3203142182274973E-02   3   1 1  0 1  0 0  0
    21  0.1556394446007620E-01   3   0 2  0 1  0 0  0
    22  0.2533621010058146E-03   3   1 0  1 1  0 0  0
    23  -.1957766386116064E-02   3   0 1  1 1  0 0  0
    24  0.3270768264153052       3   0 0  2 1  0 0  0
    25  0.2766185030705639E-02   3   1 0  0 2  0 0  0
    26  -.4907943802482549E-03   3   0 1  0 2  0 0  0
    27  0.3258612764213706E-02   3   0 0  1 2  0 0  0
    28  0.1556394446007620E-01   3   0 0  0 3  0 0  0
    29  0.9375978324352683E-03   3   1 0  0 0  0 2  0
    30  -.7332263872401031E-03   3   0 1  0 0  0 2  0
    31  0.2827956434034901E-04   3   0 0  1 0  0 2  0
    32  0.1602120010296477E-01   3   0 0  0 1  0 2  0
    33  -.1993060842656582E-01   4   3 0  0 0  0 1  0
    34  0.1385799469559393E-01   4   2 1  0 0  0 1  0
    35  -.1653632526449872E-02   4   1 2  0 0  0 1  0
    36  0.1338008182018018E-02   4   0 3  0 0  0 1  0
    37  -.6860339287174341E-03   4   2 0  1 0  0 1  0
    38  0.4713776408598935E-02   4   1 1  1 0  0 1  0
    39  -.1809044325146046E-03   4   0 2  1 0  0 1  0
    40  -.1993060842656583E-01   4   1 0  2 0  0 1  0
    41  0.1420480044143024E-01   4   0 1  2 0  0 1  0
    42  -.6860339287174336E-03   4   0 0  3 0  0 1  0
    43  -.2275341351154374       4   2 0  0 1  0 1  0
    44  -.4258130123151692E-02   4   1 1  0 1  0 1  0
    45  -.3181498685449871E-01   4   0 2  0 1  0 1  0
    46  -.3468057458363129E-03   4   1 0  1 1  0 1  0
    47  0.4000963454579546E-02   4   0 1  1 1  0 1  0
    48  -.2228203587068385       4   0 0  2 1  0 1  0
    49  -.5654595981029420E-02   4   1 0  0 2  0 1  0
    50  0.1338008182018017E-02   4   0 1  0 2  0 1  0
    51  -.4439034555666297E-02   4   0 0  1 2  0 1  0
    52  -.3181498685449872E-01   4   0 0  0 3  0 1  0
    53  -.7646122956699196E-03   4   1 0  0 0  0 3  0
    54  0.7566378667436580E-03   4   0 1  0 0  0 3  0
    55  -.2918390181981715E-04   4   0 0  1 0  0 3  0
    56  -.1306192154336552E-01   4   0 0  0 1  0 3  0
    57  0.2329653633847496       5   5 0  0 0  0 0  0
    58  -.8963603065854944E-01   5   4 1  0 0  0 0  0
    59  0.1284304614151926E-01   5   3 2  0 0  0 0  0
    60  -.1018146782527583E-01   5   2 3  0 0  0 0  0
    61  0.5305769468575800E-03   5   1 4  0 0  0 0  0
    62  -.4910921611843589E-03   5   0 5  0 0  0 0  0
    63  -3.789952018076617       5   4 0  1 0  0 0  0
    64  -.7886486465047751E-01   5   3 1  1 0  0 0  0
    65  0.1261688507580006E-02   5   2 2  1 0  0 0  0
    66  -.3441546133922946E-02   5   1 3  1 0  0 0  0
    67  0.1138673921320451E-03   5   0 4  1 0  0 0  0
    68  0.4659307267694995       5   3 0  2 0  0 0  0
    69  -.1824211580860793       5   2 1  2 0  0 0  0
    70  0.1310555818751368E-01   5   1 2  2 0  0 0  0
    71  -.1043275392071210E-01   5   0 3  2 0  0 0  0
    72  -7.579904036153235       5   2 0  3 0  0 0  0
    73  -.7886486465047750E-01   5   1 1  3 0  0 0  0
    74  0.1806081696949654E-02   5   0 2  3 0  0 0  0
    75  0.2329653633847498       5   1 0  4 0  0 0  0
    76  -.9278512742752994E-01   5   0 1  4 0  0 0  0
    77  -3.789952018076617       5   0 0  5 0  0 0  0
    78   1.216081255586207       5   4 0  0 1  0 0  0
    79  0.2132434053534226E-01   5   3 1  0 1  0 0  0
    80  0.1671108832713755       5   2 2  0 1  0 0  0
    81  0.3124584914374514E-02   5   1 3  0 1  0 0  0
    82  0.1167712717017881E-01   5   0 4  0 1  0 0  0
    83  0.3149096768980501E-02   5   3 0  1 1  0 0  0
    84  -.3191950090840299E-01   5   2 1  1 1  0 0  0
    85  -.2004205241367206E-03   5   1 2  1 1  0 0  0
    86  -.2937084506049709E-02   5   0 3  1 1  0 0  0
    87   2.353297646521936       5   2 0  2 1  0 0  0
    88  0.2023555415660292E-01   5   1 1  2 1  0 0  0
    89  0.1637644128969379       5   0 2  2 1  0 0  0
    90  0.3149096768980451E-02   5   1 0  3 1  0 0  0
    91  -.3139447681641406E-01   5   0 1  3 1  0 0  0
    92   1.137216390935730       5   0 0  4 1  0 0  0
    93  0.4450003500392773E-01   5   3 0  0 2  0 0  0
    94  -.9729761205702665E-02   5   2 1  0 2  0 0  0
    95  0.3998238399765082E-02   5   1 2  0 2  0 0  0
    96  -.9821843223685274E-03   5   0 3  0 2  0 0  0
    97  0.2313042223229184E-01   5   2 0  1 2  0 0  0
    98  -.3631697652892899E-02   5   1 1  1 2  0 0  0
    99  0.3352319698637936E-02   5   0 2  1 2  0 0  0
   100  0.4423752295793330E-01   5   1 0  2 2  0 0  0
   101  -.1088446054028512E-01   5   0 1  2 2  0 0  0
   102  0.2258602904292220E-01   5   0 0  3 2  0 0  0
   103  0.1672059590308605       5   2 0  0 3  0 0  0
   104  0.3124584914374511E-02   5   1 1  0 3  0 0  0
   105  0.2335425434035771E-01   5   0 2  0 3  0 0  0
   106  0.7029927150094178E-03   5   1 0  1 3  0 0  0
   107  -.2937084506049728E-02   5   0 1  1 3  0 0  0
   108  0.1636693371374529       5   0 0  2 3  0 0  0
   109  0.3467661452907249E-02   5   1 0  0 4  0 0  0
   110  -.4910921611842200E-03   5   0 1  0 4  0 0  0
   111  0.3238452306506426E-02   5   0 0  1 4  0 0  0
   112  0.1167712717017881E-01   5   0 0  0 5  0 0  0
   113  0.1506826046551750E-01   5   3 0  0 0  0 2  0
   114  -.1520346940831987E-01   5   2 1  0 0  0 2  0
   115  0.2378175932958793E-02   5   1 2  0 0  0 2  0
   116  -.2379264844175423E-02   5   0 3  0 0  0 2  0
   117  0.7525657589160218E-03   5   2 0  1 0  0 2  0
   118  -.3759603124586814E-02   5   1 1  1 0  0 2  0
   119  0.3419086505993317E-03   5   0 2  1 0  0 2  0
   120  0.1506826046551751E-01   5   1 0  2 0  0 2  0
   121  -.1558577016183461E-01   5   0 1  2 0  0 2  0
   122  0.7525657589160215E-03   5   0 0  3 0  0 2  0
   123  0.1720843224279646       5   2 0  0 1  0 2  0
   124  0.4522415595753963E-02   5   1 1  0 1  0 2  0
   125  0.4571853483446429E-01   5   0 2  0 1  0 2  0
   126  0.3823007535147422E-03   5   1 0  1 1  0 2  0
   127  -.5747733173923211E-02   5   0 1  1 1  0 2  0
   128  0.1683247193033778       5   0 0  2 1  0 2  0
   129  0.8125909106882004E-02   5   1 0  0 2  0 2  0
   130  -.2379264844175423E-02   5   0 1  0 2  0 2  0
   131  0.4864324246353296E-02   5   0 0  1 2  0 2  0
   132  0.4571853483446429E-01   5   0 0  0 3  0 2  0
   133  0.6565200272150244E-03   5   1 0  0 0  0 4  0
   134  -.7650775363979046E-03   5   0 1  0 0  0 4  0
   135  0.2951091604438275E-04   5   0 0  1 0  0 4  0
   136  0.1121234131283742E-01   5   0 0  0 1  0 4  0
   --------------------------------------------------
     I  COEFFICIENT            ORDER EXPONENTS
     1  0.5886766370737619E-03   1   1 0  0 0  0 0  0
     2  -.1585955018197035E-03   1   0 1  0 0  0 0  0
     3   1.000006136470045       1   0 0  1 0  0 0  0
     4  0.9998322790387962E-02   1   0 0  0 1  0 0  0
     5  -.4011822503100218E-03   2   1 0  0 0  0 1  0
     6  0.2161825068310895E-03   2   0 1  0 0  0 1  0
     7  -.8364946778550216E-05   2   0 0  1 0  0 1  0
     8  -.6812673048255070E-02   2   0 0  0 1  0 1  0
     9  0.3165325276373664E-02   3   3 0  0 0  0 0  0
    10  -.1674706517863276E-02   3   2 1  0 0  0 0  0
    11  0.2834202251633748E-03   3   1 2  0 0  0 0  0
    12  -.1586092372956693E-03   3   0 3  0 0  0 0  0
    13  0.9843433422978500E-04   3   2 0  1 0  0 0  0
    14  -.4579247919301114E-04   3   1 1  1 0  0 0  0
    15  0.2478188765167416E-04   3   0 2  1 0  0 0  0
    16  0.3165325276373668E-02   3   1 0  2 0  0 0  0
    17  -.1696423244488451E-02   3   0 1  2 0  0 0  0
    18  0.9843433422978491E-04   3   0 0  3 0  0 0  0
    19  0.3401037500944169E-04   3   2 0  0 1  0 0  0
    20  -.2518823381929440E-04   3   1 1  0 1  0 0  0
    21  0.4997467899527120E-02   3   0 2  0 1  0 0  0
    22  0.2171672662517493E-04   3   1 0  1 1  0 0  0
    23  -.5992996084153455E-03   3   0 1  1 1  0 0  0
    24  -.1178210418356934E-04   3   0 0  2 1  0 0  0
    25  0.8827198335787202E-03   3   1 0  0 2  0 0  0
    26  -.1586092372956693E-03   3   0 1  0 2  0 0  0
    27  -.4063461676202373E-06   3   0 0  1 2  0 0  0
    28  0.4997467899527120E-02   3   0 0  0 3  0 0  0
    29  0.3032154633341357E-03   3   1 0  0 0  0 2  0
    30  -.2370794001412891E-03   3   0 1  0 0  0 2  0
    31  0.9173920041404133E-05   3   0 0  1 0  0 2  0
    32  0.5147855552334062E-02   3   0 0  0 1  0 2  0
    33  -.2158581312678575E-02   4   3 0  0 0  0 1  0
    34  0.2284186640703247E-02   4   2 1  0 0  0 1  0
    35  -.5797200869623237E-03   4   1 2  0 0  0 1  0
    36  0.4324017797947679E-03   4   0 3  0 0  0 1  0
    37  -.1342247677572580E-03   4   2 0  1 0  0 1  0
    38  0.9363152287376086E-04   4   1 1  1 0  0 1  0
    39  -.6755901029300594E-04   4   0 2  1 0  0 1  0
    40  -.2158581312678576E-02   4   1 0  2 0  0 1  0
    41  0.2314255833216207E-02   4   0 1  2 0  0 1  0
    42  -.1342247677572579E-03   4   0 0  3 0  0 1  0
    43  -.6951227587765394E-04   4   2 0  0 1  0 1  0
    44  0.6866299659339241E-04   4   1 1  0 1  0 1  0
    45  -.1021552458538100E-01   4   0 2  0 1  0 1  0
    46  -.3006919251295982E-04   4   1 0  1 1  0 1  0
    47  0.1224718257754563E-02   4   0 1  1 1  0 1  0
    48  0.2411924699610674E-04   4   0 0  2 1  0 1  0
    49  -.1804438344716887E-02   4   1 0  0 2  0 1  0
    50  0.4324017797947679E-03   4   0 1  0 2  0 1  0
    51  0.1103986300386508E-05   4   0 0  1 2  0 1  0
    52  -.1021552458538100E-01   4   0 0  0 3  0 1  0
    53  -.2472723084668029E-03   4   1 0  0 0  0 3  0
    54  0.2446490559759229E-03   4   0 1  0 0  0 3  0
    55  -.9467285958466956E-05   4   0 0  1 0  0 3  0
    56  -.4196973937002383E-02   4   0 0  0 1  0 3  0
    57  0.1901760695961023E-01   5   5 0  0 0  0 0  0
    58  -.6058468274879991E-02   5   4 1  0 0  0 0  0
    59  0.1509573158990110E-02   5   3 2  0 0  0 0  0
    60  -.1676112679818164E-02   5   2 3  0 0  0 0  0
    61  0.2045743126267066E-03   5   1 4  0 0  0 0  0
    62  -.1586224749020587E-03   5   0 5  0 0  0 0  0
    63  0.7900546303447656E-03   5   4 0  1 0  0 0  0
    64  -.4921211428551323E-03   5   3 1  1 0  0 0  0
    65  0.3940216258992467E-03   5   2 2  1 0  0 0  0
    66  -.6613034355446791E-04   5   1 3  1 0  0 0  0
    67  0.4343050420768950E-04   5   0 4  1 0  0 0  0
    68  0.3803521391922052E-01   5   3 0  2 0  0 0  0
    69  -.1237769731368977E-01   5   2 1  2 0  0 0  0
    70  0.1514440982617434E-02   5   1 2  2 0  0 0  0
    71  -.1700581141525621E-02   5   0 3  2 0  0 0  0
    72  0.1580109260689532E-02   5   2 0  3 0  0 0  0
    73  -.4921211428551323E-03   5   1 1  3 0  0 0  0
    74  0.3983991043703765E-03   5   0 2  3 0  0 0  0
    75  0.1901760695961026E-01   5   1 0  4 0  0 0  0
    76  -.6319229038809769E-02   5   0 1  4 0  0 0  0
    77  0.7900546303447654E-03   5   0 0  5 0  0 0  0
    78  0.4299960934230410E-03   5   4 0  0 1  0 0  0
    79  -.3995432669553686E-03   5   3 1  0 1  0 0  0
    80  0.4749766637186766E-04   5   2 2  0 1  0 0  0
    81  -.5038027916526368E-04   5   1 3  0 1  0 0  0
    82  0.3746814518451803E-02   5   0 4  0 1  0 0  0
    83  0.2607607639297740E-03   5   3 0  1 1  0 0  0
    84  -.3247043376535378E-02   5   2 1  1 1  0 0  0
    85  0.7436960419541729E-05   5   1 2  1 1  0 0  0
    86  -.8984508141599021E-03   5   0 3  1 1  0 0  0
    87  0.3678710439909525E-03   5   2 0  2 1  0 0  0
    88  -.4082982238976291E-03   5   1 1  2 1  0 0  0
    89  0.5437597403913520E-04   5   0 2  2 1  0 0  0
    90  0.2607607639297743E-03   5   1 0  3 1  0 0  0
    91  -.3237307729280735E-02   5   0 1  3 1  0 0  0
    92  -.6212504943209001E-04   5   0 0  4 1  0 0  0
    93  0.4751748711898161E-02   5   3 0  0 2  0 0  0
    94  -.1659081178530244E-02   5   2 1  0 2  0 0  0
    95  0.1307599439413318E-02   5   1 2  0 2  0 0  0
    96  -.3172449498041182E-03   5   0 3  0 2  0 0  0
    97  -.1144162584992629E-05   5   2 0  1 2  0 0  0
    98  -.2121476459979397E-03   5   1 1  1 2  0 0  0
    99  0.3648072925011716E-04   5   0 2  1 2  0 0  0
   100  0.4746880888270844E-02   5   1 0  2 2  0 0  0
   101  -.1717612642813540E-02   5   0 1  2 2  0 0  0
   102  -.5521641056122570E-05   5   0 0  3 2  0 0  0
   103  0.1205063175936030E-03   5   2 0  0 3  0 0  0
   104  -.5038027916526355E-04   5   1 1  0 3  0 0  0
   105  0.7493629036903607E-02   5   0 2  0 3  0 0  0
   106  0.4149996299537787E-04   5   1 0  1 3  0 0  0
   107  -.8984508141599041E-03   5   0 1  1 3  0 0  0
   108  -.1863267718260131E-04   5   0 0  2 3  0 0  0
   109  0.1103025126786608E-02   5   1 0  0 4  0 0  0
   110  -.1586224749020586E-03   5   0 1  0 4  0 0  0
   111  -.6949774957573760E-05   5   0 0  1 4  0 0  0
   112  0.3746814518451803E-02   5   0 0  0 5  0 0  0
   113  0.1632914052219416E-02   5   3 0  0 0  0 2  0
   114  -.2506869557885641E-02   5   2 1  0 0  0 2  0
   115  0.8336914555348468E-03   5   1 2  0 0  0 2  0
   116  -.7689024959776219E-03   5   0 3  0 0  0 2  0
   117  0.1472652294092955E-03   5   2 0  1 0  0 2  0
   118  -.1345922395009807E-03   5   1 1  1 0  0 2  0
   119  0.1201311021330790E-03   5   0 2  1 0  0 2  0
   120  0.1632914052219417E-02   5   1 0  2 0  0 2  0
   121  -.2540481950621011E-02   5   0 1  2 0  0 2  0
   122  0.1472652294092953E-03   5   0 0  3 0  0 2  0
   123  0.9987310089995965E-04   5   2 0  0 1  0 2  0
   124  -.1220864590406060E-03   5   1 1  0 1  0 2  0
   125  0.1467978010147848E-01   5   0 2  0 1  0 2  0
   126  0.3361239273536946E-04   5   1 0  1 1  0 2  0
   127  -.1759359285697145E-02   5   0 1  1 1  0 2  0
   128  -.3471913860102083E-04   5   0 0  2 1  0 2  0
   129  0.2593050741231992E-02   5   1 0  0 2  0 2  0
   130  -.7689024959776219E-03   5   0 1  0 2  0 2  0
   131  -.1955356907526936E-05   5   0 0  1 2  0 2  0
   132  0.1467978010147848E-01   5   0 0  0 3  0 2  0
   133  0.2123154586343265E-03   5   1 0  0 0  0 4  0
   134  -.2473777553636932E-03   5   0 1  0 0  0 4  0
   135  0.9573367431193332E-05   5   0 0  1 0  0 4  0
   136  0.3602660306276487E-02   5   0 0  0 1  0 4  0
   --------------------------------------------------
     I  COEFFICIENT            ORDER EXPONENTS
     1  0.1188491850010893       1   1 0  0 0  0 0  0
     2  -.3111663417229676E-01   1   0 1  0 0  0 0  0
     3  0.1820292635354788E-02   1   0 0  1 0  0 0  0
     4  0.9995095048561449       1   0 0  0 1  0 0  0
     5  0.2578581488936232E-04   2   1 0  0 0  0 1  0
     6  0.2120236861694753E-01   2   0 1  0 0  0 1  0
     7  -.1240527732972995E-02   2   0 0  1 0  0 1  0
     8  0.6685972442106457E-03   2   0 0  0 1  0 1  0
     9  0.6406236653718668       3   3 0  0 0  0 0  0
    10  -.3270768264153052       3   2 1  0 0  0 0  0
    11  -.3258612764213706E-02   3   1 2  0 0  0 0  0
    12  -.1556394446007620E-01   3   0 3  0 0  0 0  0
    13  0.2923864987515360E-01   3   2 0  1 0  0 0  0
    14  0.2533621010058145E-03   3   1 1  1 0  0 0  0
    15  0.2766185030705639E-02   3   0 2  1 0  0 0  0
    16  0.6406236653718668       3   1 0  2 0  0 0  0
    17  -.3337110164224593       3   0 1  2 0  0 0  0
    18  0.2923864987515361E-01   3   0 0  3 0  0 0  0
    19  -.1041665973475891E-01   3   2 0  0 1  0 0  0
    20  -.1957766386116064E-02   3   1 1  0 1  0 0  0
    21  -.4907943802482549E-03   3   0 2  0 1  0 0  0
    22  0.6634190007153868E-02   3   1 0  1 1  0 0  0
    23  -.3203142182274973E-02   3   0 1  1 1  0 0  0
    24  -.1016329763375309E-01   3   0 0  2 1  0 0  0
    25  -.5547058193873291E-04   3   1 0  0 2  0 0  0
    26  -.1556394446007620E-01   3   0 1  0 2  0 0  0
    27  0.8084186445895754E-03   3   0 0  1 2  0 0  0
    28  -.4907943802482617E-03   3   0 0  0 3  0 0  0
    29  -.2827956434034901E-04   3   1 0  0 0  0 2  0
    30  -.1602120010296477E-01   3   0 1  0 0  0 2  0
    31  0.9375978324352683E-03   3   0 0  1 0  0 2  0
    32  -.7332263872401031E-03   3   0 0  0 1  0 2  0
    33  0.6860339287174340E-03   4   3 0  0 0  0 1  0
    34  0.2228203587068385       4   2 1  0 0  0 1  0
    35  0.4439034555666297E-02   4   1 2  0 0  0 1  0
    36  0.3181498685449872E-01   4   0 3  0 0  0 1  0
    37  -.1993060842656583E-01   4   2 0  1 0  0 1  0
    38  -.3468057458363127E-03   4   1 1  1 0  0 1  0
    39  -.5654595981029420E-02   4   0 2  1 0  0 1  0
    40  0.6860339287174334E-03   4   1 0  2 0  0 1  0
    41  0.2275341351154375       4   0 1  2 0  0 1  0
    42  -.1993060842656583E-01   4   0 0  3 0  0 1  0
    43  0.1420480044143025E-01   4   2 0  0 1  0 1  0
    44  0.4000963454579546E-02   4   1 1  0 1  0 1  0
    45  0.1338008182018017E-02   4   0 2  0 1  0 1  0
    46  -.4713776408598938E-02   4   1 0  1 1  0 1  0
    47  0.4258130123151692E-02   4   0 1  1 1  0 1  0
    48  0.1385799469559393E-01   4   0 0  2 1  0 1  0
    49  0.1809044325146046E-03   4   1 0  0 2  0 1  0
    50  0.3181498685449871E-01   4   0 1  0 2  0 1  0
    51  -.1653632526449872E-02   4   0 0  1 2  0 1  0
    52  0.1338008182018018E-02   4   0 0  0 3  0 1  0
    53  0.2918390181981715E-04   4   1 0  0 0  0 3  0
    54  0.1306192154336552E-01   4   0 1  0 0  0 3  0
    55  -.7646122956699196E-03   4   0 0  1 0  0 3  0
    56  0.7566378667436580E-03   4   0 0  0 1  0 3  0
    57   3.789952018076616       5   5 0  0 0  0 0  0
    58  -1.137216390935730       5   4 1  0 0  0 0  0
    59  -.2258602904292219E-01   5   3 2  0 0  0 0  0
    60  -.1636693371374529       5   2 3  0 0  0 0  0
    61  -.3238452306506426E-02   5   1 4  0 0  0 0  0
    62  -.1167712717017881E-01   5   0 5  0 0  0 0  0
    63  0.2329653633847497       5   4 0  1 0  0 0  0
    64  0.3149096768980451E-02   5   3 1  1 0  0 0  0
    65  0.4423752295793331E-01   5   2 2  1 0  0 0  0
    66  0.7029927150094172E-03   5   1 3  1 0  0 0  0
    67  0.3467661452907239E-02   5   0 4  1 0  0 0  0
    68   7.579904036153234       5   3 0  2 0  0 0  0
    69  -2.353297646521936       5   2 1  2 0  0 0  0
    70  -.2313042223229183E-01   5   1 2  2 0  0 0  0
    71  -.1672059590308604       5   0 3  2 0  0 0  0
    72  0.4659307267694999       5   2 0  3 0  0 0  0
    73  0.3149096768980504E-02   5   1 1  3 0  0 0  0
    74  0.4450003500392774E-01   5   0 2  3 0  0 0  0
    75   3.789952018076618       5   1 0  4 0  0 0  0
    76  -1.216081255586207       5   0 1  4 0  0 0  0
    77  0.2329653633847498       5   0 0  5 0  0 0  0
    78  -.9278512742752990E-01   5   4 0  0 1  0 0  0
    79  -.3139447681641405E-01   5   3 1  0 1  0 0  0
    80  -.1088446054028512E-01   5   2 2  0 1  0 0  0
    81  -.2937084506049720E-02   5   1 3  0 1  0 0  0
    82  -.4910921611842200E-03   5   0 4  0 1  0 0  0
    83  0.7886486465047750E-01   5   3 0  1 1  0 0  0
    84  -.2023555415660293E-01   5   2 1  1 1  0 0  0
    85  0.3631697652892899E-02   5   1 2  1 1  0 0  0
    86  -.3124584914374585E-02   5   0 3  1 1  0 0  0
    87  -.1824211580860794       5   2 0  2 1  0 0  0
    88  -.3191950090840298E-01   5   1 1  2 1  0 0  0
    89  -.9729761205702667E-02   5   0 2  2 1  0 0  0
    90  0.7886486465047754E-01   5   1 0  3 1  0 0  0
    91  -.2132434053534227E-01   5   0 1  3 1  0 0  0
    92  -.8963603065854941E-01   5   0 0  4 1  0 0  0
    93  -.1806081696949654E-02   5   3 0  0 2  0 0  0
    94  -.1637644128969379       5   2 1  0 2  0 0  0
    95  -.3352319698637936E-02   5   1 2  0 2  0 0  0
    96  -.2335425434035771E-01   5   0 3  0 2  0 0  0
    97  0.1310555818751369E-01   5   2 0  1 2  0 0  0
    98  -.2004205241367208E-03   5   1 1  1 2  0 0  0
    99  0.3998238399765080E-02   5   0 2  1 2  0 0  0
   100  -.1261688507580005E-02   5   1 0  2 2  0 0  0
   101  -.1671108832713755       5   0 1  2 2  0 0  0
   102  0.1284304614151927E-01   5   0 0  3 2  0 0  0
   103  -.1043275392071210E-01   5   2 0  0 3  0 0  0
   104  -.2937084506049707E-02   5   1 1  0 3  0 0  0
   105  -.9821843223685276E-03   5   0 2  0 3  0 0  0
   106  0.3441546133922945E-02   5   1 0  1 3  0 0  0
   107  -.3124584914374814E-02   5   0 1  1 3  0 0  0
   108  -.1018146782527583E-01   5   0 0  2 3  0 0  0
   109  -.1138673921320453E-03   5   1 0  0 4  0 0  0
   110  -.1167712717017881E-01   5   0 1  0 4  0 0  0
   111  0.5305769468575800E-03   5   0 0  1 4  0 0  0
   112  -.4910921611843589E-03   5   0 0  0 5  0 0  0
   113  -.7525657589160218E-03   5   3 0  0 0  0 2  0
   114  -.1683247193033778       5   2 1  0 0  0 2  0
   115  -.4864324246353296E-02   5   1 2  0 0  0 2  0
   116  -.4571853483446429E-01   5   0 3  0 0  0 2  0
   117  0.1506826046551751E-01   5   2 0  1 0  0 2  0
   118  0.3823007535147419E-03   5   1 1  1 0  0 2  0
   119  0.8125909106882006E-02   5   0 2  1 0  0 2  0
   120  -.7525657589160212E-03   5   1 0  2 0  0 2  0
   121  -.1720843224279645       5   0 1  2 0  0 2  0
   122  0.1506826046551751E-01   5   0 0  3 0  0 2  0
   123  -.1558577016183461E-01   5   2 0  0 1  0 2  0
   124  -.5747733173923211E-02   5   1 1  0 1  0 2  0
   125  -.2379264844175423E-02   5   0 2  0 1  0 2  0
   126  0.3759603124586812E-02   5   1 0  1 1  0 2  0
   127  -.4522415595753964E-02   5   0 1  1 1  0 2  0
   128  -.1520346940831987E-01   5   0 0  2 1  0 2  0
   129  -.3419086505993315E-03   5   1 0  0 2  0 2  0
   130  -.4571853483446429E-01   5   0 1  0 2  0 2  0
   131  0.2378175932958794E-02   5   0 0  1 2  0 2  0
   132  -.2379264844175423E-02   5   0 0  0 3  0 2  0
   133  -.2951091604438275E-04   5   1 0  0 0  0 4  0
   134  -.1121234131283742E-01   5   0 1  0 0  0 4  0
   135  0.6565200272150244E-03   5   0 0  1 0  0 4  0
   136  -.7650775363979046E-03   5   0 0  0 1  0 4  0
   --------------------------------------------------
     I  COEFFICIENT            ORDER EXPONENTS
     1  1.0000000000000000       1   0 0  0 0  1 0  0
     2  0.1013720301665685E-02   1   0 0  0 0  0 1  0
     3  -.1582506055044395E-04   2   2 0  0 0  0 0  0
     4  0.4283064353563104E-05   2   1 1  0 0  0 0  0
     5  -.3408040583201852E-02   2   0 2  0 0  0 0  0
     6  0.4012457607169894E-03   2   0 1  1 0  0 0  0
     7  -.1582506055044395E-04   2   0 0  2 0  0 0  0
     8  -.4012457607169894E-03   2   1 0  0 1  0 0  0
     9  0.4283064353563104E-05   2   0 0  1 1  0 0  0
    10  -.3408040583201852E-02   2   0 0  0 2  0 0  0
    11  -.1036443228911942E-02   2   0 0  0 0  0 2  0
    12  0.2392551543793285E-04   3   2 0  0 0  0 1  0
    13  -.9394833659659448E-05   3   1 1  0 0  0 1  0
    14  0.5152754808375468E-02   3   0 2  0 0  0 1  0
    15  -.6066135237802281E-03   3   0 1  1 0  0 1  0
    16  0.2392551543793285E-04   3   0 0  2 0  0 1  0
    17  0.6066135237802281E-03   3   1 0  0 1  0 1  0
    18  -.9394833659659448E-05   3   0 0  1 1  0 1  0
    19  0.5152754808375468E-02   3   0 0  0 2  0 1  0
    20  0.9933152196027729E-03   3   0 0  0 0  0 3  0
    21  -.1703658571419113E-03   4   4 0  0 0  0 0  0
    22  0.6778259269055875E-04   4   3 1  0 0  0 0  0
    23  -.2311798795574115E-04   4   2 2  0 0  0 0  0
    24  0.8568605096381165E-05   4   1 3  0 0  0 0  0
    25  -.2556011728732725E-02   4   0 4  0 0  0 0  0
    26  0.2160283361040115E-02   4   2 1  1 0  0 0  0
    27  0.1329575859042227E-04   4   1 2  1 0  0 0  0
    28  0.6018663679225849E-03   4   0 3  1 0  0 0  0
    29  -.3407317142838234E-03   4   2 0  2 0  0 0  0
    30  0.6778259269055890E-04   4   1 1  2 0  0 0  0
    31  -.7115381140865117E-04   4   0 2  2 0  0 0  0
    32  0.2160283361040116E-02   4   0 1  3 0  0 0  0
    33  -.1703658571419119E-03   4   0 0  4 0  0 0  0
    34  -.2160283361040112E-02   4   3 0  0 1  0 0  0
    35  -.1329575859042253E-04   4   2 1  0 1  0 0  0
    36  -.6018663679225848E-03   4   1 2  0 1  0 0  0
    37  0.6778259269055882E-04   4   2 0  1 1  0 0  0
    38  0.9607164690582019E-04   4   1 1  1 1  0 0  0
    39  0.8568605096381165E-05   4   0 2  1 1  0 0  0
    40  -.2160283361040115E-02   4   1 0  2 1  0 0  0
    41  0.1329575859042234E-04   4   0 1  2 1  0 0  0
    42  0.6778259269055886E-04   4   0 0  3 1  0 0  0
    43  -.7115381140865119E-04   4   2 0  0 2  0 0  0
    44  0.8568605096381165E-05   4   1 1  0 2  0 0  0
    45  -.5112023457465449E-02   4   0 2  0 2  0 0  0
    46  -.1329575859042229E-04   4   1 0  1 2  0 0  0
    47  0.6018663679225848E-03   4   0 1  1 2  0 0  0
    48  -.2311798795574115E-04   4   0 0  2 2  0 0  0
    49  -.6018663679225849E-03   4   1 0  0 3  0 0  0
    50  0.8568605096381165E-05   4   0 0  1 3  0 0  0
    51  -.2556011728732725E-02   4   0 0  0 4  0 0  0
    52  -.2927272052527590E-04   4   2 0  0 0  0 2  0
    53  0.1454337584658330E-04   4   1 1  0 0  0 2  0
    54  -.6304672639521705E-02   4   0 2  0 0  0 2  0
    55  0.7421602532793803E-03   4   0 1  1 0  0 2  0
    56  -.2927272052527590E-04   4   0 0  2 0  0 2  0
    57  -.7421602532793803E-03   4   1 0  0 1  0 2  0
    58  0.1454337584658330E-04   4   0 0  1 1  0 2  0
    59  -.6304672639521705E-02   4   0 0  0 2  0 2  0
    60  -.9338725945152120E-03   4   0 0  0 0  0 4  0
    61  0.2576853459073686E-03   5   4 0  0 0  0 1  0
    62  -.1487514711645981E-03   5   3 1  0 0  0 1  0
    63  0.6647616900820341E-04   5   2 2  0 0  0 1  0
    64  -.3047562909298760E-04   5   1 3  0 0  0 1  0
    65  0.7348919926061242E-02   5   0 4  0 0  0 1  0
    66  -.3270722817226047E-02   5   2 1  1 0  0 1  0
    67  -.2742814361212184E-04   5   1 2  1 0  0 1  0
    68  -.1730340292935542E-02   5   0 3  1 0  0 1  0
    69  0.5153706918147382E-03   5   2 0  2 0  0 1  0
    70  -.1487514711645985E-03   5   1 1  2 0  0 1  0
    71  0.2045589557112242E-03   5   0 2  2 0  0 1  0
    72  -.3270722817226048E-02   5   0 1  3 0  0 1  0
    73  0.2576853459073693E-03   5   0 0  4 0  0 1  0
    74  0.3270722817226044E-02   5   3 0  0 1  0 1  0
    75  0.2742814361212286E-04   5   2 1  0 1  0 1  0
    76  0.1730340292935542E-02   5   1 2  0 1  0 1  0
    77  -.1487514711645983E-03   5   2 0  1 1  0 1  0
    78  -.2761655734060418E-03   5   1 1  1 1  0 1  0
    79  -.3047562909298759E-04   5   0 2  1 1  0 1  0
    80  0.3270722817226047E-02   5   1 0  2 1  0 1  0
    81  -.2742814361212192E-04   5   0 1  2 1  0 1  0
    82  -.1487514711645984E-03   5   0 0  3 1  0 1  0
    83  0.2045589557112242E-03   5   2 0  0 2  0 1  0
    84  -.3047562909298759E-04   5   1 1  0 2  0 1  0
    85  0.1469783985212248E-01   5   0 2  0 2  0 1  0
    86  0.2742814361212191E-04   5   1 0  1 2  0 1  0
    87  -.1730340292935542E-02   5   0 1  1 2  0 1  0
    88  0.6647616900820341E-04   5   0 0  2 2  0 1  0
    89  0.1730340292935542E-02   5   1 0  0 3  0 1  0
    90  -.3047562909298760E-04   5   0 0  1 3  0 1  0
    91  0.7348919926061242E-02   5   0 0  0 4  0 1  0
    92  0.3351953542720910E-04   5   2 0  0 0  0 3  0
    93  -.1960913463019934E-04   5   1 1  0 0  0 3  0
    94  0.7219707789462966E-02   5   0 2  0 0  0 3  0
    95  -.8497980600129525E-03   5   0 1  1 0  0 3  0
    96  0.3351953542720910E-04   5   0 0  2 0  0 3  0
    97  0.8497980600129525E-03   5   1 0  0 1  0 3  0
    98  -.1960913463019934E-04   5   0 0  1 1  0 3  0
    99  0.7219707789462966E-02   5   0 0  0 2  0 3  0
   100  0.8751725014882874E-03   5   0 0  0 0  0 5  0
   --------------------------------------------------
     I  COEFFICIENT            ORDER EXPONENTS
     1  1.0000000000000000       1   0 0  0 0  0 1  0
     ------------------------------------------------
     ALL COMPONENTS ZERO 
     ------------------- 
     ALL COMPONENTS ZERO 
     ------------------- 
