 L    0.9999999999999787E-02
 P (  0.0000000000000000E+00,  0.0000000000000000E+00,  0.2546049999999994E+01)
 A (  0.0000000000000000E+00,  0.0000000000000000E+00,  0.0000000000000000E+00)
     I  COEFFICIENT            ORDER EXPONENTS
     1  0.9999940212958187       1   1 0  0 0  0 0  0
     2  0.9998810667329616E-02   1   0 1  0 0  0 0  0
     3  -.6610159524228645E-03   1   0 0  1 0  0 0  0
     4  -.1335504483034039E-03   1   0 0  0 1  0 0  0
     5  0.8149996666005236E-05   2   1 0  0 0  0 1  0
     6  -.6813670616832562E-02   2   0 1  0 0  0 1  0
     7  0.4505003000029100E-03   2   0 0  1 0  0 1  0
     8  0.1820478814375862E-03   2   0 0  0 1  0 1  0
     9  -.9570768922862367E-04   3   3 0  0 0  0 0  0
    10  0.3247920146246955E-05   3   2 1  0 0  0 0  0
    11  -.3306746091379883E-06   3   1 2  0 0  0 0  0
    12  0.4998230210962269E-02   3   0 3  0 0  0 0  0
    13  -.3637264204571552E-02   3   2 0  1 0  0 0  0
    14  -.2364867562742915E-04   3   1 1  1 0  0 0  0
    15  -.9913108354401253E-03   3   0 2  1 0  0 0  0
    16  -.9570768922862385E-04   3   1 0  2 0  0 0  0
    17  0.6195210094603261E-04   3   0 1  2 0  0 0  0
    18  -.3637264204571551E-02   3   0 0  3 0  0 0  0
    19  -.1400234801321605E-02   3   2 0  0 1  0 0  0
    20  0.6511006283480533E-03   3   1 1  0 1  0 0  0
    21  -.1335670099478806E-03   3   0 2  0 1  0 0  0
    22  -.5870418079978562E-04   3   1 0  1 1  0 0  0
    23  0.2338728214536273E-04   3   0 1  1 1  0 0  0
    24  -.1423883476949038E-02   3   0 0  2 1  0 0  0
    25  -.2371795675450072E-04   3   1 0  0 2  0 0  0
    26  0.4998230210962268E-02   3   0 1  0 2  0 0  0
    27  -.3402102070920721E-03   3   0 0  1 2  0 0  0
    28  -.1335670099478806E-03   3   0 0  0 3  0 0  0
    29  -.8938330548060072E-05   3   1 0  0 0  0 2  0
    30  0.5149289542168009E-02   3   0 1  0 0  0 2  0
    31  -.3405096208951384E-03   3   0 0  1 0  0 2  0
    32  -.1996512675276022E-03   3   0 0  0 1  0 2  0
    33  0.1305237208169529E-03   4   3 0  0 0  0 1  0
    34  -.6615379256267246E-05   4   2 1  0 0  0 1  0
    35  0.9041405259199988E-06   4   1 2  0 0  0 1  0
    36  -.1021812241969236E-01   4   0 3  0 0  0 1  0
    37  0.2481636769330337E-02   4   2 0  1 0  0 1  0
    38  0.3167035633251800E-04   4   1 1  1 0  0 1  0
    39  0.2026608354981260E-02   4   0 2  1 0  0 1  0
    40  0.1305237208169531E-03   4   1 0  2 0  0 1  0
    41  -.1266498767566351E-03   4   0 1  2 0  0 1  0
    42  0.2481636769330336E-02   4   0 0  3 0  0 1  0
    43  0.1910897631439064E-02   4   2 0  0 1  0 1  0
    44  -.1330804297621122E-02   4   1 1  0 1  0 1  0
    45  0.3641414517801907E-03   4   0 2  0 1  0 1  0
    46  0.1200344975003679E-03   4   1 0  1 1  0 1  0
    47  -.6375665566073341E-04   4   0 1  1 1  0 1  0
    48  0.1942567987771585E-02   4   0 0  2 1  0 1  0
    49  0.6466079618665338E-04   4   1 0  0 2  0 1  0
    50  -.1021812241969236E-01   4   0 1  0 2  0 1  0
    51  0.6958040573601383E-03   4   0 0  1 2  0 1  0
    52  0.3641414517801907E-03   4   0 0  0 3  0 1  0
    53  0.9224335124415946E-05   4   1 0  0 0  0 3  0
    54  -.4198771369182354E-02   4   0 1  0 0  0 3  0
    55  0.2777035673942150E-03   4   0 0  1 0  0 3  0
    56  0.2060329219133405E-03   4   0 0  0 1  0 3  0
    57  -.6761996209937046E-03   5   5 0  0 0  0 0  0
    58  0.1085475358557825E-03   5   4 1  0 0  0 0  0
    59  -.3463729237844181E-05   5   3 2  0 0  0 0  0
    60  0.5713834954463334E-05   5   2 3  0 0  0 0  0
    61  0.5318818930294605E-05   5   1 4  0 0  0 0  0
    62  0.3747805526850940E-02   5   0 5  0 0  0 0  0
    63  -.1713279869720231E-01   5   4 0  1 0  0 0  0
    64  -.2227947873475932E-03   5   3 1  1 0  0 0  0
    65  -.5458847580131030E-02   5   2 2  1 0  0 0  0
    66  -.4916334250626882E-04   5   1 3  1 0  0 0  0
    67  -.1238877811821040E-02   5   0 4  1 0  0 0  0
    68  -.1352399241987409E-02   5   3 0  2 0  0 0  0
    69  0.8637996495273353E-03   5   2 1  2 0  0 0  0
    70  0.2129629365343237E-05   5   1 2  2 0  0 0  0
    71  0.1800344982233717E-03   5   0 3  2 0  0 0  0
    72  -.3426559739440460E-01   5   2 0  3 0  0 0  0
    73  -.2227947873475931E-03   5   1 1  3 0  0 0  0
    74  -.5466349796004299E-02   5   0 2  3 0  0 0  0
    75  -.6761996209937051E-03   5   1 0  4 0  0 0  0
    76  0.7552521136715526E-03   5   0 1  4 0  0 0  0
    77  -.1713279869720230E-01   5   0 0  5 0  0 0  0
    78  -.3875166924003433E-02   5   4 0  0 1  0 0  0
    79  0.3578390263077218E-02   5   3 1  0 1  0 0  0
    80  -.1376290006650889E-02   5   2 2  0 1  0 0  0
    81  0.9762844516531013E-03   5   1 3  0 1  0 0  0
    82  -.1335839667185635E-03   5   0 4  0 1  0 0  0
    83  -.6467045778157691E-03   5   3 0  1 1  0 0  0
    84  0.3704726721793067E-03   5   2 1  1 1  0 0  0
    85  -.2579657356465322E-03   5   1 2  1 1  0 0  0
    86  0.4678111512386057E-04   5   0 3  1 1  0 0  0
    87  -.7973128635354465E-02   5   2 0  2 1  0 0  0
    88  0.3593394694823762E-02   5   1 1  2 1  0 0  0
    89  -.1453992734745769E-02   5   0 2  2 1  0 0  0
    90  -.6467045778157700E-03   5   1 0  3 1  0 0  0
    91  0.3816593893856845E-03   5   0 1  3 1  0 0  0
    92  -.4097961711351032E-02   5   0 0  4 1  0 0  0
    93  -.3795297600203398E-03   5   3 0  0 2  0 0  0
    94  0.8935890733208675E-04   5   2 1  0 2  0 0  0
    95  -.3614347726327019E-04   5   1 2  0 2  0 0  0
    96  0.7495611053701881E-02   5   0 3  0 2  0 0  0
    97  -.1887959532927081E-02   5   2 0  1 2  0 0  0
    98  0.7915428670933649E-05   5   1 1  1 2  0 0  0
    99  -.1501471171988980E-02   5   0 2  1 2  0 0  0
   100  -.3851231186235284E-03   5   1 0  2 2  0 0  0
   101  0.9638942584574739E-04   5   0 1  2 2  0 0  0
   102  -.1880457317053808E-02   5   0 0  3 2  0 0  0
   103  -.1404829392239495E-02   5   2 0  0 3  0 0  0
   104  0.9762844516531013E-03   5   1 1  0 3  0 0  0
   105  -.2671679334371269E-03   5   0 2  0 3  0 0  0
   106  -.9067559089128486E-04   5   1 0  1 3  0 0  0
   107  0.4678111512386065E-04   5   0 1  1 3  0 0  0
   108  -.1425453349157165E-02   5   0 0  2 3  0 0  0
   109  -.4146229619356583E-04   5   1 0  0 4  0 0  0
   110  0.3747805526850941E-02   5   0 1  0 4  0 0  0
   111  -.2625933601679388E-03   5   0 0  1 4  0 0  0
   112  -.1335839667185614E-03   5   0 0  0 5  0 0  0
   113  -.1432277776675291E-03   5   3 0  0 0  0 2  0
   114  0.9465738040025807E-05   5   2 1  0 0  0 2  0
   115  -.1613179011580737E-05   5   1 2  0 0  0 2  0
   116  0.1468528502677567E-01   5   0 3  0 0  0 2  0
   117  -.1878542890451038E-02   5   2 0  1 0  0 2  0
   118  -.3396105536882166E-04   5   1 1  1 0  0 2  0
   119  -.2912642574377683E-02   5   0 2  1 0  0 2  0
   120  -.1432277776675292E-03   5   1 0  2 0  0 2  0
   121  0.1820156801670405E-03   5   0 1  2 0  0 2  0
   122  -.1878542890451038E-02   5   0 0  3 0  0 2  0
   123  -.2098649446667295E-02   5   2 0  0 1  0 2  0
   124  0.1912142234848048E-02   5   1 1  0 1  0 2  0
   125  -.6475415246963838E-03   5   0 2  0 1  0 2  0
   126  -.1725499421270147E-03   5   1 0  1 1  0 2  0
   127  0.1133689489037618E-03   5   0 1  1 1  0 2  0
   128  -.2132610502036118E-02   5   0 0  2 1  0 2  0
   129  -.1149821279153425E-03   5   1 0  0 2  0 2  0
   130  0.1468528502677567E-01   5   0 1  0 2  0 2  0
   131  -.1000500339529635E-02   5   0 0  1 2  0 2  0
   132  -.6475415246963837E-03   5   0 0  0 3  0 2  0
   133  -.9327879630919819E-05   5   1 0  0 0  0 4  0
   134  0.3604765700852112E-02   5   0 1  0 0  0 4  0
   135  -.2384606414927896E-03   5   0 0  1 0  0 4  0
   136  -.2083384753917331E-03   5   0 0  0 1  0 4  0
   --------------------------------------------------
     I  COEFFICIENT            ORDER EXPONENTS
     1  -.1823120633886276E-02   1   1 0  0 0  0 0  0
     2  0.9996315681667298       1   0 1  0 0  0 0  0
     3  -.1312541250172684       1   0 0  1 0  0 0  0
     4  -.2736003480045258E-01   1   0 0  0 1  0 0  0
     5  0.1242505168896733E-02   2   1 0  0 0  0 1  0
     6  0.5022237681404488E-03   2   0 1  0 0  0 1  0
     7  -.2257085669498564E-04   2   0 0  1 0  0 1  0
     8  0.1864438979506920E-01   2   0 0  0 1  0 1  0
     9  -.2915604521659134E-01   3   3 0  0 0  0 0  0
    10  -.8050544742967214E-02   3   2 1  0 0  0 0  0
    11  -.9917216862887007E-03   3   1 2  0 0  0 0  0
    12  -.3686757972323260E-03   3   0 3  0 0  0 0  0
    13  -.7213806049944134       3   2 0  1 0  0 0  0
    14  -.7002354438105410E-02   3   1 1  1 0  0 0  0
    15  0.4139797917001846E-04   3   0 2  1 0  0 0  0
    16  -.2915604521659135E-01   3   1 0  2 0  0 0  0
    17  -.7788551990623611E-02   3   0 1  2 0  0 0  0
    18  -.7213806049944134       3   0 0  3 0  0 0  0
    19  -.2858662411489818       3   2 0  0 1  0 0  0
    20  -.2980787723515774E-02   3   1 1  0 1  0 0  0
    21  -.1368658357838986E-01   3   0 2  0 1  0 0  0
    22  -.2619927523435897E-03   3   1 0  1 1  0 0  0
    23  0.1718400603685166E-02   3   0 1  1 1  0 0  0
    24  -.2928685955870872       3   0 0  2 1  0 0  0
    25  -.2710122289973866E-02   3   1 0  0 2  0 0  0
    26  -.3686757972323297E-03   3   0 1  0 2  0 0  0
    27  -.2939389744345756E-02   3   0 0  1 2  0 0  0
    28  -.1368658357838986E-01   3   0 0  0 3  0 0  0
    29  -.9391436757038529E-03   3   1 0  0 0  0 2  0
    30  -.5507867713304007E-03   3   0 1  0 0  0 2  0
    31  0.2475408886242520E-04   3   0 0  1 0  0 2  0
    32  -.1409005356451462E-01   3   0 0  0 1  0 2  0
    33  0.1987810305337931E-01   4   3 0  0 0  0 1  0
    34  0.1097844164992359E-01   4   2 1  0 0  0 1  0
    35  0.2028258511328944E-02   4   1 2  0 0  0 1  0
    36  0.1005114143703399E-02   4   0 3  0 0  0 1  0
    37  -.6015832734423691E-03   4   2 0  1 0  0 1  0
    38  0.4550504329729622E-02   4   1 1  1 0  0 1  0
    39  -.1452933560623453E-03   4   0 2  1 0  0 1  0
    40  0.1987810305337932E-01   4   1 0  2 0  0 1  0
    41  0.1062287515337847E-01   4   0 1  2 0  0 1  0
    42  -.6015832734423691E-03   4   0 0  3 0  0 1  0
    43  0.1950313617844634       4   2 0  0 1  0 1  0
    44  0.4150108080350815E-02   4   1 1  0 1  0 1  0
    45  0.2798006195923993E-01   4   0 2  0 1  0 1  0
    46  0.3555664965451129E-03   4   1 0  1 1  0 1  0
    47  -.3512229513661587E-02   4   0 1  1 1  0 1  0
    48  0.1995818661141931       4   0 0  2 1  0 1  0
    49  0.5540488024990532E-02   4   1 0  0 2  0 1  0
    50  0.1005114143703414E-02   4   0 1  0 2  0 1  0
    51  0.4004814724288473E-02   4   0 0  1 2  0 1  0
    52  0.2798006195923993E-01   4   0 0  0 3  0 1  0
    53  0.7659202984616665E-03   4   1 0  0 0  0 3  0
    54  0.5683918230125759E-03   4   0 1  0 0  0 3  0
    55  -.2554615361697845E-04   4   0 0  1 0  0 3  0
    56  0.1148908981522810E-01   4   0 0  0 1  0 3  0
    57  -.2078561473479494       5   5 0  0 0  0 0  0
    58  -.6664328054209932E-01   5   4 1  0 0  0 0  0
    59  -.1592013975860870E-01   5   3 2  0 0  0 0  0
    60  -.8065373844668199E-02   5   2 3  0 0  0 0  0
    61  -.8043944499313509E-03   5   1 4  0 0  0 0  0
    62  -.3689209246254832E-03   5   0 5  0 0  0 0  0
    63  -3.464093241801020       5   4 0  1 0  0 0  0
    64  -.6687411896179246E-01   5   3 1  1 0  0 0  0
    65  0.1073503349985574E-02   5   2 2  1 0  0 0  0
    66  -.3323831839356745E-02   5   1 3  1 0  0 0  0
    67  0.9009227162751469E-04   5   0 4  1 0  0 0  0
    68  -.4157122946958989       5   3 0  2 0  0 0  0
    69  -.1303047309258241       5   2 1  2 0  0 0  0
    70  -.1561540952232314E-01   5   1 2  2 0  0 0  0
    71  -.7802538710341732E-02   5   0 3  2 0  0 0  0
    72  -6.928186483602039       5   2 0  3 0  0 0  0
    73  -.6687411896179246E-01   5   1 1  3 0  0 0  0
    74  0.1500026257683859E-02   5   0 2  3 0  0 0  0
    75  -.2078561473479494       5   1 0  4 0  0 0  0
    76  -.6366145038372474E-01   5   0 1  4 0  0 0  0
    77  -3.464093241801019       5   0 0  5 0  0 0  0
    78  -.8125528962132327       5   4 0  0 1  0 0  0
    79  -.1875156983858985E-01   5   3 1  0 1  0 0  0
    80  -.1432645496543316       5   2 2  0 1  0 0  0
    81  -.3045333768275658E-02   5   1 3  0 1  0 0  0
    82  -.1026990111679637E-01   5   0 4  0 1  0 0  0
    83  -.2981830158374416E-02   5   3 0  1 1  0 0  0
    84  0.2712855347436569E-01   5   2 1  1 1  0 0  0
    85  0.1928579349248269E-03   5   1 2  1 1  0 0  0
    86  0.2578486934494146E-02   5   0 3  1 1  0 0  0
    87  -1.691979911388258       5   2 0  2 1  0 0  0
    88  -.1960461565398676E-01   5   1 1  2 1  0 0  0
    89  -.1466854262855487       5   0 2  2 1  0 0  0
    90  -.2981830158374492E-02   5   1 0  3 1  0 0  0
    91  0.2773801394693681E-01   5   0 1  3 1  0 0  0
    92  -.8794270151750250       5   0 0  4 1  0 0  0
    93  -.4335342346925992E-01   5   3 0  0 2  0 0  0
    94  -.8521066913919502E-02   5   2 1  0 2  0 0  0
    95  -.4187275834356640E-02   5   1 2  0 2  0 0  0
    96  -.7378418492509337E-03   5   0 3  0 2  0 0  0
    97  -.1725154358090588E-01   5   2 0  1 2  0 0  0
    98  -.3129742255636338E-02   5   1 1  1 2  0 0  0
    99  -.2865149225020928E-02   5   0 2  1 2  0 0  0
   100  -.4365815370554554E-01   5   1 0  2 2  0 0  0
   101  -.7346845641090548E-02   5   0 1  2 2  0 0  0
   102  -.1767806648860416E-01   5   0 0  3 2  0 0  0
   103  -.1433615944461920       5   2 0  0 3  0 0  0
   104  -.3045333768275634E-02   5   1 1  0 3  0 0  0
   105  -.2053980223359272E-01   5   0 2  0 3  0 0  0
   106  -.7185282035777479E-03   5   1 0  1 3  0 0  0
   107  0.2578486934494167E-02   5   0 1  1 3  0 0  0
   108  -.1465883814936886       5   0 0  2 3  0 0  0
   109  -.3382881384425477E-02   5   1 0  0 4  0 0  0
   110  -.3689209246255669E-03   5   0 1  0 4  0 0  0
   111  -.2955241496648213E-02   5   0 0  1 4  0 0  0
   112  -.1026990111679597E-01   5   0 0  0 5  0 0  0
   113  -.1503245181664186E-01   5   3 0  0 0  0 2  0
   114  -.1204605190367647E-01   5   2 1  0 0  0 2  0
   115  -.2916394962416607E-02   5   1 2  0 0  0 2  0
   116  -.1787362761326935E-02   5   0 3  0 0  0 2  0
   117  0.6599902052299298E-03   5   2 0  1 0  0 2  0
   118  -.3212720282576994E-02   5   1 1  1 0  0 2  0
   119  0.2804704692797670E-03   5   0 2  1 0  0 2  0
   120  -.1503245181664185E-01   5   1 0  2 0  0 2  0
   121  -.1165823843195016E-01   5   0 1  2 0  0 2  0
   122  0.6599902052299298E-03   5   0 0  3 0  0 2  0
   123  -.1476242939387815       5   2 0  0 1  0 2  0
   124  -.4669823094263479E-02   5   1 1  0 1  0 2  0
   125  -.4021226111519006E-01   5   0 2  0 1  0 2  0
   126  -.3878134717262940E-03   5   1 0  1 1  0 2  0
   127  0.5046378956782119E-02   5   0 1  1 1  0 2  0
   128  -.1508370142213585       5   0 0  2 1  0 2  0
   129  -.7962773919198725E-02   5   1 0  0 2  0 2  0
   130  -.1787362761326935E-02   5   0 1  0 2  0 2  0
   131  -.4389352624983711E-02   5   0 0  1 2  0 2  0
   132  -.4021226111519006E-01   5   0 0  0 3  0 2  0
   133  -.6576855129340862E-03   5   1 0  0 0  0 4  0
   134  -.5747519292097962E-03   5   0 1  0 0  0 4  0
   135  0.2583290737082013E-04   5   0 0  1 0  0 4  0
   136  -.9863667476191627E-02   5   0 0  0 1  0 4  0
   --------------------------------------------------
     I  COEFFICIENT            ORDER EXPONENTS
     1  0.6610159524228645E-03   1   1 0  0 0  0 0  0
     2  0.1335504483034039E-03   1   0 1  0 0  0 0  0
     3  0.9999940212958187       1   0 0  1 0  0 0  0
     4  0.9998810667329616E-02   1   0 0  0 1  0 0  0
     5  -.4505003000029100E-03   2   1 0  0 0  0 1  0
     6  -.1820478814375862E-03   2   0 1  0 0  0 1  0
     7  0.8149996666005236E-05   2   0 0  1 0  0 1  0
     8  -.6813670616832562E-02   2   0 0  0 1  0 1  0
     9  0.3637264204571550E-02   3   3 0  0 0  0 0  0
    10  0.1423883476949038E-02   3   2 1  0 0  0 0  0
    11  0.3402102070920721E-03   3   1 2  0 0  0 0  0
    12  0.1335670099478806E-03   3   0 3  0 0  0 0  0
    13  -.9570768922862371E-04   3   2 0  1 0  0 0  0
    14  -.5870418079978562E-04   3   1 1  1 0  0 0  0
    15  -.2371795675450071E-04   3   0 2  1 0  0 0  0
    16  0.3637264204571553E-02   3   1 0  2 0  0 0  0
    17  0.1400234801321605E-02   3   0 1  2 0  0 0  0
    18  -.9570768922862371E-04   3   0 0  3 0  0 0  0
    19  0.6195210094603261E-04   3   2 0  0 1  0 0  0
    20  0.2338728214536273E-04   3   1 1  0 1  0 0  0
    21  0.4998230210962268E-02   3   0 2  0 1  0 0  0
    22  0.2364867562742913E-04   3   1 0  1 1  0 0  0
    23  -.6511006283480533E-03   3   0 1  1 1  0 0  0
    24  0.3247920146246955E-05   3   0 0  2 1  0 0  0
    25  0.9913108354401253E-03   3   1 0  0 2  0 0  0
    26  0.1335670099478806E-03   3   0 1  0 2  0 0  0
    27  -.3306746091379883E-06   3   0 0  1 2  0 0  0
    28  0.4998230210962269E-02   3   0 0  0 3  0 0  0
    29  0.3405096208951384E-03   3   1 0  0 0  0 2  0
    30  0.1996512675276022E-03   3   0 1  0 0  0 2  0
    31  -.8938330548060072E-05   3   0 0  1 0  0 2  0
    32  0.5149289542168009E-02   3   0 0  0 1  0 2  0
    33  -.2481636769330335E-02   4   3 0  0 0  0 1  0
    34  -.1942567987771585E-02   4   2 1  0 0  0 1  0
    35  -.6958040573601383E-03   4   1 2  0 0  0 1  0
    36  -.3641414517801907E-03   4   0 3  0 0  0 1  0
    37  0.1305237208169530E-03   4   2 0  1 0  0 1  0
    38  0.1200344975003679E-03   4   1 1  1 0  0 1  0
    39  0.6466079618665338E-04   4   0 2  1 0  0 1  0
    40  -.2481636769330337E-02   4   1 0  2 0  0 1  0
    41  -.1910897631439063E-02   4   0 1  2 0  0 1  0
    42  0.1305237208169530E-03   4   0 0  3 0  0 1  0
    43  -.1266498767566351E-03   4   2 0  0 1  0 1  0
    44  -.6375665566073341E-04   4   1 1  0 1  0 1  0
    45  -.1021812241969236E-01   4   0 2  0 1  0 1  0
    46  -.3167035633251796E-04   4   1 0  1 1  0 1  0
    47  0.1330804297621122E-02   4   0 1  1 1  0 1  0
    48  -.6615379256267246E-05   4   0 0  2 1  0 1  0
    49  -.2026608354981260E-02   4   1 0  0 2  0 1  0
    50  -.3641414517801907E-03   4   0 1  0 2  0 1  0
    51  0.9041405259199988E-06   4   0 0  1 2  0 1  0
    52  -.1021812241969236E-01   4   0 0  0 3  0 1  0
    53  -.2777035673942150E-03   4   1 0  0 0  0 3  0
    54  -.2060329219133405E-03   4   0 1  0 0  0 3  0
    55  0.9224335124415946E-05   4   0 0  1 0  0 3  0
    56  -.4198771369182354E-02   4   0 0  0 1  0 3  0
    57  0.1713279869720231E-01   5   5 0  0 0  0 0  0
    58  0.4097961711351031E-02   5   4 1  0 0  0 0  0
    59  0.1880457317053808E-02   5   3 2  0 0  0 0  0
    60  0.1425453349157165E-02   5   2 3  0 0  0 0  0
    61  0.2625933601679388E-03   5   1 4  0 0  0 0  0
    62  0.1335839667185614E-03   5   0 5  0 0  0 0  0
    63  -.6761996209937050E-03   5   4 0  1 0  0 0  0
    64  -.6467045778157700E-03   5   3 1  1 0  0 0  0
    65  -.3851231186235283E-03   5   2 2  1 0  0 0  0
    66  -.9067559089128486E-04   5   1 3  1 0  0 0  0
    67  -.4146229619356583E-04   5   0 4  1 0  0 0  0
    68  0.3426559739440461E-01   5   3 0  2 0  0 0  0
    69  0.7973128635354465E-02   5   2 1  2 0  0 0  0
    70  0.1887959532927081E-02   5   1 2  2 0  0 0  0
    71  0.1404829392239495E-02   5   0 3  2 0  0 0  0
    72  -.1352399241987409E-02   5   2 0  3 0  0 0  0
    73  -.6467045778157696E-03   5   1 1  3 0  0 0  0
    74  -.3795297600203399E-03   5   0 2  3 0  0 0  0
    75  0.1713279869720230E-01   5   1 0  4 0  0 0  0
    76  0.3875166924003433E-02   5   0 1  4 0  0 0  0
    77  -.6761996209937041E-03   5   0 0  5 0  0 0  0
    78  0.7552521136715524E-03   5   4 0  0 1  0 0  0
    79  0.3816593893856845E-03   5   3 1  0 1  0 0  0
    80  0.9638942584574739E-04   5   2 2  0 1  0 0  0
    81  0.4678111512386064E-04   5   1 3  0 1  0 0  0
    82  0.3747805526850941E-02   5   0 4  0 1  0 0  0
    83  0.2227947873475931E-03   5   3 0  1 1  0 0  0
    84  -.3593394694823760E-02   5   2 1  1 1  0 0  0
    85  -.7915428670933678E-05   5   1 2  1 1  0 0  0
    86  -.9762844516531016E-03   5   0 3  1 1  0 0  0
    87  0.8637996495273355E-03   5   2 0  2 1  0 0  0
    88  0.3704726721793070E-03   5   1 1  2 1  0 0  0
    89  0.8935890733208674E-04   5   0 2  2 1  0 0  0
    90  0.2227947873475931E-03   5   1 0  3 1  0 0  0
    91  -.3578390263077218E-02   5   0 1  3 1  0 0  0
    92  0.1085475358557827E-03   5   0 0  4 1  0 0  0
    93  0.5466349796004299E-02   5   3 0  0 2  0 0  0
    94  0.1453992734745769E-02   5   2 1  0 2  0 0  0
    95  0.1501471171988980E-02   5   1 2  0 2  0 0  0
    96  0.2671679334371269E-03   5   0 3  0 2  0 0  0
    97  0.2129629365343406E-05   5   2 0  1 2  0 0  0
    98  -.2579657356465322E-03   5   1 1  1 2  0 0  0
    99  -.3614347726327015E-04   5   0 2  1 2  0 0  0
   100  0.5458847580131031E-02   5   1 0  2 2  0 0  0
   101  0.1376290006650890E-02   5   0 1  2 2  0 0  0
   102  -.3463729237844214E-05   5   0 0  3 2  0 0  0
   103  0.1800344982233718E-03   5   2 0  0 3  0 0  0
   104  0.4678111512386055E-04   5   1 1  0 3  0 0  0
   105  0.7495611053701881E-02   5   0 2  0 3  0 0  0
   106  0.4916334250626877E-04   5   1 0  1 3  0 0  0
   107  -.9762844516531027E-03   5   0 1  1 3  0 0  0
   108  0.5713834954463334E-05   5   0 0  2 3  0 0  0
   109  0.1238877811821040E-02   5   1 0  0 4  0 0  0
   110  0.1335839667185635E-03   5   0 1  0 4  0 0  0
   111  0.5318818930294605E-05   5   0 0  1 4  0 0  0
   112  0.3747805526850940E-02   5   0 0  0 5  0 0  0
   113  0.1878542890451037E-02   5   3 0  0 0  0 2  0
   114  0.2132610502036118E-02   5   2 1  0 0  0 2  0
   115  0.1000500339529635E-02   5   1 2  0 0  0 2  0
   116  0.6475415246963837E-03   5   0 3  0 0  0 2  0
   117  -.1432277776675292E-03   5   2 0  1 0  0 2  0
   118  -.1725499421270146E-03   5   1 1  1 0  0 2  0
   119  -.1149821279153425E-03   5   0 2  1 0  0 2  0
   120  0.1878542890451039E-02   5   1 0  2 0  0 2  0
   121  0.2098649446667293E-02   5   0 1  2 0  0 2  0
   122  -.1432277776675291E-03   5   0 0  3 0  0 2  0
   123  0.1820156801670405E-03   5   2 0  0 1  0 2  0
   124  0.1133689489037618E-03   5   1 1  0 1  0 2  0
   125  0.1468528502677567E-01   5   0 2  0 1  0 2  0
   126  0.3396105536882163E-04   5   1 0  1 1  0 2  0
   127  -.1912142234848048E-02   5   0 1  1 1  0 2  0
   128  0.9465738040025807E-05   5   0 0  2 1  0 2  0
   129  0.2912642574377683E-02   5   1 0  0 2  0 2  0
   130  0.6475415246963838E-03   5   0 1  0 2  0 2  0
   131  -.1613179011580737E-05   5   0 0  1 2  0 2  0
   132  0.1468528502677567E-01   5   0 0  0 3  0 2  0
   133  0.2384606414927896E-03   5   1 0  0 0  0 4  0
   134  0.2083384753917331E-03   5   0 1  0 0  0 4  0
   135  -.9327879630919819E-05   5   0 0  1 0  0 4  0
   136  0.3604765700852112E-02   5   0 0  0 1  0 4  0
   --------------------------------------------------
     I  COEFFICIENT            ORDER EXPONENTS
     1  0.1312541250172684       1   1 0  0 0  0 0  0
     2  0.2736003480045258E-01   1   0 1  0 0  0 0  0
     3  -.1823120633886276E-02   1   0 0  1 0  0 0  0
     4  0.9996315681667298       1   0 0  0 1  0 0  0
     5  0.2257085669498564E-04   2   1 0  0 0  0 1  0
     6  -.1864438979506920E-01   2   0 1  0 0  0 1  0
     7  0.1242505168896733E-02   2   0 0  1 0  0 1  0
     8  0.5022237681404488E-03   2   0 0  0 1  0 1  0
     9  0.7213806049944133       3   3 0  0 0  0 0  0
    10  0.2928685955870872       3   2 1  0 0  0 0  0
    11  0.2939389744345756E-02   3   1 2  0 0  0 0  0
    12  0.1368658357838986E-01   3   0 3  0 0  0 0  0
    13  -.2915604521659134E-01   3   2 0  1 0  0 0  0
    14  -.2619927523435897E-03   3   1 1  1 0  0 0  0
    15  -.2710122289973866E-02   3   0 2  1 0  0 0  0
    16  0.7213806049944134       3   1 0  2 0  0 0  0
    17  0.2858662411489818       3   0 1  2 0  0 0  0
    18  -.2915604521659135E-01   3   0 0  3 0  0 0  0
    19  -.7788551990623611E-02   3   2 0  0 1  0 0  0
    20  0.1718400603685166E-02   3   1 1  0 1  0 0  0
    21  -.3686757972323297E-03   3   0 2  0 1  0 0  0
    22  0.7002354438105411E-02   3   1 0  1 1  0 0  0
    23  0.2980787723515774E-02   3   0 1  1 1  0 0  0
    24  -.8050544742967214E-02   3   0 0  2 1  0 0  0
    25  -.4139797917001846E-04   3   1 0  0 2  0 0  0
    26  0.1368658357838986E-01   3   0 1  0 2  0 0  0
    27  -.9917216862887007E-03   3   0 0  1 2  0 0  0
    28  -.3686757972323260E-03   3   0 0  0 3  0 0  0
    29  -.2475408886242520E-04   3   1 0  0 0  0 2  0
    30  0.1409005356451462E-01   3   0 1  0 0  0 2  0
    31  -.9391436757038529E-03   3   0 0  1 0  0 2  0
    32  -.5507867713304007E-03   3   0 0  0 1  0 2  0
    33  0.6015832734423688E-03   4   3 0  0 0  0 1  0
    34  -.1995818661141931       4   2 1  0 0  0 1  0
    35  -.4004814724288473E-02   4   1 2  0 0  0 1  0
    36  -.2798006195923993E-01   4   0 3  0 0  0 1  0
    37  0.1987810305337931E-01   4   2 0  1 0  0 1  0
    38  0.3555664965451129E-03   4   1 1  1 0  0 1  0
    39  0.5540488024990532E-02   4   0 2  1 0  0 1  0
    40  0.6015832734423691E-03   4   1 0  2 0  0 1  0
    41  -.1950313617844634       4   0 1  2 0  0 1  0
    42  0.1987810305337931E-01   4   0 0  3 0  0 1  0
    43  0.1062287515337847E-01   4   2 0  0 1  0 1  0
    44  -.3512229513661588E-02   4   1 1  0 1  0 1  0
    45  0.1005114143703414E-02   4   0 2  0 1  0 1  0
    46  -.4550504329729618E-02   4   1 0  1 1  0 1  0
    47  -.4150108080350815E-02   4   0 1  1 1  0 1  0
    48  0.1097844164992359E-01   4   0 0  2 1  0 1  0
    49  0.1452933560623452E-03   4   1 0  0 2  0 1  0
    50  -.2798006195923993E-01   4   0 1  0 2  0 1  0
    51  0.2028258511328944E-02   4   0 0  1 2  0 1  0
    52  0.1005114143703399E-02   4   0 0  0 3  0 1  0
    53  0.2554615361697845E-04   4   1 0  0 0  0 3  0
    54  -.1148908981522810E-01   4   0 1  0 0  0 3  0
    55  0.7659202984616665E-03   4   0 0  1 0  0 3  0
    56  0.5683918230125759E-03   4   0 0  0 1  0 3  0
    57   3.464093241801019       5   5 0  0 0  0 0  0
    58  0.8794270151750249       5   4 1  0 0  0 0  0
    59  0.1767806648860416E-01   5   3 2  0 0  0 0  0
    60  0.1465883814936886       5   2 3  0 0  0 0  0
    61  0.2955241496648213E-02   5   1 4  0 0  0 0  0
    62  0.1026990111679597E-01   5   0 5  0 0  0 0  0
    63  -.2078561473479494       5   4 0  1 0  0 0  0
    64  -.2981830158374490E-02   5   3 1  1 0  0 0  0
    65  -.4365815370554553E-01   5   2 2  1 0  0 0  0
    66  -.7185282035777479E-03   5   1 3  1 0  0 0  0
    67  -.3382881384425477E-02   5   0 4  1 0  0 0  0
    68   6.928186483602039       5   3 0  2 0  0 0  0
    69   1.691979911388257       5   2 1  2 0  0 0  0
    70  0.1725154358090588E-01   5   1 2  2 0  0 0  0
    71  0.1433615944461920       5   0 3  2 0  0 0  0
    72  -.4157122946958988       5   2 0  3 0  0 0  0
    73  -.2981830158374415E-02   5   1 1  3 0  0 0  0
    74  -.4335342346925995E-01   5   0 2  3 0  0 0  0
    75   3.464093241801020       5   1 0  4 0  0 0  0
    76  0.8125528962132327       5   0 1  4 0  0 0  0
    77  -.2078561473479494       5   0 0  5 0  0 0  0
    78  -.6366145038372474E-01   5   4 0  0 1  0 0  0
    79  0.2773801394693681E-01   5   3 1  0 1  0 0  0
    80  -.7346845641090544E-02   5   2 2  0 1  0 0  0
    81  0.2578486934494165E-02   5   1 3  0 1  0 0  0
    82  -.3689209246255669E-03   5   0 4  0 1  0 0  0
    83  0.6687411896179245E-01   5   3 0  1 1  0 0  0
    84  0.1960461565398676E-01   5   2 1  1 1  0 0  0
    85  0.3129742255636337E-02   5   1 2  1 1  0 0  0
    86  0.3045333768275594E-02   5   0 3  1 1  0 0  0
    87  -.1303047309258241       5   2 0  2 1  0 0  0
    88  0.2712855347436570E-01   5   1 1  2 1  0 0  0
    89  -.8521066913919505E-02   5   0 2  2 1  0 0  0
    90  0.6687411896179246E-01   5   1 0  3 1  0 0  0
    91  0.1875156983858985E-01   5   0 1  3 1  0 0  0
    92  -.6664328054209932E-01   5   0 0  4 1  0 0  0
    93  -.1500026257683859E-02   5   3 0  0 2  0 0  0
    94  0.1466854262855487       5   2 1  0 2  0 0  0
    95  0.2865149225020926E-02   5   1 2  0 2  0 0  0
    96  0.2053980223359272E-01   5   0 3  0 2  0 0  0
    97  -.1561540952232314E-01   5   2 0  1 2  0 0  0
    98  0.1928579349248268E-03   5   1 1  1 2  0 0  0
    99  -.4187275834356638E-02   5   0 2  1 2  0 0  0
   100  -.1073503349985574E-02   5   1 0  2 2  0 0  0
   101  0.1432645496543316       5   0 1  2 2  0 0  0
   102  -.1592013975860871E-01   5   0 0  3 2  0 0  0
   103  -.7802538710341731E-02   5   2 0  0 3  0 0  0
   104  0.2578486934494145E-02   5   1 1  0 3  0 0  0
   105  -.7378418492509337E-03   5   0 2  0 3  0 0  0
   106  0.3323831839356747E-02   5   1 0  1 3  0 0  0
   107  0.3045333768275494E-02   5   0 1  1 3  0 0  0
   108  -.8065373844668199E-02   5   0 0  2 3  0 0  0
   109  -.9009227162751470E-04   5   1 0  0 4  0 0  0
   110  0.1026990111679637E-01   5   0 1  0 4  0 0  0
   111  -.8043944499313510E-03   5   0 0  1 4  0 0  0
   112  -.3689209246254832E-03   5   0 0  0 5  0 0  0
   113  -.6599902052299298E-03   5   3 0  0 0  0 2  0
   114  0.1508370142213585       5   2 1  0 0  0 2  0
   115  0.4389352624983711E-02   5   1 2  0 0  0 2  0
   116  0.4021226111519006E-01   5   0 3  0 0  0 2  0
   117  -.1503245181664186E-01   5   2 0  1 0  0 2  0
   118  -.3878134717262941E-03   5   1 1  1 0  0 2  0
   119  -.7962773919198725E-02   5   0 2  1 0  0 2  0
   120  -.6599902052299300E-03   5   1 0  2 0  0 2  0
   121  0.1476242939387816       5   0 1  2 0  0 2  0
   122  -.1503245181664185E-01   5   0 0  3 0  0 2  0
   123  -.1165823843195016E-01   5   2 0  0 1  0 2  0
   124  0.5046378956782120E-02   5   1 1  0 1  0 2  0
   125  -.1787362761326935E-02   5   0 2  0 1  0 2  0
   126  0.3212720282576993E-02   5   1 0  1 1  0 2  0
   127  0.4669823094263478E-02   5   0 1  1 1  0 2  0
   128  -.1204605190367647E-01   5   0 0  2 1  0 2  0
   129  -.2804704692797670E-03   5   1 0  0 2  0 2  0
   130  0.4021226111519006E-01   5   0 1  0 2  0 2  0
   131  -.2916394962416607E-02   5   0 0  1 2  0 2  0
   132  -.1787362761326935E-02   5   0 0  0 3  0 2  0
   133  -.2583290737082013E-04   5   1 0  0 0  0 4  0
   134  0.9863667476191627E-02   5   0 1  0 0  0 4  0
   135  -.6576855129340862E-03   5   0 0  1 0  0 4  0
   136  -.5747519292097962E-03   5   0 0  0 1  0 4  0
   --------------------------------------------------
     I  COEFFICIENT            ORDER EXPONENTS
     1  1.0000000000000000       1   0 0  0 0  1 0  0
     2  0.1013720301665685E-02   1   0 0  0 0  0 1  0
     3  -.1978716351953961E-04   2   2 0  0 0  0 0  0
     4  -.3982993327971453E-05   2   1 1  0 0  0 0  0
     5  -.3408061284166904E-02   2   0 2  0 0  0 0  0
     6  0.4505573060809101E-03   2   0 1  1 0  0 0  0
     7  -.1978716351953961E-04   2   0 0  2 0  0 0  0
     8  -.4505573060809101E-03   2   1 0  0 1  0 0  0
     9  -.3982993327971453E-05   2   0 0  1 1  0 0  0
    10  -.3408061284166904E-02   2   0 0  0 2  0 0  0
    11  -.1036443228911942E-02   2   0 0  0 0  0 2  0
    12  0.2991615756721876E-04   3   2 0  0 0  0 1  0
    13  0.8736729243863347E-05   3   1 1  0 0  0 1  0
    14  0.5152814326256908E-02   3   0 2  0 0  0 1  0
    15  -.6811831399926546E-03   3   0 1  1 0  0 1  0
    16  0.2991615756721876E-04   3   0 0  2 0  0 1  0
    17  0.6811831399926546E-03   3   1 0  0 1  0 1  0
    18  0.8736729243863347E-05   3   0 0  1 1  0 1  0
    19  0.5152814326256908E-02   3   0 0  0 2  0 1  0
    20  0.9933152196027729E-03   3   0 0  0 0  0 3  0
    21  -.2177767490039668E-03   4   4 0  0 0  0 0  0
    22  -.6511918283391488E-04   4   3 1  0 0  0 0  0
    23  -.3028315658759841E-04   4   2 2  0 0  0 0  0
    24  -.7968491679643899E-05   4   1 3  0 0  0 0  0
    25  -.2556063489458911E-02   4   0 4  0 0  0 0  0
    26  0.2483142465254043E-02   4   2 1  1 0  0 0  0
    27  0.1771158074784869E-04   4   1 2  1 0  0 0  0
    28  0.6758553120136370E-03   4   0 3  1 0  0 0  0
    29  -.4355534980079339E-03   4   2 0  2 0  0 0  0
    30  -.6511918283391452E-04   4   1 1  2 0  0 0  0
    31  -.8909419414866284E-04   4   0 2  2 0  0 0  0
    32  0.2483142465254041E-02   4   0 1  3 0  0 0  0
    33  -.2177767490039670E-03   4   0 0  4 0  0 0  0
    34  -.2483142465254041E-02   4   3 0  0 1  0 0  0
    35  -.1771158074785133E-04   4   2 1  0 1  0 0  0
    36  -.6758553120136370E-03   4   1 2  0 1  0 0  0
    37  -.6511918283391452E-04   4   2 0  1 1  0 0  0
    38  0.1176220751221290E-03   4   1 1  1 1  0 0  0
    39  -.7968491679643899E-05   4   0 2  1 1  0 0  0
    40  -.2483142465254043E-02   4   1 0  2 1  0 0  0
    41  0.1771158074785139E-04   4   0 1  2 1  0 0  0
    42  -.6511918283391488E-04   4   0 0  3 1  0 0  0
    43  -.8909419414866284E-04   4   2 0  0 2  0 0  0
    44  -.7968491679643901E-05   4   1 1  0 2  0 0  0
    45  -.5112126978917822E-02   4   0 2  0 2  0 0  0
    46  -.1771158074784867E-04   4   1 0  1 2  0 0  0
    47  0.6758553120136370E-03   4   0 1  1 2  0 0  0
    48  -.3028315658759841E-04   4   0 0  2 2  0 0  0
    49  -.6758553120136370E-03   4   1 0  0 3  0 0  0
    50  -.7968491679643899E-05   4   0 0  1 3  0 0  0
    51  -.2556063489458911E-02   4   0 0  0 4  0 0  0
    52  -.3660283980479112E-04   4   2 0  0 0  0 2  0
    53  -.1352478639655749E-04   4   1 1  0 0  0 2  0
    54  -.6304784550161179E-02   4   0 2  0 0  0 2  0
    55  0.8334188746441993E-03   4   0 1  1 0  0 2  0
    56  -.3660283980479112E-04   4   0 0  2 0  0 2  0
    57  -.8334188746441993E-03   4   1 0  0 1  0 2  0
    58  -.1352478639655749E-04   4   0 0  1 1  0 2  0
    59  -.6304784550161179E-02   4   0 0  0 2  0 2  0
    60  -.9338725945152120E-03   4   0 0  0 0  0 4  0
    61  0.3294456558526214E-03   5   4 0  0 0  0 1  0
    62  0.1429250585981718E-03   5   3 1  0 0  0 1  0
    63  0.8707647912872634E-04   5   2 2  0 0  0 1  0
    64  0.2834163435427655E-04   5   1 3  0 0  0 1  0
    65  0.7349139305123408E-02   5   0 4  0 0  0 1  0
    66  -.3761416230573660E-02   5   2 1  1 0  0 1  0
    67  -.4063472036994389E-04   5   1 2  1 0  0 1  0
    68  -.1943114517987854E-02   5   0 3  1 0  0 1  0
    69  0.6588913117052432E-03   5   2 0  2 0  0 1  0
    70  0.1429250585981711E-03   5   1 1  2 0  0 1  0
    71  0.2561447461088720E-03   5   0 2  2 0  0 1  0
    72  -.3761416230573660E-02   5   0 1  3 0  0 1  0
    73  0.3294456558526216E-03   5   0 0  4 0  0 1  0
    74  0.3761416230573660E-02   5   3 0  0 1  0 1  0
    75  0.4063472036994848E-04   5   2 1  0 1  0 1  0
    76  0.1943114517987854E-02   5   1 2  0 1  0 1  0
    77  0.1429250585981712E-03   5   2 0  1 1  0 1  0
    78  -.3381365339602913E-03   5   1 1  1 1  0 1  0
    79  0.2834163435427659E-04   5   0 2  1 1  0 1  0
    80  0.3761416230573664E-02   5   1 0  2 1  0 1  0
    81  -.4063472036994888E-04   5   0 1  2 1  0 1  0
    82  0.1429250585981718E-03   5   0 0  3 1  0 1  0
    83  0.2561447461088720E-03   5   2 0  0 2  0 1  0
    84  0.2834163435427658E-04   5   1 1  0 2  0 1  0
    85  0.1469827861024682E-01   5   0 2  0 2  0 1  0
    86  0.4063472036994386E-04   5   1 0  1 2  0 1  0
    87  -.1943114517987854E-02   5   0 1  1 2  0 1  0
    88  0.8707647912872634E-04   5   0 0  2 2  0 1  0
    89  0.1943114517987854E-02   5   1 0  0 3  0 1  0
    90  0.2834163435427655E-04   5   0 0  1 3  0 1  0
    91  0.7349139305123408E-02   5   0 0  0 4  0 1  0
    92  0.4191381314318155E-04   5   2 0  0 0  0 3  0
    93  0.1823599063937091E-04   5   1 1  0 0  0 3  0
    94  0.7219882580471662E-02   5   0 2  0 0  0 3  0
    95  -.9543238893681088E-03   5   0 1  1 0  0 3  0
    96  0.4191381314318155E-04   5   0 0  2 0  0 3  0
    97  0.9543238893681088E-03   5   1 0  0 1  0 3  0
    98  0.1823599063937091E-04   5   0 0  1 1  0 3  0
    99  0.7219882580471662E-02   5   0 0  0 2  0 3  0
   100  0.8751725014882874E-03   5   0 0  0 0  0 5  0
   --------------------------------------------------
     I  COEFFICIENT            ORDER EXPONENTS
     1  1.0000000000000000       1   0 0  0 0  0 1  0
     ------------------------------------------------
     ALL COMPONENTS ZERO 
     ------------------- 
     ALL COMPONENTS ZERO 
     ------------------- 
