 L    0.9999999999999787E-02
 P (  0.0000000000000000E+00,  0.0000000000000000E+00,  0.2426049999999997E+01)
 A (  0.0000000000000000E+00,  0.0000000000000000E+00,  0.0000000000000000E+00)
     I  COEFFICIENT            ORDER EXPONENTS
     1   1.000002298869308       1   1 0  0 0  0 0  0
     2  0.9999853682959114E-02   1   0 1  0 0  0 0  0
     3  -.7690603654555449E-03   1   0 0  1 0  0 0  0
     4  0.4681546792087160E-04   1   0 0  0 1  0 0  0
     5  -.3133852571572144E-05   2   1 0  0 0  0 1  0
     6  -.6815803350295877E-02   2   0 1  0 0  0 1  0
     7  0.5241922683351032E-03   2   0 0  1 0  0 1  0
     8  -.6381933844269580E-04   2   0 0  0 1  0 1  0
     9  0.3603881413347678E-04   3   3 0  0 0  0 0  0
    10  0.3669790762531597E-04   3   2 1  0 0  0 0  0
    11  -.1267540705038825E-06   3   1 2  0 0  0 0  0
    12  0.4999774648564325E-02   3   0 3  0 0  0 0  0
    13  -.3998930877691536E-02   3   2 0  1 0  0 0  0
    14  -.2679680702675131E-04   3   1 1  1 0  0 0  0
    15  -.1153617572740077E-02   3   0 2  1 0  0 0  0
    16  0.3603881413347676E-04   3   1 0  2 0  0 0  0
    17  0.1154264276937046E-03   3   0 1  2 0  0 0  0
    18  -.3998930877691534E-02   3   0 0  3 0  0 0  0
    19  0.4939670337113680E-03   3   2 0  0 1  0 0  0
    20  0.7720709833997733E-03   3   1 1  0 1  0 0  0
    21  0.4682240467101236E-04   3   0 2  0 1  0 0  0
    22  -.7872852006838858E-04   3   1 0  1 1  0 0  0
    23  -.9437119396042013E-05   3   0 1  1 1  0 0  0
    24  0.4671702266846165E-03   3   0 0  2 1  0 0  0
    25  0.9310365325538020E-05   3   1 0  0 2  0 0  0
    26  0.4999774648564325E-02   3   0 1  0 2  0 0  0
    27  -.3815465893403033E-03   3   0 0  1 2  0 0  0
    28  0.4682240467101236E-04   3   0 0  0 3  0 0  0
    29  0.3437121123329816E-05   3   1 0  0 0  0 2  0
    30  0.5152355425747485E-02   3   0 1  0 0  0 2  0
    31  -.3962675744866834E-03   3   0 0  1 0  0 2  0
    32  0.6999498014886250E-04   3   0 0  0 1  0 2  0
    33  -.4916082437368771E-04   4   3 0  0 0  0 1  0
    34  -.7503659860252301E-04   4   2 1  0 0  0 1  0
    35  0.3454664726781387E-06   4   1 2  0 0  0 1  0
    36  -.1022338580780334E-01   4   0 3  0 0  0 1  0
    37  0.2731745198896068E-02   4   2 0  1 0  0 1  0
    38  0.3674639644758308E-04   4   1 1  1 0  0 1  0
    39  0.2358887999744815E-02   4   0 2  1 0  0 1  0
    40  -.4916082437368768E-04   4   1 0  2 0  0 1  0
    41  -.2360220833137649E-03   4   0 1  2 0  0 1  0
    42  0.2731745198896068E-02   4   0 0  3 0  0 1  0
    43  -.6744474389843575E-03   4   2 0  0 1  0 1  0
    44  -.1578671911843031E-02   4   1 1  0 1  0 1  0
    45  -.1276575184867631E-03   4   0 2  0 1  0 1  0
    46  0.1609854847112419E-03   4   1 0  1 1  0 1  0
    47  0.2572938207221379E-04   4   0 1  1 1  0 1  0
    48  -.6377010425367732E-03   4   0 0  2 1  0 1  0
    49  -.2538391559953558E-04   4   1 0  0 2  0 1  0
    50  -.1022338580780334E-01   4   0 1  0 2  0 1  0
    51  0.7802160879017842E-03   4   0 0  1 2  0 1  0
    52  -.1276575184867631E-03   4   0 0  0 3  0 1  0
    53  -.3547259522400809E-05   4   1 0  0 0  0 3  0
    54  -.4202614451057048E-02   4   0 1  0 0  0 3  0
    55  0.3232307318419562E-03   4   0 0  1 0  0 3  0
    56  -.7223757064457198E-04   4   0 0  0 1  0 3  0
    57  0.1444848487499176E-03   5   5 0  0 0  0 0  0
    58  0.3950901138761616E-03   5   4 1  0 0  0 0  0
    59  0.7134910751964758E-06   5   3 2  0 0  0 0  0
    60  0.5472013816916822E-04   5   2 3  0 0  0 0  0
    61  -.2553671729374071E-05   5   1 4  0 0  0 0  0
    62  0.3749710963818943E-02   5   0 5  0 0  0 0  0
    63  -.3507564744633806E-02   5   4 0  1 0  0 0  0
    64  -.4496625639944885E-04   5   3 1  1 0  0 0  0
    65  -.6011395793157844E-02   5   2 2  1 0  0 0  0
    66  -.5267177958132986E-04   5   1 3  1 0  0 0  0
    67  -.1442053061220477E-02   5   0 4  1 0  0 0  0
    68  0.2889696974998354E-03   5   3 0  2 0  0 0  0
    69  0.1610336391269410E-02   5   2 1  2 0  0 0  0
    70  0.7863973465570200E-05   5   1 2  2 0  0 0  0
    71  0.2915555636305139E-03   5   0 3  2 0  0 0  0
    72  -.7015129489267610E-02   5   2 0  3 0  0 0  0
    73  -.4496625639944886E-04   5   1 1  3 0  0 0  0
    74  -.6024862509797726E-02   5   0 2  3 0  0 0  0
    75  0.1444848487499177E-03   5   1 0  4 0  0 0  0
    76  0.1215246277393248E-02   5   0 1  4 0  0 0  0
    77  -.3507564744633805E-02   5   0 0  5 0  0 0  0
    78  0.2005315474372777E-03   5   4 0  0 1  0 0  0
    79  0.4008723694687451E-02   5   3 1  0 1  0 0  0
    80  0.5204682281395430E-03   5   2 2  0 1  0 0  0
    81  0.1158109832966880E-02   5   1 3  0 1  0 0  0
    82  0.4682928934222200E-04   5   0 4  0 1  0 0  0
    83  -.8201561635170865E-03   5   3 0  1 1  0 0  0
    84  -.1530053676617061E-03   5   2 1  1 1  0 0  0
    85  -.3564793075549222E-03   5   1 2  1 1  0 0  0
    86  -.1887816229691799E-04   5   0 3  1 1  0 0  0
    87  0.3560968384751065E-03   5   2 0  2 1  0 0  0
    88  0.4035657127967218E-02   5   1 1  2 1  0 0  0
    89  0.4434049446070423E-03   5   0 2  2 1  0 0  0
    90  -.8201561635170868E-03   5   1 0  3 1  0 0  0
    91  -.1387044028809580E-03   5   0 1  3 1  0 0  0
    92  0.1555652910378286E-03   5   0 0  4 1  0 0  0
    93  0.1465683763465283E-03   5   3 0  0 2  0 0  0
    94  0.1743640202627445E-03   5   2 1  0 2  0 0  0
    95  0.1377081883816918E-04   5   1 2  0 2  0 0  0
    96  0.7499421927637887E-02   5   0 3  0 2  0 0  0
    97  -.2016138815110273E-02   5   2 0  1 2  0 0  0
    98  -.3888771678989241E-05   5   1 1  1 2  0 0  0
    99  -.1725996289474074E-02   5   0 2  1 2  0 0  0
   100  0.1394178939561541E-03   5   1 0  2 2  0 0  0
   101  0.1719116815369377E-03   5   0 1  2 2  0 0  0
   102  -.2002672098470390E-02   5   0 0  3 2  0 0  0
   103  0.4960767241883721E-03   5   2 0  0 3  0 0  0
   104  0.1158109832966881E-02   5   1 1  0 3  0 0  0
   105  0.9365857868444379E-04   5   0 2  0 3  0 0  0
   106  -.1171915433677694E-03   5   1 0  1 3  0 0  0
   107  -.1887816229691786E-04   5   0 1  1 3  0 0  0
   108  0.4677964485582125E-03   5   0 0  2 3  0 0  0
   109  0.1632449056754342E-04   5   1 0  0 4  0 0  0
   110  0.3749710963818944E-02   5   0 1  0 4  0 0  0
   111  -.2839432282535967E-03   5   0 0  1 4  0 0  0
   112  0.4682928934222171E-04   5   0 0  0 5  0 0  0
   113  0.5396207526195485E-04   5   3 0  0 0  0 2  0
   114  0.1078637963094781E-03   5   2 1  0 0  0 2  0
   115  -.6141258890369981E-06   5   1 2  0 0  0 2  0
   116  0.1469643884096494E-01   5   0 3  0 0  0 2  0
   117  -.2071291985248538E-02   5   2 0  1 0  0 2  0
   118  -.4059767515650002E-04   5   1 1  1 0  0 2  0
   119  -.3390986268307379E-02   5   0 2  1 0  0 2  0
   120  0.5396207526195484E-04   5   1 0  2 0  0 2  0
   121  0.3392920103887121E-03   5   0 1  2 0  0 2  0
   122  -.2071291985248538E-02   5   0 0  3 0  0 2  0
   123  0.7411657701198714E-03   5   2 0  0 1  0 2  0
   124  0.2269330662621880E-02   5   1 1  0 1  0 2  0
   125  0.2270225163541748E-03   5   0 2  0 1  0 2  0
   126  -.2314282140792341E-03   5   1 0  1 1  0 2  0
   127  -.4575606810189404E-04   5   0 1  1 1  0 2  0
   128  0.7005680949633703E-03   5   0 0  2 1  0 2  0
   129  0.4514194221285697E-04   5   1 0  0 2  0 2  0
   130  0.1469643884096494E-01   5   0 1  0 2  0 2  0
   131  -.1121655605685500E-02   5   0 0  1 2  0 2  0
   132  0.2270225163541748E-03   5   0 0  0 3  0 2  0
   133  0.3587248920505547E-05   5   1 0  0 0  0 4  0
   134  0.3609267429859446E-02   5   0 1  0 0  0 4  0
   135  -.2776022413427479E-03   5   0 0  1 0  0 4  0
   136  0.7305159031210801E-04   5   0 0  0 1  0 4  0
   --------------------------------------------------
     I  COEFFICIENT            ORDER EXPONENTS
     1  0.6408918179315620E-03   1   1 0  0 0  0 0  0
     2  0.9999608848580898       1   0 1  0 0  0 0  0
     3  -.1541311496826466       1   0 0  1 0  0 0  0
     4  0.8590776963195320E-02   1   0 0  0 1  0 0  0
     5  -.4368325975649079E-03   2   1 0  0 0  0 1  0
     6  0.5332218238657096E-04   2   0 1  0 0  0 1  0
     7  -.2576563867071974E-05   2   0 0  1 0  0 1  0
     8  -.5855397487614388E-02   2   0 0  0 1  0 1  0
     9  0.1009824633635165E-01   3   3 0  0 0  0 0  0
    10  -.7167712971703327E-03   3   2 1  0 0  0 0  0
    11  0.3131081796570702E-03   3   1 2  0 0  0 0  0
    12  -.3913962402291019E-04   3   0 3  0 0  0 0  0
    13  -.7990680139274474       3   2 0  1 0  0 0  0
    14  -.8057908377775253E-02   3   1 1  1 0  0 0  0
    15  -.1897213834835296E-04   3   0 2  1 0  0 0  0
    16  0.1009824633635165E-01   3   1 0  2 0  0 0  0
    17  -.7968961449225770E-03   3   0 1  2 0  0 0  0
    18  -.7990680139274469       3   0 0  3 0  0 0  0
    19  0.9207110062444709E-01   3   2 0  0 1  0 0  0
    20  0.8453654468231106E-03   3   1 1  0 1  0 0  0
    21  0.4297996043875105E-02   3   0 2  0 1  0 0  0
    22  0.8012484775224412E-04   3   1 0  1 1  0 0  0
    23  -.6515506748377981E-03   3   0 1  1 1  0 0  0
    24  0.8401319224667184E-01   3   0 0  2 1  0 0  0
    25  0.9646588544948556E-03   3   1 0  0 2  0 0  0
    26  -.3913962402290990E-04   3   0 1  0 2  0 0  0
    27  0.8263933084747581E-03   3   0 0  1 2  0 0  0
    28  0.4297996043875105E-02   3   0 0  0 3  0 0  0
    29  0.3302274279186913E-03   3   1 0  0 0  0 2  0
    30  -.5848205269556572E-04   3   0 1  0 0  0 2  0
    31  0.2825902808984165E-05   3   0 0  1 0  0 2  0
    32  0.4426351150137806E-02   3   0 0  0 1  0 2  0
    33  -.6887928130601332E-02   4   3 0  0 0  0 1  0
    34  0.9778041101542786E-03   4   2 1  0 0  0 1  0
    35  -.6402679353778837E-03   4   1 2  0 0  0 1  0
    36  0.1067110559461638E-03   4   0 3  0 0  0 1  0
    37  -.6600322099423279E-04   4   2 0  1 0  0 1  0
    38  0.5580403569852280E-02   4   1 1  1 0  0 1  0
    39  0.1540010112277102E-04   4   0 2  1 0  0 1  0
    40  -.6887928130601332E-02   4   1 0  2 0  0 1  0
    41  0.1087208016188264E-02   4   0 1  2 0  0 1  0
    42  -.6600322099423277E-04   4   0 0  3 0  0 1  0
    43  -.6288458859904522E-01   4   2 0  0 1  0 1  0
    44  -.1141783856009119E-02   4   1 1  0 1  0 1  0
    45  -.8788421624911155E-02   4   0 2  0 1  0 1  0
    46  -.1094039060339840E-03   4   1 0  1 1  0 1  0
    47  0.1332243333421720E-02   4   0 1  1 1  0 1  0
    48  -.5730418502919295E-01   4   0 0  2 1  0 1  0
    49  -.1972511268799604E-02   4   1 0  0 2  0 1  0
    50  0.1067110559461626E-03   4   0 1  0 2  0 1  0
    51  -.1126383754886348E-02   4   0 0  1 2  0 1  0
    52  -.8788421624911155E-02   4   0 0  0 3  0 1  0
    53  -.2693626967420068E-03   4   1 0  0 0  0 3  0
    54  0.6035579185481698E-04   4   0 1  0 0  0 3  0
    55  -.2916455711098271E-05   4   0 0  1 0  0 3  0
    56  -.3610442344303852E-02   4   0 0  0 1  0 3  0
    57  0.4002137154931037E-01   5   5 0  0 0  0 0  0
    58  -.3879392686641913E-02   5   4 1  0 0  0 0  0
    59  0.4973660230864547E-02   5   3 2  0 0  0 0  0
    60  -.7179242760306316E-03   5   2 3  0 0  0 0  0
    61  0.2293424921535304E-03   5   1 4  0 0  0 0  0
    62  -.3916406791832126E-04   5   0 5  0 0  0 0  0
    63  -.6179967272352558       5   4 0  1 0  0 0  0
    64  -.1235087147104594E-01   5   3 1  1 0  0 0  0
    65  0.7717666457089619E-04   5   2 2  1 0  0 0  0
    66  -.4092206915597934E-02   5   1 3  1 0  0 0  0
    67  -.1317990276535581E-04   5   0 4  1 0  0 0  0
    68  0.8004274309862076E-01   5   3 0  2 0  0 0  0
    69  -.8198920976098072E-02   5   2 1  2 0  0 0  0
    70  0.5392304324589424E-02   5   1 2  2 0  0 0  0
    71  -.7958136355970675E-03   5   0 3  2 0  0 0  0
    72  -1.235993454470512       5   2 0  3 0  0 0  0
    73  -.1235087147104595E-01   5   1 1  3 0  0 0  0
    74  0.1622861918006515E-03   5   0 2  3 0  0 0  0
    75  0.4002137154931040E-01   5   1 0  4 0  0 0  0
    76  -.4319528289456168E-02   5   0 1  4 0  0 0  0
    77  -.6179967272352557       5   0 0  5 0  0 0  0
    78  0.3196734806371044E-01   5   4 0  0 1  0 0  0
    79  0.2874094323188788E-03   5   3 1  0 1  0 0  0
    80  0.4613091394095704E-01   5   2 2  0 1  0 0  0
    81  0.8375697301027104E-03   5   1 3  0 1  0 0  0
    82  0.3225447867999933E-02   5   0 4  0 1  0 0  0
    83  0.4401356028142564E-03   5   3 0  1 1  0 0  0
    84  -.1064703730501903E-01   5   2 1  1 1  0 0  0
    85  -.7185087136208455E-04   5   1 2  1 1  0 0  0
    86  -.9779587679240398E-03   5   0 3  1 1  0 0  0
    87  0.5158382465637495E-01   5   2 0  2 1  0 0  0
    88  0.1171903778593879E-03   5   1 1  2 1  0 0  0
    89  0.4213645831062302E-01   5   0 2  2 1  0 0  0
    90  0.4401356028142506E-03   5   1 0  3 1  0 0  0
    91  -.9809749117569242E-02   5   0 1  3 1  0 0  0
    92  0.1961647659266449E-01   5   0 0  4 1  0 0  0
    93  0.1520205344215866E-01   5   3 0  0 2  0 0  0
    94  -.5681840451021112E-03   5   2 1  0 2  0 0  0
    95  0.1436643752231014E-02   5   1 2  0 2  0 0  0
    96  -.7832813583664586E-04   5   0 3  0 2  0 0  0
    97  0.4496956241195554E-03   5   2 0  1 2  0 0  0
    98  -.4287709486125729E-02   5   1 1  1 2  0 0  0
    99  0.8112099245720038E-03   5   0 2  1 2  0 0  0
   100  0.1478340934843376E-01   5   1 0  2 2  0 0  0
   101  -.9455538665255837E-03   5   0 1  2 2  0 0  0
   102  0.3645860968897676E-03   5   0 0  3 2  0 0  0
   103  0.4622866522622092E-01   5   2 0  0 3  0 0  0
   104  0.8375697301027115E-03   5   1 1  0 3  0 0  0
   105  0.6450895735999830E-02   5   0 2  0 3  0 0  0
   106  0.2276295904949541E-03   5   1 0  1 3  0 0  0
   107  -.9779587679240489E-03   5   0 1  1 3  0 0  0
   108  0.4203870702535909E-01   5   0 0  2 3  0 0  0
   109  0.1207301260077500E-02   5   1 0  0 4  0 0  0
   110  -.3916406791831525E-04   5   0 1  0 4  0 0  0
   111  0.8243898273373475E-03   5   0 0  1 4  0 0  0
   112  0.3225447867999870E-02   5   0 0  0 5  0 0  0
   113  0.5212052368872597E-02   5   3 0  0 0  0 2  0
   114  -.1073369804760294E-02   5   2 1  0 0  0 2  0
   115  0.9204631355648083E-03   5   1 2  0 0  0 2  0
   116  -.1897719626905774E-03   5   0 3  0 0  0 2  0
   117  0.7242603500243971E-04   5   2 0  1 0  0 2  0
   118  -.4308654354276199E-02   5   1 1  1 0  0 2  0
   119  -.2627235534773097E-05   5   0 2  1 0  0 2  0
   120  0.5212052368872597E-02   5   1 0  2 0  0 2  0
   121  -.1193601573404862E-02   5   0 1  2 0  0 2  0
   122  0.7242603500243968E-04   5   0 0  3 0  0 2  0
   123  0.4766985973218128E-01   5   2 0  0 1  0 2  0
   124  0.1237784556581269E-02   5   1 1  0 1  0 2  0
   125  0.1263365171488167E-01   5   0 2  0 1  0 2  0
   126  0.1202317686445683E-03   5   1 0  1 1  0 2  0
   127  -.1915094863297361E-02   5   0 1  1 1  0 2  0
   128  0.4336120537790508E-01   5   0 0  2 1  0 2  0
   129  0.2835557998862170E-02   5   1 0  0 2  0 2  0
   130  -.1897719626905744E-03   5   0 1  0 2  0 2  0
   131  0.1235157321046496E-02   5   0 0  1 2  0 2  0
   132  0.1263365171488167E-01   5   0 0  0 3  0 2  0
   133  0.2313385361211388E-03   5   1 0  0 0  0 4  0
   134  -.6103593592057143E-04   5   0 1  0 0  0 4  0
   135  0.2949334130460049E-05   5   0 0  1 0  0 4  0
   136  0.3100707329550512E-02   5   0 0  0 1  0 4  0
   --------------------------------------------------
     I  COEFFICIENT            ORDER EXPONENTS
     1  0.7690603654555449E-03   1   1 0  0 0  0 0  0
     2  -.4681546792087160E-04   1   0 1  0 0  0 0  0
     3   1.000002298869308       1   0 0  1 0  0 0  0
     4  0.9999853682959114E-02   1   0 0  0 1  0 0  0
     5  -.5241922683351032E-03   2   1 0  0 0  0 1  0
     6  0.6381933844269580E-04   2   0 1  0 0  0 1  0
     7  -.3133852571572144E-05   2   0 0  1 0  0 1  0
     8  -.6815803350295877E-02   2   0 0  0 1  0 1  0
     9  0.3998930877691534E-02   3   3 0  0 0  0 0  0
    10  -.4671702266846165E-03   3   2 1  0 0  0 0  0
    11  0.3815465893403033E-03   3   1 2  0 0  0 0  0
    12  -.4682240467101236E-04   3   0 3  0 0  0 0  0
    13  0.3603881413347676E-04   3   2 0  1 0  0 0  0
    14  -.7872852006838858E-04   3   1 1  1 0  0 0  0
    15  0.9310365325538022E-05   3   0 2  1 0  0 0  0
    16  0.3998930877691536E-02   3   1 0  2 0  0 0  0
    17  -.4939670337113680E-03   3   0 1  2 0  0 0  0
    18  0.3603881413347676E-04   3   0 0  3 0  0 0  0
    19  0.1154264276937046E-03   3   2 0  0 1  0 0  0
    20  -.9437119396042013E-05   3   1 1  0 1  0 0  0
    21  0.4999774648564325E-02   3   0 2  0 1  0 0  0
    22  0.2679680702675131E-04   3   1 0  1 1  0 0  0
    23  -.7720709833997734E-03   3   0 1  1 1  0 0  0
    24  0.3669790762531597E-04   3   0 0  2 1  0 0  0
    25  0.1153617572740077E-02   3   1 0  0 2  0 0  0
    26  -.4682240467101236E-04   3   0 1  0 2  0 0  0
    27  -.1267540705038825E-06   3   0 0  1 2  0 0  0
    28  0.4999774648564325E-02   3   0 0  0 3  0 0  0
    29  0.3962675744866834E-03   3   1 0  0 0  0 2  0
    30  -.6999498014886250E-04   3   0 1  0 0  0 2  0
    31  0.3437121123329816E-05   3   0 0  1 0  0 2  0
    32  0.5152355425747485E-02   3   0 0  0 1  0 2  0
    33  -.2731745198896068E-02   4   3 0  0 0  0 1  0
    34  0.6377010425367732E-03   4   2 1  0 0  0 1  0
    35  -.7802160879017842E-03   4   1 2  0 0  0 1  0
    36  0.1276575184867631E-03   4   0 3  0 0  0 1  0
    37  -.4916082437368767E-04   4   2 0  1 0  0 1  0
    38  0.1609854847112418E-03   4   1 1  1 0  0 1  0
    39  -.2538391559953557E-04   4   0 2  1 0  0 1  0
    40  -.2731745198896069E-02   4   1 0  2 0  0 1  0
    41  0.6744474389843578E-03   4   0 1  2 0  0 1  0
    42  -.4916082437368766E-04   4   0 0  3 0  0 1  0
    43  -.2360220833137649E-03   4   2 0  0 1  0 1  0
    44  0.2572938207221378E-04   4   1 1  0 1  0 1  0
    45  -.1022338580780334E-01   4   0 2  0 1  0 1  0
    46  -.3674639644758310E-04   4   1 0  1 1  0 1  0
    47  0.1578671911843031E-02   4   0 1  1 1  0 1  0
    48  -.7503659860252301E-04   4   0 0  2 1  0 1  0
    49  -.2358887999744815E-02   4   1 0  0 2  0 1  0
    50  0.1276575184867631E-03   4   0 1  0 2  0 1  0
    51  0.3454664726781387E-06   4   0 0  1 2  0 1  0
    52  -.1022338580780334E-01   4   0 0  0 3  0 1  0
    53  -.3232307318419562E-03   4   1 0  0 0  0 3  0
    54  0.7223757064457198E-04   4   0 1  0 0  0 3  0
    55  -.3547259522400809E-05   4   0 0  1 0  0 3  0
    56  -.4202614451057048E-02   4   0 0  0 1  0 3  0
    57  0.3507564744633803E-02   5   5 0  0 0  0 0  0
    58  -.1555652910378286E-03   5   4 1  0 0  0 0  0
    59  0.2002672098470390E-02   5   3 2  0 0  0 0  0
    60  -.4677964485582125E-03   5   2 3  0 0  0 0  0
    61  0.2839432282535967E-03   5   1 4  0 0  0 0  0
    62  -.4682928934222171E-04   5   0 5  0 0  0 0  0
    63  0.1444848487499178E-03   5   4 0  1 0  0 0  0
    64  -.8201561635170868E-03   5   3 1  1 0  0 0  0
    65  0.1394178939561541E-03   5   2 2  1 0  0 0  0
    66  -.1171915433677695E-03   5   1 3  1 0  0 0  0
    67  0.1632449056754349E-04   5   0 4  1 0  0 0  0
    68  0.7015129489267610E-02   5   3 0  2 0  0 0  0
    69  -.3560968384751064E-03   5   2 1  2 0  0 0  0
    70  0.2016138815110273E-02   5   1 2  2 0  0 0  0
    71  -.4960767241883719E-03   5   0 3  2 0  0 0  0
    72  0.2889696974998355E-03   5   2 0  3 0  0 0  0
    73  -.8201561635170868E-03   5   1 1  3 0  0 0  0
    74  0.1465683763465282E-03   5   0 2  3 0  0 0  0
    75  0.3507564744633807E-02   5   1 0  4 0  0 0  0
    76  -.2005315474372775E-03   5   0 1  4 0  0 0  0
    77  0.1444848487499176E-03   5   0 0  5 0  0 0  0
    78  0.1215246277393248E-02   5   4 0  0 1  0 0  0
    79  -.1387044028809579E-03   5   3 1  0 1  0 0  0
    80  0.1719116815369377E-03   5   2 2  0 1  0 0  0
    81  -.1887816229691786E-04   5   1 3  0 1  0 0  0
    82  0.3749710963818944E-02   5   0 4  0 1  0 0  0
    83  0.4496625639944887E-04   5   3 0  1 1  0 0  0
    84  -.4035657127967217E-02   5   2 1  1 1  0 0  0
    85  0.3888771678989223E-05   5   1 2  1 1  0 0  0
    86  -.1158109832966881E-02   5   0 3  1 1  0 0  0
    87  0.1610336391269410E-02   5   2 0  2 1  0 0  0
    88  -.1530053676617062E-03   5   1 1  2 1  0 0  0
    89  0.1743640202627445E-03   5   0 2  2 1  0 0  0
    90  0.4496625639944882E-04   5   1 0  3 1  0 0  0
    91  -.4008723694687454E-02   5   0 1  3 1  0 0  0
    92  0.3950901138761615E-03   5   0 0  4 1  0 0  0
    93  0.6024862509797724E-02   5   3 0  0 2  0 0  0
    94  -.4434049446070421E-03   5   2 1  0 2  0 0  0
    95  0.1725996289474074E-02   5   1 2  0 2  0 0  0
    96  -.9365857868444379E-04   5   0 3  0 2  0 0  0
    97  0.7863973465570207E-05   5   2 0  1 2  0 0  0
    98  -.3564793075549222E-03   5   1 1  1 2  0 0  0
    99  0.1377081883816918E-04   5   0 2  1 2  0 0  0
   100  0.6011395793157844E-02   5   1 0  2 2  0 0  0
   101  -.5204682281395432E-03   5   0 1  2 2  0 0  0
   102  0.7134910751964288E-06   5   0 0  3 2  0 0  0
   103  0.2915555636305140E-03   5   2 0  0 3  0 0  0
   104  -.1887816229691798E-04   5   1 1  0 3  0 0  0
   105  0.7499421927637887E-02   5   0 2  0 3  0 0  0
   106  0.5267177958132987E-04   5   1 0  1 3  0 0  0
   107  -.1158109832966880E-02   5   0 1  1 3  0 0  0
   108  0.5472013816916822E-04   5   0 0  2 3  0 0  0
   109  0.1442053061220477E-02   5   1 0  0 4  0 0  0
   110  -.4682928934222200E-04   5   0 1  0 4  0 0  0
   111  -.2553671729374330E-05   5   0 0  1 4  0 0  0
   112  0.3749710963818943E-02   5   0 0  0 5  0 0  0
   113  0.2071291985248538E-02   5   3 0  0 0  0 2  0
   114  -.7005680949633703E-03   5   2 1  0 0  0 2  0
   115  0.1121655605685500E-02   5   1 2  0 0  0 2  0
   116  -.2270225163541748E-03   5   0 3  0 0  0 2  0
   117  0.5396207526195484E-04   5   2 0  1 0  0 2  0
   118  -.2314282140792341E-03   5   1 1  1 0  0 2  0
   119  0.4514194221285698E-04   5   0 2  1 0  0 2  0
   120  0.2071291985248539E-02   5   1 0  2 0  0 2  0
   121  -.7411657701198715E-03   5   0 1  2 0  0 2  0
   122  0.5396207526195479E-04   5   0 0  3 0  0 2  0
   123  0.3392920103887121E-03   5   2 0  0 1  0 2  0
   124  -.4575606810189404E-04   5   1 1  0 1  0 2  0
   125  0.1469643884096494E-01   5   0 2  0 1  0 2  0
   126  0.4059767515650003E-04   5   1 0  1 1  0 2  0
   127  -.2269330662621880E-02   5   0 1  1 1  0 2  0
   128  0.1078637963094781E-03   5   0 0  2 1  0 2  0
   129  0.3390986268307379E-02   5   1 0  0 2  0 2  0
   130  -.2270225163541748E-03   5   0 1  0 2  0 2  0
   131  -.6141258890369981E-06   5   0 0  1 2  0 2  0
   132  0.1469643884096494E-01   5   0 0  0 3  0 2  0
   133  0.2776022413427479E-03   5   1 0  0 0  0 4  0
   134  -.7305159031210801E-04   5   0 1  0 0  0 4  0
   135  0.3587248920505547E-05   5   0 0  1 0  0 4  0
   136  0.3609267429859446E-02   5   0 0  0 1  0 4  0
   --------------------------------------------------
     I  COEFFICIENT            ORDER EXPONENTS
     1  0.1541311496826466       1   1 0  0 0  0 0  0
     2  -.8590776963195320E-02   1   0 1  0 0  0 0  0
     3  0.6408918179315620E-03   1   0 0  1 0  0 0  0
     4  0.9999608848580898       1   0 0  0 1  0 0  0
     5  0.2576563867071974E-05   2   1 0  0 0  0 1  0
     6  0.5855397487614388E-02   2   0 1  0 0  0 1  0
     7  -.4368325975649079E-03   2   0 0  1 0  0 1  0
     8  0.5332218238657096E-04   2   0 0  0 1  0 1  0
     9  0.7990680139274471       3   3 0  0 0  0 0  0
    10  -.8401319224667184E-01   3   2 1  0 0  0 0  0
    11  -.8263933084747581E-03   3   1 2  0 0  0 0  0
    12  -.4297996043875105E-02   3   0 3  0 0  0 0  0
    13  0.1009824633635165E-01   3   2 0  1 0  0 0  0
    14  0.8012484775224416E-04   3   1 1  1 0  0 0  0
    15  0.9646588544948556E-03   3   0 2  1 0  0 0  0
    16  0.7990680139274471       3   1 0  2 0  0 0  0
    17  -.9207110062444709E-01   3   0 1  2 0  0 0  0
    18  0.1009824633635165E-01   3   0 0  3 0  0 0  0
    19  -.7968961449225770E-03   3   2 0  0 1  0 0  0
    20  -.6515506748377981E-03   3   1 1  0 1  0 0  0
    21  -.3913962402290990E-04   3   0 2  0 1  0 0  0
    22  0.8057908377775251E-02   3   1 0  1 1  0 0  0
    23  -.8453654468231106E-03   3   0 1  1 1  0 0  0
    24  -.7167712971703327E-03   3   0 0  2 1  0 0  0
    25  0.1897213834835297E-04   3   1 0  0 2  0 0  0
    26  -.4297996043875105E-02   3   0 1  0 2  0 0  0
    27  0.3131081796570702E-03   3   0 0  1 2  0 0  0
    28  -.3913962402291019E-04   3   0 0  0 3  0 0  0
    29  -.2825902808984165E-05   3   1 0  0 0  0 2  0
    30  -.4426351150137806E-02   3   0 1  0 0  0 2  0
    31  0.3302274279186913E-03   3   0 0  1 0  0 2  0
    32  -.5848205269556572E-04   3   0 0  0 1  0 2  0
    33  0.6600322099423281E-04   4   3 0  0 0  0 1  0
    34  0.5730418502919295E-01   4   2 1  0 0  0 1  0
    35  0.1126383754886348E-02   4   1 2  0 0  0 1  0
    36  0.8788421624911155E-02   4   0 3  0 0  0 1  0
    37  -.6887928130601332E-02   4   2 0  1 0  0 1  0
    38  -.1094039060339840E-03   4   1 1  1 0  0 1  0
    39  -.1972511268799604E-02   4   0 2  1 0  0 1  0
    40  0.6600322099423277E-04   4   1 0  2 0  0 1  0
    41  0.6288458859904524E-01   4   0 1  2 0  0 1  0
    42  -.6887928130601332E-02   4   0 0  3 0  0 1  0
    43  0.1087208016188264E-02   4   2 0  0 1  0 1  0
    44  0.1332243333421720E-02   4   1 1  0 1  0 1  0
    45  0.1067110559461626E-03   4   0 2  0 1  0 1  0
    46  -.5580403569852282E-02   4   1 0  1 1  0 1  0
    47  0.1141783856009120E-02   4   0 1  1 1  0 1  0
    48  0.9778041101542786E-03   4   0 0  2 1  0 1  0
    49  -.1540010112277103E-04   4   1 0  0 2  0 1  0
    50  0.8788421624911155E-02   4   0 1  0 2  0 1  0
    51  -.6402679353778837E-03   4   0 0  1 2  0 1  0
    52  0.1067110559461638E-03   4   0 0  0 3  0 1  0
    53  0.2916455711098271E-05   4   1 0  0 0  0 3  0
    54  0.3610442344303852E-02   4   0 1  0 0  0 3  0
    55  -.2693626967420068E-03   4   0 0  1 0  0 3  0
    56  0.6035579185481698E-04   4   0 0  0 1  0 3  0
    57  0.6179967272352557       5   5 0  0 0  0 0  0
    58  -.1961647659266449E-01   5   4 1  0 0  0 0  0
    59  -.3645860968897674E-03   5   3 2  0 0  0 0  0
    60  -.4203870702535909E-01   5   2 3  0 0  0 0  0
    61  -.8243898273373482E-03   5   1 4  0 0  0 0  0
    62  -.3225447867999870E-02   5   0 5  0 0  0 0  0
    63  0.4002137154931039E-01   5   4 0  1 0  0 0  0
    64  0.4401356028142509E-03   5   3 1  1 0  0 0  0
    65  0.1478340934843376E-01   5   2 2  1 0  0 0  0
    66  0.2276295904949541E-03   5   1 3  1 0  0 0  0
    67  0.1207301260077522E-02   5   0 4  1 0  0 0  0
    68   1.235993454470511       5   3 0  2 0  0 0  0
    69  -.5158382465637493E-01   5   2 1  2 0  0 0  0
    70  -.4496956241195554E-03   5   1 2  2 0  0 0  0
    71  -.4622866522622092E-01   5   0 3  2 0  0 0  0
    72  0.8004274309862074E-01   5   2 0  3 0  0 0  0
    73  0.4401356028142569E-03   5   1 1  3 0  0 0  0
    74  0.1520205344215866E-01   5   0 2  3 0  0 0  0
    75  0.6179967272352556       5   1 0  4 0  0 0  0
    76  -.3196734806371044E-01   5   0 1  4 0  0 0  0
    77  0.4002137154931037E-01   5   0 0  5 0  0 0  0
    78  -.4319528289456167E-02   5   4 0  0 1  0 0  0
    79  -.9809749117569246E-02   5   3 1  0 1  0 0  0
    80  -.9455538665255837E-03   5   2 2  0 1  0 0  0
    81  -.9779587679240491E-03   5   1 3  0 1  0 0  0
    82  -.3916406791831525E-04   5   0 4  0 1  0 0  0
    83  0.1235087147104594E-01   5   3 0  1 1  0 0  0
    84  -.1171903778593879E-03   5   2 1  1 1  0 0  0
    85  0.4287709486125728E-02   5   1 2  1 1  0 0  0
    86  -.8375697301027115E-03   5   0 3  1 1  0 0  0
    87  -.8198920976098076E-02   5   2 0  2 1  0 0  0
    88  -.1064703730501903E-01   5   1 1  2 1  0 0  0
    89  -.5681840451021114E-03   5   0 2  2 1  0 0  0
    90  0.1235087147104594E-01   5   1 0  3 1  0 0  0
    91  -.2874094323188789E-03   5   0 1  3 1  0 0  0
    92  -.3879392686641912E-02   5   0 0  4 1  0 0  0
    93  -.1622861918006516E-03   5   3 0  0 2  0 0  0
    94  -.4213645831062300E-01   5   2 1  0 2  0 0  0
    95  -.8112099245720037E-03   5   1 2  0 2  0 0  0
    96  -.6450895735999830E-02   5   0 3  0 2  0 0  0
    97  0.5392304324589424E-02   5   2 0  1 2  0 0  0
    98  -.7185087136208455E-04   5   1 1  1 2  0 0  0
    99  0.1436643752231014E-02   5   0 2  1 2  0 0  0
   100  -.7717666457089621E-04   5   1 0  2 2  0 0  0
   101  -.4613091394095702E-01   5   0 1  2 2  0 0  0
   102  0.4973660230864547E-02   5   0 0  3 2  0 0  0
   103  -.7958136355970676E-03   5   2 0  0 3  0 0  0
   104  -.9779587679240398E-03   5   1 1  0 3  0 0  0
   105  -.7832813583664586E-04   5   0 2  0 3  0 0  0
   106  0.4092206915597934E-02   5   1 0  1 3  0 0  0
   107  -.8375697301027104E-03   5   0 1  1 3  0 0  0
   108  -.7179242760306314E-03   5   0 0  2 3  0 0  0
   109  0.1317990276535585E-04   5   1 0  0 4  0 0  0
   110  -.3225447867999933E-02   5   0 1  0 4  0 0  0
   111  0.2293424921534566E-03   5   0 0  1 4  0 0  0
   112  -.3916406791832126E-04   5   0 0  0 5  0 0  0
   113  -.7242603500243974E-04   5   3 0  0 0  0 2  0
   114  -.4336120537790508E-01   5   2 1  0 0  0 2  0
   115  -.1235157321046496E-02   5   1 2  0 0  0 2  0
   116  -.1263365171488167E-01   5   0 3  0 0  0 2  0
   117  0.5212052368872596E-02   5   2 0  1 0  0 2  0
   118  0.1202317686445682E-03   5   1 1  1 0  0 2  0
   119  0.2835557998862169E-02   5   0 2  1 0  0 2  0
   120  -.7242603500243971E-04   5   1 0  2 0  0 2  0
   121  -.4766985973218128E-01   5   0 1  2 0  0 2  0
   122  0.5212052368872595E-02   5   0 0  3 0  0 2  0
   123  -.1193601573404862E-02   5   2 0  0 1  0 2  0
   124  -.1915094863297362E-02   5   1 1  0 1  0 2  0
   125  -.1897719626905744E-03   5   0 2  0 1  0 2  0
   126  0.4308654354276196E-02   5   1 0  1 1  0 2  0
   127  -.1237784556581269E-02   5   0 1  1 1  0 2  0
   128  -.1073369804760294E-02   5   0 0  2 1  0 2  0
   129  0.2627235534773078E-05   5   1 0  0 2  0 2  0
   130  -.1263365171488167E-01   5   0 1  0 2  0 2  0
   131  0.9204631355648083E-03   5   0 0  1 2  0 2  0
   132  -.1897719626905774E-03   5   0 0  0 3  0 2  0
   133  -.2949334130460049E-05   5   1 0  0 0  0 4  0
   134  -.3100707329550512E-02   5   0 1  0 0  0 4  0
   135  0.2313385361211388E-03   5   0 0  1 0  0 4  0
   136  -.6103593592057143E-04   5   0 0  0 1  0 4  0
   --------------------------------------------------
     I  COEFFICIENT            ORDER EXPONENTS
     1  1.0000000000000000       1   0 0  0 0  1 0  0
     2  0.1013720301665685E-02   1   0 0  0 0  0 1  0
     3  -.2690524000348217E-04   2   2 0  0 0  0 0  0
     4  0.1639350043204356E-05   2   1 1  0 0  0 0  0
     5  -.3408047302964133E-02   2   0 2  0 0  0 0  0
     6  0.5241986865283539E-03   2   0 1  1 0  0 0  0
     7  -.2690524000348217E-04   2   0 0  2 0  0 0  0
     8  -.5241986865283539E-03   2   1 0  0 1  0 0  0
     9  0.1639350043204356E-05   2   0 0  1 1  0 0  0
    10  -.3408047302964133E-02   2   0 0  0 2  0 0  0
    11  -.1036443228911942E-02   2   0 0  0 0  0 2  0
    12  0.4067906995091020E-04   3   2 0  0 0  0 1  0
    13  -.3595993714156958E-05   3   1 1  0 0  0 1  0
    14  0.5152774128321634E-02   3   0 2  0 0  0 1  0
    15  -.7925536022889303E-03   3   0 1  1 0  0 1  0
    16  0.4067906995091020E-04   3   0 0  2 0  0 1  0
    17  0.7925536022889303E-03   3   1 0  0 1  0 1  0
    18  -.3595993714156958E-05   3   0 0  1 1  0 1  0
    19  0.5152774128321634E-02   3   0 0  0 2  0 1  0
    20  0.9933152196027729E-03   3   0 0  0 0  0 3  0
    21  -.2796456445891654E-03   4   4 0  0 0  0 0  0
    22  0.2394316842131435E-04   4   3 1  0 0  0 0  0
    23  -.4013821607489484E-04   4   2 2  0 0  0 0  0
    24  0.3279644854983205E-05   4   1 3  0 0  0 0  0
    25  -.2556028530729468E-02   4   0 4  0 0  0 0  0
    26  0.2731916984208040E-02   4   2 1  1 0  0 0  0
    27  0.1753271952538950E-04   4   1 2  1 0  0 0  0
    28  0.7863372868046036E-03   4   0 3  1 0  0 0  0
    29  -.5592912891783309E-03   4   2 0  2 0  0 0  0
    30  0.2394316842131441E-04   4   1 1  2 0  0 0  0
    31  -.1210642118259987E-03   4   0 2  2 0  0 0  0
    32  0.2731916984208041E-02   4   0 1  3 0  0 0  0
    33  -.2796456445891654E-03   4   0 0  4 0  0 0  0
    34  -.2731916984208041E-02   4   3 0  0 1  0 0  0
    35  -.1753271952538965E-04   4   2 1  0 1  0 0  0
    36  -.7863372868046036E-03   4   1 2  0 1  0 0  0
    37  0.2394316842131441E-04   4   2 0  1 1  0 0  0
    38  0.1618519915022077E-03   4   1 1  1 1  0 0  0
    39  0.3279644854983280E-05   4   0 2  1 1  0 0  0
    40  -.2731916984208042E-02   4   1 0  2 1  0 0  0
    41  0.1753271952538975E-04   4   0 1  2 1  0 0  0
    42  0.2394316842131436E-04   4   0 0  3 1  0 0  0
    43  -.1210642118259987E-03   4   2 0  0 2  0 0  0
    44  0.3279644854983279E-05   4   1 1  0 2  0 0  0
    45  -.5112057061458934E-02   4   0 2  0 2  0 0  0
    46  -.1753271952538950E-04   4   1 0  1 2  0 0  0
    47  0.7863372868046036E-03   4   0 1  1 2  0 0  0
    48  -.4013821607489484E-04   4   0 0  2 2  0 0  0
    49  -.7863372868046036E-03   4   1 0  0 3  0 0  0
    50  0.3279644854983205E-05   4   0 0  1 3  0 0  0
    51  -.2556028530729468E-02   4   0 0  0 4  0 0  0
    52  -.4977295533965992E-04   4   2 0  0 0  0 2  0
    53  0.5566848291648614E-05   4   1 1  0 0  0 2  0
    54  -.6304708966092985E-02   4   0 2  0 0  0 2  0
    55  0.9697268934587545E-03   4   0 1  1 0  0 2  0
    56  -.4977295533965992E-04   4   0 0  2 0  0 2  0
    57  -.9697268934587545E-03   4   1 0  0 1  0 2  0
    58  0.5566848291648614E-05   4   0 0  1 1  0 2  0
    59  -.6304708966092985E-02   4   0 0  0 2  0 2  0
    60  -.9338725945152120E-03   4   0 0  0 0  0 4  0
    61  0.4231955388970388E-03   5   4 0  0 0  0 1  0
    62  -.5256967914037584E-04   5   3 1  0 0  0 1  0
    63  0.1154050101834434E-03   5   2 2  0 0  0 1  0
    64  -.1166491917810651E-04   5   1 3  0 0  0 1  0
    65  0.7348991137641679E-02   5   0 4  0 0  0 1  0
    66  -.4143078094810326E-02   5   2 1  1 0  0 1  0
    67  -.3760829981235405E-04   5   1 2  1 0  0 1  0
    68  -.2260832500845644E-02   5   0 3  1 0  0 1  0
    69  0.8463910777940783E-03   5   2 0  2 0  0 1  0
    70  -.5256967914037597E-04   5   1 1  2 0  0 1  0
    71  0.3480763661349933E-03   5   0 2  2 0  0 1  0
    72  -.4143078094810328E-02   5   0 1  3 0  0 1  0
    73  0.4231955388970389E-03   5   0 0  4 0  0 1  0
    74  0.4143078094810325E-02   5   3 0  0 1  0 1  0
    75  0.3760829981235468E-04   5   2 1  0 1  0 1  0
    76  0.2260832500845644E-02   5   1 2  0 1  0 1  0
    77  -.5256967914037596E-04   5   2 0  1 1  0 1  0
    78  -.4653427119030997E-03   5   1 1  1 1  0 1  0
    79  -.1166491917810661E-04   5   0 2  1 1  0 1  0
    80  0.4143078094810326E-02   5   1 0  2 1  0 1  0
    81  -.3760829981235521E-04   5   0 1  2 1  0 1  0
    82  -.5256967914037585E-04   5   0 0  3 1  0 1  0
    83  0.3480763661349933E-03   5   2 0  0 2  0 1  0
    84  -.1166491917810661E-04   5   1 1  0 2  0 1  0
    85  0.1469798227528336E-01   5   0 2  0 2  0 1  0
    86  0.3760829981235408E-04   5   1 0  1 2  0 1  0
    87  -.2260832500845644E-02   5   0 1  1 2  0 1  0
    88  0.1154050101834434E-03   5   0 0  2 2  0 1  0
    89  0.2260832500845644E-02   5   1 0  0 3  0 1  0
    90  -.1166491917810651E-04   5   0 0  1 3  0 1  0
    91  0.7348991137641679E-02   5   0 0  0 4  0 1  0
    92  0.5699671540648818E-04   5   2 0  0 0  0 3  0
    93  -.7506159997923909E-05   5   1 1  0 0  0 3  0
    94  0.7219764526458771E-02   5   0 2  0 0  0 3  0
    95  -.1110463160087851E-02   5   0 1  1 0  0 3  0
    96  0.5699671540648818E-04   5   0 0  2 0  0 3  0
    97  0.1110463160087851E-02   5   1 0  0 1  0 3  0
    98  -.7506159997923909E-05   5   0 0  1 1  0 3  0
    99  0.7219764526458771E-02   5   0 0  0 2  0 3  0
   100  0.8751725014882874E-03   5   0 0  0 0  0 5  0
   --------------------------------------------------
     I  COEFFICIENT            ORDER EXPONENTS
     1  1.0000000000000000       1   0 0  0 0  0 1  0
     ------------------------------------------------
     ALL COMPONENTS ZERO 
     ------------------- 
     ALL COMPONENTS ZERO 
     ------------------- 
