 L    0.3793416666666660E-01
 P (  0.0000000000000000E+00,  0.0000000000000000E+00,  0.1934642499999999E+01)
 A (  0.0000000000000000E+00,  0.0000000000000000E+00,  0.0000000000000000E+00)
     I  COEFFICIENT            ORDER EXPONENTS
     1  0.9999896305498744       1   1 0  0 0  0 0  0
     2  0.3784808886747731E-01   1   0 1  0 0  0 0  0
     3  0.3514489977319554E-03   1   0 0  1 0  0 0  0
     4  0.2211690125931970E-02   1   0 0  0 1  0 0  0
     5  0.1412932195077282E-04   2   1 0  0 0  0 1  0
     6  -.2568038237391094E-01   2   0 1  0 0  0 1  0
     7  -.2392184296335550E-03   2   0 0  1 0  0 1  0
     8  -.3011598475424301E-02   2   0 0  0 1  0 1  0
     9  -.1201593504283439E-06   3   3 0  0 0  0 0  0
    10  0.1059239341698251E-02   3   2 1  0 0  0 0  0
    11  0.3974420292055514E-04   3   1 2  0 0  0 0  0
    12  0.1883855630738642E-01   3   0 3  0 0  0 0  0
    13  0.2074186248067331E-02   3   2 0  1 0  0 0  0
    14  0.7563086020546557E-04   3   1 1  1 0  0 0  0
    15  0.5240034363354789E-03   3   0 2  1 0  0 0  0
    16  -.1201593504283588E-06   3   1 0  2 0  0 0  0
    17  0.1061423665414556E-02   3   0 1  2 0  0 0  0
    18  0.2074186248067334E-02   3   0 0  3 0  0 0  0
    19  -.1353974139995187E-01   3   2 0  0 1  0 0  0
    20  -.6849616781582127E-03   3   1 1  0 1  0 0  0
    21  0.2206001843277385E-02   3   0 2  0 1  0 0  0
    22  -.2184323716305253E-05   3   1 0  1 1  0 0  0
    23  0.1008696853529278E-03   3   0 1  1 1  0 0  0
    24  -.1346411053974642E-01   3   0 0  2 1  0 0  0
    25  -.6112548243237272E-04   3   1 0  0 2  0 0  0
    26  0.1883855630738642E-01   3   0 1  0 2  0 0  0
    27  -.1609582418227331E-03   3   0 0  1 2  0 0  0
    28  0.2206001843277385E-02   3   0 0  0 3  0 0  0
    29  -.1548783009033784E-04   3   1 0  0 0  0 2  0
    30  0.1929387813379796E-01   3   0 1  0 0  0 2  0
    31  0.1805024134599508E-03   3   0 0  1 0  0 2  0
    32  0.3298389592844295E-02   3   0 0  0 1  0 2  0
    33  0.2449349799129176E-06   4   3 0  0 0  0 1  0
    34  -.2163941349788727E-02   4   2 1  0 0  0 1  0
    35  -.1080664316706453E-03   4   1 2  0 0  0 1  0
    36  -.3834664534043242E-01   4   0 3  0 0  0 1  0
    37  -.1415816764868982E-02   4   2 0  1 0  0 1  0
    38  -.1031557171328126E-03   4   1 1  1 0  0 1  0
    39  -.1065532787582074E-02   4   0 2  1 0  0 1  0
    40  0.2449349799129448E-06   4   1 0  2 0  0 1  0
    41  -.2168404439573431E-02   4   0 1  2 0  0 1  0
    42  -.1415816764868983E-02   4   0 0  3 0  0 1  0
    43  0.1839373766563111E-01   4   2 0  0 1  0 1  0
    44  0.1389711337653585E-02   4   1 1  0 1  0 1  0
    45  -.6007750026079809E-02   4   0 2  0 1  0 1  0
    46  0.4463089784703852E-05   4   1 0  1 1  0 1  0
    47  -.2744017764706448E-03   4   0 1  1 1  0 1  0
    48  0.1829058194849829E-01   4   0 0  2 1  0 1  0
    49  0.1663353447999996E-03   4   1 0  0 2  0 1  0
    50  -.3834664534043242E-01   4   0 1  0 2  0 1  0
    51  0.3241785500715119E-03   4   0 0  1 2  0 1  0
    52  -.6007750026079809E-02   4   0 0  0 3  0 1  0
    53  0.1597388693781507E-04   4   1 0  0 0  0 3  0
    54  -.1562762660448338E-01   4   0 1  0 0  0 3  0
    55  -.1469228316315992E-03   4   0 0  1 0  0 3  0
    56  -.3398688217720237E-02   4   0 0  0 1  0 3  0
    57  0.5217932827810878E-03   5   5 0  0 0  0 0  0
    58  -.2977682648363751E-03   5   4 1  0 0  0 0  0
    59  -.2130813314168979E-04   5   3 2  0 0  0 0  0
    60  0.1590327426764833E-02   5   2 3  0 0  0 0  0
    61  0.8971927275844718E-04   5   1 4  0 0  0 0  0
    62  0.1406538909494060E-01   5   0 5  0 0  0 0  0
    63  -.5278578169966943E-02   5   4 0  1 0  0 0  0
    64  -.8947643900144818E-03   5   3 1  1 0  0 0  0
    65  0.3101372550918110E-02   5   2 2  1 0  0 0  0
    66  0.1522247781590720E-03   5   1 3  1 0  0 0  0
    67  0.6510674609590449E-03   5   0 4  1 0  0 0  0
    68  0.1043586565562176E-02   5   3 0  2 0  0 0  0
    69  -.5340479044302113E-03   5   2 1  2 0  0 0  0
    70  -.1733637753913911E-04   5   1 2  2 0  0 0  0
    71  0.1596494076820439E-02   5   0 3  2 0  0 0  0
    72  -.1055715633993389E-01   5   2 0  3 0  0 0  0
    73  -.8947643900144836E-03   5   1 1  3 0  0 0  0
    74  0.3125344553830192E-02   5   0 2  3 0  0 0  0
    75  0.5217932827810874E-03   5   1 0  4 0  0 0  0
    76  -.2362796395938319E-03   5   0 1  4 0  0 0  0
    77  -.5278578169966941E-02   5   0 0  5 0  0 0  0
    78  -.3662444639756886E-01   5   4 0  0 1  0 0  0
    79  -.4002124642689375E-02   5   3 1  0 1  0 0  0
    80  -.1362497509547237E-01   5   2 2  0 1  0 0  0
    81  -.1021144735480443E-02   5   1 3  0 1  0 0  0
    82  0.2200352416682495E-02   5   0 4  0 1  0 0  0
    83  -.6148862524254332E-04   5   3 0  1 1  0 0  0
    84  -.3728968841663272E-04   5   2 1  1 1  0 0  0
    85  -.7754703809189974E-05   5   1 2  1 1  0 0  0
    86  0.2013859135681511E-03   5   0 3  1 1  0 0  0
    87  -.7414365718515208E-01   5   2 0  2 1  0 0  0
    88  -.4050068648513537E-02   5   1 1  2 1  0 0  0
    89  -.1335777747369890E-01   5   0 2  2 1  0 0  0
    90  -.6148862524254318E-04   5   1 0  3 1  0 0  0
    91  -.2934617721153362E-04   5   0 1  3 1  0 0  0
    92  -.3751921078758334E-01   5   0 0  4 1  0 0  0
    93  0.1200979967239387E-04   5   3 0  0 2  0 0  0
    94  0.1591915480518419E-02   5   2 1  0 2  0 0  0
    95  -.2194736805125924E-04   5   1 2  0 2  0 0  0
    96  0.2813077818988119E-01   5   0 3  0 2  0 0  0
    97  -.8767800888591831E-03   5   2 0  1 2  0 0  0
    98  -.7772090906973403E-04   5   1 1  1 2  0 0  0
    99  0.2809901864376487E-03   5   0 2  1 2  0 0  0
   100  0.8038044069844150E-05   5   1 0  2 2  0 0  0
   101  0.1594906023066855E-02   5   0 1  2 2  0 0  0
   102  -.9007520917712629E-03   5   0 0  3 2  0 0  0
   103  -.1351000225185795E-01   5   2 0  0 3  0 0  0
   104  -.1021144735480442E-02   5   1 1  0 3  0 0  0
   105  0.4400704833364987E-02   5   0 2  0 3  0 0  0
   106  -.4578596302020463E-05   5   1 0  1 3  0 0  0
   107  0.2013859135681514E-03   5   0 1  1 3  0 0  0
   108  -.1347275031731329E-01   5   0 0  2 3  0 0  0
   109  -.1116666408097051E-03   5   1 0  0 4  0 0  0
   110  0.1406538909494060E-01   5   0 1  0 4  0 0  0
   111  -.3700772745213968E-03   5   0 0  1 4  0 0  0
   112  0.2200352416682495E-02   5   0 0  0 5  0 0  0
   113  -.3791794778938987E-06   5   3 0  0 0  0 2  0
   114  0.3107397357618729E-02   5   2 1  0 0  0 2  0
   115  0.1915839268079653E-03   5   1 2  0 0  0 2  0
   116  0.5482851225173774E-01   5   0 3  0 0  0 2  0
   117  0.1072391189254548E-02   5   2 0  1 0  0 2  0
   118  0.1132126439268975E-03   5   1 1  1 0  0 2  0
   119  0.1521644709816269E-02   5   0 2  1 0  0 2  0
   120  -.3791794778939203E-06   5   1 0  2 0  0 2  0
   121  0.3113807485705795E-02   5   0 1  2 0  0 2  0
   122  0.1072391189254549E-02   5   0 0  3 0  0 2  0
   123  -.2008677653661288E-01   5   2 0  0 1  0 2  0
   124  -.1979254746201656E-02   5   1 1  0 1  0 2  0
   125  0.1067024364718739E-01   5   0 2  0 1  0 2  0
   126  -.6410128087067971E-05   5   1 0  1 1  0 2  0
   127  0.4867396603275539E-03   5   0 1  1 1  0 2  0
   128  -.1997356389268602E-01   5   0 0  2 1  0 2  0
   129  -.2951557335195887E-03   5   1 0  0 2  0 2  0
   130  0.5482851225173774E-01   5   0 1  0 2  0 2  0
   131  -.4576100363853872E-03   5   0 0  1 2  0 2  0
   132  0.1067024364718739E-01   5   0 0  0 3  0 2  0
   133  -.1614297106160852E-04   5   1 0  0 0  0 4  0
   134  0.1332311271786877E-01   5   0 1  0 0  0 4  0
   135  0.1259046414356495E-03   5   0 0  1 0  0 4  0
   136  0.3431207938703299E-02   5   0 0  0 1  0 4  0
   --------------------------------------------------
     I  COEFFICIENT            ORDER EXPONENTS
     1  -.1090553991914673E-02   1   1 0  0 0  0 0  0
     2  0.9931429791580567       1   0 1  0 0  0 0  0
     3  0.2755201817542741E-01   1   0 0  1 0  0 0  0
     4  0.1171667811467012       1   0 0  0 1  0 0  0
     5  0.7422990018798274E-03   2   1 0  0 0  0 1  0
     6  0.9337003605277406E-02   2   0 1  0 0  0 1  0
     7  0.4386996062403856E-04   2   0 0  1 0  0 1  0
     8  -.7949819837138732E-01   2   0 0  0 1  0 1  0
     9  0.1022259212836252E-03   3   3 0  0 0  0 0  0
    10  0.8335563000062227E-01   3   2 1  0 0  0 0  0
    11  0.2581682623185718E-02   3   1 2  0 0  0 0  0
    12  -.6809863589731555E-02   3   0 3  0 0  0 0  0
    13  0.1583214654762232       3   2 0  1 0  0 0  0
    14  0.7828886272318796E-02   3   1 1  1 0  0 0  0
    15  -.1687827918069578E-03   3   0 2  1 0  0 0  0
    16  0.1022259212836238E-03   3   1 0  2 0  0 0  0
    17  0.8288063555584801E-01   3   0 1  2 0  0 0  0
    18  0.1583214654762232       3   0 0  3 0  0 0  0
    19  -.7054952150167286       3   2 0  0 1  0 0  0
    20  -.2620017014488974E-01   3   1 1  0 1  0 0  0
    21  0.5798348453838648E-01   3   0 2  0 1  0 0  0
    22  0.4749944447742614E-03   3   1 0  1 1  0 0  0
    23  0.5225657624891252E-02   3   0 1  1 1  0 0  0
    24  -.6976663287444098       3   0 0  2 1  0 0  0
    25  -.2643975001705532E-02   3   1 0  0 2  0 0  0
    26  -.6809863589731555E-02   3   0 1  0 2  0 0  0
    27  -.2636895293669670E-01   3   0 0  1 2  0 0  0
    28  0.5798348453838648E-01   3   0 0  0 3  0 0  0
    29  -.5601010828774561E-03   3   1 0  0 0  0 2  0
    30  -.1022613442028214E-01   3   0 1  0 0  0 2  0
    31  -.4808795551551071E-04   3   0 0  1 0  0 2  0
    32  0.5972674610259909E-01   3   0 0  0 1  0 2  0
    33  -.5712044400903134E-04   4   3 0  0 0  0 1  0
    34  -.1133683901902588       4   2 1  0 0  0 1  0
    35  -.5256035325551619E-02   4   1 2  0 0  0 1  0
    36  0.1854571901064773E-01   4   0 3  0 0  0 1  0
    37  -.2602021125414014E-03   4   2 0  1 0  0 1  0
    38  -.5305181545638574E-02   4   1 1  1 0  0 1  0
    39  0.6103968384100908E-03   4   0 2  1 0  0 1  0
    40  -.5712044400903051E-04   4   1 0  2 0  0 1  0
    41  -.1127217626387096       4   0 1  2 0  0 1  0
    42  -.2602021125414014E-03   4   0 0  3 0  0 1  0
    43  0.4741805954354668       4   2 0  0 1  0 1  0
    44  0.3500458918491919E-01   4   1 1  0 1  0 1  0
    45  -.1180255110073538       4   0 2  0 1  0 1  0
    46  -.6466275515492580E-03   4   1 0  1 1  0 1  0
    47  -.1063731636231677E-01   4   0 1  1 1  0 1  0
    48  0.4688754138898282       4   0 0  2 1  0 1  0
    49  0.5381281036765154E-02   4   1 0  0 2  0 1  0
    50  0.1854571901064773E-01   4   0 1  0 2  0 1  0
    51  0.3561498602332928E-01   4   0 0  1 2  0 1  0
    52  -.1180255110073538       4   0 0  0 3  0 1  0
    53  0.4559022467262013E-03   4   1 0  0 0  0 3  0
    54  0.1053706945300525E-01   4   0 1  0 0  0 3  0
    55  0.4959708298292065E-04   4   0 0  1 0  0 3  0
    56  -.4837655433720033E-01   4   0 0  0 1  0 3  0
    57  0.7380178325573569E-01   5   5 0  0 0  0 0  0
    58  -.1349456807804520E-01   5   4 1  0 0  0 0  0
    59  -.6108524474308921E-03   5   3 2  0 0  0 0  0
    60  0.8326551758422243E-01   5   2 3  0 0  0 0  0
    61  0.4267764131274398E-02   5   1 4  0 0  0 0  0
    62  -.6762865726552983E-02   5   0 5  0 0  0 0  0
    63  -.9253144079596964       5   4 0  1 0  0 0  0
    64  -.1194351727894780       5   3 1  1 0  0 0  0
    65  -.3700526285952589E-02   5   2 2  1 0  0 0  0
    66  0.3837877507296597E-02   5   1 3  1 0  0 0  0
    67  -.4155308880461824E-03   5   0 4  1 0  0 0  0
    68  0.1476035665114714       5   3 0  2 0  0 0  0
    69  -.2781967487361335E-01   5   2 1  2 0  0 0  0
    70  -.4029213057327497E-03   5   1 2  2 0  0 0  0
    71  0.8267959942089180E-01   5   0 3  2 0  0 0  0
    72  -1.850628815919393       5   2 0  3 0  0 0  0
    73  -.1194351727894780       5   1 1  3 0  0 0  0
    74  -.7805769597667811E-04   5   0 2  3 0  0 0  0
    75  0.7380178325573568E-01   5   1 0  4 0  0 0  0
    76  -.1432510679556753E-01   5   0 1  4 0  0 0  0
    77  -.9253144079596967       5   0 0  5 0  0 0  0
    78  -1.992164449315787       5   4 0  0 1  0 0  0
    79  -.1573244875166300       5   3 1  0 1  0 0  0
    80  -.3538995129994991       5   2 2  0 1  0 0  0
    81  -.2579390446278605E-01   5   1 3  0 1  0 0  0
    82  0.4304023135095784E-01   5   0 4  0 1  0 0  0
    83  0.8305387175224589E-03   5   3 0  1 1  0 0  0
    84  -.1202082794193024E-02   5   2 1  1 1  0 0  0
    85  0.6813321983932407E-03   5   1 2  1 1  0 0  0
    86  0.7805295147685366E-02   5   0 3  1 1  0 0  0
    87  -4.103764071421050       5   2 0  2 1  0 0  0
    88  -.1645694246965818       5   1 1  2 1  0 0  0
    89  -.3459621114240835       5   0 2  2 1  0 0  0
    90  0.8305387175224608E-03   5   1 0  3 1  0 0  0
    91  -.7862205107967779E-03   5   0 1  3 1  0 0  0
    92  -2.111599622105264       5   0 0  4 1  0 0  0
    93  0.3832992050640191E-03   5   3 0  0 2  0 0  0
    94  0.8317010354915993E-01   5   2 1  0 2  0 0  0
    95  0.7302331148633008E-03   5   1 2  0 2  0 0  0
    96  -.1352573145310593E-01   5   0 3  0 2  0 0  0
    97  -.1574025452126067       5   2 0  1 2  0 0  0
    98  -.4361170628941446E-02   5   1 1  1 2  0 0  0
    99  -.2662496623887840E-01   5   0 2  1 2  0 0  0
   100  0.1753680633659194E-03   5   1 0  2 2  0 0  0
   101  0.8277501345595441E-01   5   0 1  2 2  0 0  0
   102  -.1610250138025826       5   0 0  3 2  0 0  0
   103  -.3497999889313801       5   2 0  0 3  0 0  0
   104  -.2579390446278605E-01   5   1 1  0 3  0 0  0
   105  0.8608046270191569E-01   5   0 2  0 3  0 0  0
   106  0.4905041282680866E-03   5   1 0  1 3  0 0  0
   107  0.7805295147685367E-02   5   0 1  1 3  0 0  0
   108  -.3500616354922025       5   0 0  2 3  0 0  0
   109  -.3537531016411029E-02   5   1 0  0 4  0 0  0
   110  -.6762865726552970E-02   5   0 1  0 4  0 0  0
   111  -.2620943535083221E-01   5   0 0  1 4  0 0  0
   112  0.4304023135095784E-01   5   0 0  0 5  0 0  0
   113  0.3035409184319102E-04   5   3 0  0 0  0 2  0
   114  0.1239806609486176       5   2 1  0 0  0 2  0
   115  0.7516745099655819E-02   5   1 2  0 0  0 2  0
   116  -.3293861452138874E-01   5   0 3  0 0  0 2  0
   117  0.2848725556293516E-03   5   2 0  1 0  0 2  0
   118  0.3978837666527390E-02   5   1 1  1 0  0 2  0
   119  -.1186183010681585E-02   5   0 2  1 0  0 2  0
   120  0.3035409184319160E-04   5   1 0  2 0  0 2  0
   121  0.1232726733239135       5   0 1  2 0  0 2  0
   122  0.2848725556293516E-03   5   0 0  3 0  0 2  0
   123  -.3516359476840368       5   2 0  0 1  0 2  0
   124  -.3742498683341333E-01   5   1 1  0 1  0 2  0
   125  0.1687505467442207       5   0 2  0 1  0 2  0
   126  0.7079876247039408E-03   5   1 0  1 1  0 2  0
   127  0.1520991056987496E-01   5   0 1  1 1  0 2  0
   128  -.3476571100175095       5   0 0  2 1  0 2  0
   129  -.7693165470219140E-02   5   1 0  0 2  0 2  0
   130  -.3293861452138874E-01   5   0 1  0 2  0 2  0
   131  -.3861116984409491E-01   5   0 0  1 2  0 2  0
   132  0.1687505467442207       5   0 0  0 3  0 2  0
   133  -.3906818026585977E-03   5   1 0  0 0  0 4  0
   134  -.1063786460432400E-01   5   0 1  0 0  0 4  0
   135  -.5012204405364548E-04   5   0 0  1 0  0 4  0
   136  0.4124200597333574E-01   5   0 0  0 1  0 4  0
   --------------------------------------------------
     I  COEFFICIENT            ORDER EXPONENTS
     1  -.3514489977319554E-03   1   1 0  0 0  0 0  0
     2  -.2211690125931970E-02   1   0 1  0 0  0 0  0
     3  0.9999896305498744       1   0 0  1 0  0 0  0
     4  0.3784808886747731E-01   1   0 0  0 1  0 0  0
     5  0.2392184296335550E-03   2   1 0  0 0  0 1  0
     6  0.3011598475424301E-02   2   0 1  0 0  0 1  0
     7  0.1412932195077282E-04   2   0 0  1 0  0 1  0
     8  -.2568038237391094E-01   2   0 0  0 1  0 1  0
     9  -.2074186248067331E-02   3   3 0  0 0  0 0  0
    10  0.1346411053974642E-01   3   2 1  0 0  0 0  0
    11  0.1609582418227331E-03   3   1 2  0 0  0 0  0
    12  -.2206001843277385E-02   3   0 3  0 0  0 0  0
    13  -.1201593504283420E-06   3   2 0  1 0  0 0  0
    14  -.2184323716305246E-05   3   1 1  1 0  0 0  0
    15  -.6112548243237273E-04   3   0 2  1 0  0 0  0
    16  -.2074186248067332E-02   3   1 0  2 0  0 0  0
    17  0.1353974139995187E-01   3   0 1  2 0  0 0  0
    18  -.1201593504283502E-06   3   0 0  3 0  0 0  0
    19  0.1061423665414556E-02   3   2 0  0 1  0 0  0
    20  0.1008696853529278E-03   3   1 1  0 1  0 0  0
    21  0.1883855630738642E-01   3   0 2  0 1  0 0  0
    22  -.7563086020546553E-04   3   1 0  1 1  0 0  0
    23  0.6849616781582127E-03   3   0 1  1 1  0 0  0
    24  0.1059239341698251E-02   3   0 0  2 1  0 0  0
    25  -.5240034363354790E-03   3   1 0  0 2  0 0  0
    26  -.2206001843277385E-02   3   0 1  0 2  0 0  0
    27  0.3974420292055514E-04   3   0 0  1 2  0 0  0
    28  0.1883855630738642E-01   3   0 0  0 3  0 0  0
    29  -.1805024134599508E-03   3   1 0  0 0  0 2  0
    30  -.3298389592844295E-02   3   0 1  0 0  0 2  0
    31  -.1548783009033784E-04   3   0 0  1 0  0 2  0
    32  0.1929387813379796E-01   3   0 0  0 1  0 2  0
    33  0.1415816764868982E-02   4   3 0  0 0  0 1  0
    34  -.1829058194849829E-01   4   2 1  0 0  0 1  0
    35  -.3241785500715119E-03   4   1 2  0 0  0 1  0
    36  0.6007750026079809E-02   4   0 3  0 0  0 1  0
    37  0.2449349799129176E-06   4   2 0  1 0  0 1  0
    38  0.4463089784703843E-05   4   1 1  1 0  0 1  0
    39  0.1663353447999995E-03   4   0 2  1 0  0 1  0
    40  0.1415816764868982E-02   4   1 0  2 0  0 1  0
    41  -.1839373766563111E-01   4   0 1  2 0  0 1  0
    42  0.2449349799129230E-06   4   0 0  3 0  0 1  0
    43  -.2168404439573431E-02   4   2 0  0 1  0 1  0
    44  -.2744017764706448E-03   4   1 1  0 1  0 1  0
    45  -.3834664534043242E-01   4   0 2  0 1  0 1  0
    46  0.1031557171328126E-03   4   1 0  1 1  0 1  0
    47  -.1389711337653586E-02   4   0 1  1 1  0 1  0
    48  -.2163941349788727E-02   4   0 0  2 1  0 1  0
    49  0.1065532787582074E-02   4   1 0  0 2  0 1  0
    50  0.6007750026079809E-02   4   0 1  0 2  0 1  0
    51  -.1080664316706453E-03   4   0 0  1 2  0 1  0
    52  -.3834664534043242E-01   4   0 0  0 3  0 1  0
    53  0.1469228316315992E-03   4   1 0  0 0  0 3  0
    54  0.3398688217720237E-02   4   0 1  0 0  0 3  0
    55  0.1597388693781507E-04   4   0 0  1 0  0 3  0
    56  -.1562762660448338E-01   4   0 0  0 1  0 3  0
    57  0.5278578169966942E-02   5   5 0  0 0  0 0  0
    58  0.3751921078758335E-01   5   4 1  0 0  0 0  0
    59  0.9007520917712642E-03   5   3 2  0 0  0 0  0
    60  0.1347275031731329E-01   5   2 3  0 0  0 0  0
    61  0.3700772745213968E-03   5   1 4  0 0  0 0  0
    62  -.2200352416682495E-02   5   0 5  0 0  0 0  0
    63  0.5217932827810874E-03   5   4 0  1 0  0 0  0
    64  -.6148862524254320E-04   5   3 1  1 0  0 0  0
    65  0.8038044069844316E-05   5   2 2  1 0  0 0  0
    66  -.4578596302020474E-05   5   1 3  1 0  0 0  0
    67  -.1116666408097051E-03   5   0 4  1 0  0 0  0
    68  0.1055715633993389E-01   5   3 0  2 0  0 0  0
    69  0.7414365718515198E-01   5   2 1  2 0  0 0  0
    70  0.8767800888591856E-03   5   1 2  2 0  0 0  0
    71  0.1351000225185795E-01   5   0 3  2 0  0 0  0
    72  0.1043586565562175E-02   5   2 0  3 0  0 0  0
    73  -.6148862524254335E-04   5   1 1  3 0  0 0  0
    74  0.1200979967239373E-04   5   0 2  3 0  0 0  0
    75  0.5278578169966941E-02   5   1 0  4 0  0 0  0
    76  0.3662444639756885E-01   5   0 1  4 0  0 0  0
    77  0.5217932827810885E-03   5   0 0  5 0  0 0  0
    78  -.2362796395938319E-03   5   4 0  0 1  0 0  0
    79  -.2934617721153399E-04   5   3 1  0 1  0 0  0
    80  0.1594906023066854E-02   5   2 2  0 1  0 0  0
    81  0.2013859135681513E-03   5   1 3  0 1  0 0  0
    82  0.1406538909494060E-01   5   0 4  0 1  0 0  0
    83  0.8947643900144823E-03   5   3 0  1 1  0 0  0
    84  0.4050068648513535E-02   5   2 1  1 1  0 0  0
    85  0.7772090906973414E-04   5   1 2  1 1  0 0  0
    86  0.1021144735480442E-02   5   0 3  1 1  0 0  0
    87  -.5340479044302120E-03   5   2 0  2 1  0 0  0
    88  -.3728968841663258E-04   5   1 1  2 1  0 0  0
    89  0.1591915480518419E-02   5   0 2  2 1  0 0  0
    90  0.8947643900144810E-03   5   1 0  3 1  0 0  0
    91  0.4002124642689378E-02   5   0 1  3 1  0 0  0
    92  -.2977682648363763E-03   5   0 0  4 1  0 0  0
    93  -.3125344553830190E-02   5   3 0  0 2  0 0  0
    94  0.1335777747369890E-01   5   2 1  0 2  0 0  0
    95  -.2809901864376485E-03   5   1 2  0 2  0 0  0
    96  -.4400704833364987E-02   5   0 3  0 2  0 0  0
    97  -.1733637753913911E-04   5   2 0  1 2  0 0  0
    98  -.7754703809189975E-05   5   1 1  1 2  0 0  0
    99  -.2194736805125924E-04   5   0 2  1 2  0 0  0
   100  -.3101372550918110E-02   5   1 0  2 2  0 0  0
   101  0.1362497509547237E-01   5   0 1  2 2  0 0  0
   102  -.2130813314168962E-04   5   0 0  3 2  0 0  0
   103  0.1596494076820439E-02   5   2 0  0 3  0 0  0
   104  0.2013859135681512E-03   5   1 1  0 3  0 0  0
   105  0.2813077818988119E-01   5   0 2  0 3  0 0  0
   106  -.1522247781590719E-03   5   1 0  1 3  0 0  0
   107  0.1021144735480443E-02   5   0 1  1 3  0 0  0
   108  0.1590327426764833E-02   5   0 0  2 3  0 0  0
   109  -.6510674609590449E-03   5   1 0  0 4  0 0  0
   110  -.2200352416682495E-02   5   0 1  0 4  0 0  0
   111  0.8971927275844718E-04   5   0 0  1 4  0 0  0
   112  0.1406538909494060E-01   5   0 0  0 5  0 0  0
   113  -.1072391189254548E-02   5   3 0  0 0  0 2  0
   114  0.1997356389268602E-01   5   2 1  0 0  0 2  0
   115  0.4576100363853872E-03   5   1 2  0 0  0 2  0
   116  -.1067024364718739E-01   5   0 3  0 0  0 2  0
   117  -.3791794778939017E-06   5   2 0  1 0  0 2  0
   118  -.6410128087067969E-05   5   1 1  1 0  0 2  0
   119  -.2951557335195887E-03   5   0 2  1 0  0 2  0
   120  -.1072391189254548E-02   5   1 0  2 0  0 2  0
   121  0.2008677653661289E-01   5   0 1  2 0  0 2  0
   122  -.3791794778938948E-06   5   0 0  3 0  0 2  0
   123  0.3113807485705797E-02   5   2 0  0 1  0 2  0
   124  0.4867396603275541E-03   5   1 1  0 1  0 2  0
   125  0.5482851225173774E-01   5   0 2  0 1  0 2  0
   126  -.1132126439268975E-03   5   1 0  1 1  0 2  0
   127  0.1979254746201657E-02   5   0 1  1 1  0 2  0
   128  0.3107397357618729E-02   5   0 0  2 1  0 2  0
   129  -.1521644709816269E-02   5   1 0  0 2  0 2  0
   130  -.1067024364718739E-01   5   0 1  0 2  0 2  0
   131  0.1915839268079653E-03   5   0 0  1 2  0 2  0
   132  0.5482851225173774E-01   5   0 0  0 3  0 2  0
   133  -.1259046414356495E-03   5   1 0  0 0  0 4  0
   134  -.3431207938703299E-02   5   0 1  0 0  0 4  0
   135  -.1614297106160852E-04   5   0 0  1 0  0 4  0
   136  0.1332311271786877E-01   5   0 0  0 1  0 4  0
   --------------------------------------------------
     I  COEFFICIENT            ORDER EXPONENTS
     1  -.2755201817542741E-01   1   1 0  0 0  0 0  0
     2  -.1171667811467012       1   0 1  0 0  0 0  0
     3  -.1090553991914673E-02   1   0 0  1 0  0 0  0
     4  0.9931429791580567       1   0 0  0 1  0 0  0
     5  -.4386996062403856E-04   2   1 0  0 0  0 1  0
     6  0.7949819837138732E-01   2   0 1  0 0  0 1  0
     7  0.7422990018798274E-03   2   0 0  1 0  0 1  0
     8  0.9337003605277406E-02   2   0 0  0 1  0 1  0
     9  -.1583214654762232       3   3 0  0 0  0 0  0
    10  0.6976663287444098       3   2 1  0 0  0 0  0
    11  0.2636895293669670E-01   3   1 2  0 0  0 0  0
    12  -.5798348453838648E-01   3   0 3  0 0  0 0  0
    13  0.1022259212836252E-03   3   2 0  1 0  0 0  0
    14  0.4749944447742613E-03   3   1 1  1 0  0 0  0
    15  -.2643975001705532E-02   3   0 2  1 0  0 0  0
    16  -.1583214654762232       3   1 0  2 0  0 0  0
    17  0.7054952150167286       3   0 1  2 0  0 0  0
    18  0.1022259212836201E-03   3   0 0  3 0  0 0  0
    19  0.8288063555584801E-01   3   2 0  0 1  0 0  0
    20  0.5225657624891252E-02   3   1 1  0 1  0 0  0
    21  -.6809863589731555E-02   3   0 2  0 1  0 0  0
    22  -.7828886272318800E-02   3   1 0  1 1  0 0  0
    23  0.2620017014488974E-01   3   0 1  1 1  0 0  0
    24  0.8335563000062227E-01   3   0 0  2 1  0 0  0
    25  0.1687827918069578E-03   3   1 0  0 2  0 0  0
    26  -.5798348453838648E-01   3   0 1  0 2  0 0  0
    27  0.2581682623185718E-02   3   0 0  1 2  0 0  0
    28  -.6809863589731555E-02   3   0 0  0 3  0 0  0
    29  0.4808795551551071E-04   3   1 0  0 0  0 2  0
    30  -.5972674610259909E-01   3   0 1  0 0  0 2  0
    31  -.5601010828774561E-03   3   0 0  1 0  0 2  0
    32  -.1022613442028214E-01   3   0 0  0 1  0 2  0
    33  0.2602021125414014E-03   4   3 0  0 0  0 1  0
    34  -.4688754138898282       4   2 1  0 0  0 1  0
    35  -.3561498602332928E-01   4   1 2  0 0  0 1  0
    36  0.1180255110073538       4   0 3  0 0  0 1  0
    37  -.5712044400903130E-04   4   2 0  1 0  0 1  0
    38  -.6466275515492578E-03   4   1 1  1 0  0 1  0
    39  0.5381281036765154E-02   4   0 2  1 0  0 1  0
    40  0.2602021125414012E-03   4   1 0  2 0  0 1  0
    41  -.4741805954354669       4   0 1  2 0  0 1  0
    42  -.5712044400902828E-04   4   0 0  3 0  0 1  0
    43  -.1127217626387096       4   2 0  0 1  0 1  0
    44  -.1063731636231677E-01   4   1 1  0 1  0 1  0
    45  0.1854571901064773E-01   4   0 2  0 1  0 1  0
    46  0.5305181545638576E-02   4   1 0  1 1  0 1  0
    47  -.3500458918491918E-01   4   0 1  1 1  0 1  0
    48  -.1133683901902588       4   0 0  2 1  0 1  0
    49  -.6103968384100908E-03   4   1 0  0 2  0 1  0
    50  0.1180255110073538       4   0 1  0 2  0 1  0
    51  -.5256035325551619E-02   4   0 0  1 2  0 1  0
    52  0.1854571901064773E-01   4   0 0  0 3  0 1  0
    53  -.4959708298292065E-04   4   1 0  0 0  0 3  0
    54  0.4837655433720033E-01   4   0 1  0 0  0 3  0
    55  0.4559022467262013E-03   4   0 0  1 0  0 3  0
    56  0.1053706945300525E-01   4   0 0  0 1  0 3  0
    57  0.9253144079596965       5   5 0  0 0  0 0  0
    58   2.111599622105265       5   4 1  0 0  0 0  0
    59  0.1610250138025826       5   3 2  0 0  0 0  0
    60  0.3500616354922025       5   2 3  0 0  0 0  0
    61  0.2620943535083221E-01   5   1 4  0 0  0 0  0
    62  -.4304023135095784E-01   5   0 5  0 0  0 0  0
    63  0.7380178325573568E-01   5   4 0  1 0  0 0  0
    64  0.8305387175224591E-03   5   3 1  1 0  0 0  0
    65  0.1753680633659257E-03   5   2 2  1 0  0 0  0
    66  0.4905041282680862E-03   5   1 3  1 0  0 0  0
    67  -.3537531016411030E-02   5   0 4  1 0  0 0  0
    68   1.850628815919394       5   3 0  2 0  0 0  0
    69   4.103764071421050       5   2 1  2 0  0 0  0
    70  0.1574025452126067       5   1 2  2 0  0 0  0
    71  0.3497999889313801       5   0 3  2 0  0 0  0
    72  0.1476035665114714       5   2 0  3 0  0 0  0
    73  0.8305387175224646E-03   5   1 1  3 0  0 0  0
    74  0.3832992050640097E-03   5   0 2  3 0  0 0  0
    75  0.9253144079596964       5   1 0  4 0  0 0  0
    76   1.992164449315786       5   0 1  4 0  0 0  0
    77  0.7380178325573573E-01   5   0 0  5 0  0 0  0
    78  -.1432510679556750E-01   5   4 0  0 1  0 0  0
    79  -.7862205107967916E-03   5   3 1  0 1  0 0  0
    80  0.8277501345595439E-01   5   2 2  0 1  0 0  0
    81  0.7805295147685364E-02   5   1 3  0 1  0 0  0
    82  -.6762865726552970E-02   5   0 4  0 1  0 0  0
    83  0.1194351727894780       5   3 0  1 1  0 0  0
    84  0.1645694246965818       5   2 1  1 1  0 0  0
    85  0.4361170628941446E-02   5   1 2  1 1  0 0  0
    86  0.2579390446278605E-01   5   0 3  1 1  0 0  0
    87  -.2781967487361309E-01   5   2 0  2 1  0 0  0
    88  -.1202082794193020E-02   5   1 1  2 1  0 0  0
    89  0.8317010354915992E-01   5   0 2  2 1  0 0  0
    90  0.1194351727894780       5   1 0  3 1  0 0  0
    91  0.1573244875166300       5   0 1  3 1  0 0  0
    92  -.1349456807804526E-01   5   0 0  4 1  0 0  0
    93  0.7805769597667794E-04   5   3 0  0 2  0 0  0
    94  0.3459621114240835       5   2 1  0 2  0 0  0
    95  0.2662496623887842E-01   5   1 2  0 2  0 0  0
    96  -.8608046270191569E-01   5   0 3  0 2  0 0  0
    97  -.4029213057327470E-03   5   2 0  1 2  0 0  0
    98  0.6813321983932411E-03   5   1 1  1 2  0 0  0
    99  0.7302331148632993E-03   5   0 2  1 2  0 0  0
   100  0.3700526285952590E-02   5   1 0  2 2  0 0  0
   101  0.3538995129994991       5   0 1  2 2  0 0  0
   102  -.6108524474308958E-03   5   0 0  3 2  0 0  0
   103  0.8267959942089184E-01   5   2 0  0 3  0 0  0
   104  0.7805295147685364E-02   5   1 1  0 3  0 0  0
   105  -.1352573145310593E-01   5   0 2  0 3  0 0  0
   106  -.3837877507296596E-02   5   1 0  1 3  0 0  0
   107  0.2579390446278604E-01   5   0 1  1 3  0 0  0
   108  0.8326551758422243E-01   5   0 0  2 3  0 0  0
   109  0.4155308880461825E-03   5   1 0  0 4  0 0  0
   110  -.4304023135095784E-01   5   0 1  0 4  0 0  0
   111  0.4267764131274398E-02   5   0 0  1 4  0 0  0
   112  -.6762865726552983E-02   5   0 0  0 5  0 0  0
   113  -.2848725556293518E-03   5   3 0  0 0  0 2  0
   114  0.3476571100175095       5   2 1  0 0  0 2  0
   115  0.3861116984409491E-01   5   1 2  0 0  0 2  0
   116  -.1687505467442207       5   0 3  0 0  0 2  0
   117  0.3035409184319120E-04   5   2 0  1 0  0 2  0
   118  0.7079876247039408E-03   5   1 1  1 0  0 2  0
   119  -.7693165470219140E-02   5   0 2  1 0  0 2  0
   120  -.2848725556293516E-03   5   1 0  2 0  0 2  0
   121  0.3516359476840367       5   0 1  2 0  0 2  0
   122  0.3035409184318903E-04   5   0 0  3 0  0 2  0
   123  0.1232726733239136       5   2 0  0 1  0 2  0
   124  0.1520991056987495E-01   5   1 1  0 1  0 2  0
   125  -.3293861452138874E-01   5   0 2  0 1  0 2  0
   126  -.3978837666527389E-02   5   1 0  1 1  0 2  0
   127  0.3742498683341333E-01   5   0 1  1 1  0 2  0
   128  0.1239806609486176       5   0 0  2 1  0 2  0
   129  0.1186183010681585E-02   5   1 0  0 2  0 2  0
   130  -.1687505467442207       5   0 1  0 2  0 2  0
   131  0.7516745099655819E-02   5   0 0  1 2  0 2  0
   132  -.3293861452138874E-01   5   0 0  0 3  0 2  0
   133  0.5012204405364548E-04   5   1 0  0 0  0 4  0
   134  -.4124200597333574E-01   5   0 1  0 0  0 4  0
   135  -.3906818026585977E-03   5   0 0  1 0  0 4  0
   136  -.1063786460432400E-01   5   0 0  0 1  0 4  0
   --------------------------------------------------
     I  COEFFICIENT            ORDER EXPONENTS
     1  1.0000000000000000       1   0 0  0 0  1 0  0
     2  0.3845463487677048E-02   1   0 0  0 0  0 1  0
     3  -.1984573476491512E-05   2   2 0  0 0  0 0  0
     4  -.1389591766076764E-04   2   1 1  0 0  0 0  0
     5  -.1292831645175056E-01   2   0 2  0 0  0 0  0
     6  -.2392345285431968E-03   2   0 1  1 0  0 0  0
     7  -.1984573476491512E-05   2   0 0  2 0  0 0  0
     8  0.2392345285431968E-03   2   1 0  0 1  0 0  0
     9  -.1389591766076764E-04   2   0 0  1 1  0 0  0
    10  -.1292831645175056E-01   2   0 0  0 2  0 0  0
    11  -.3931661018608455E-02   2   0 0  0 0  0 2  0
    12  0.2999084058266436E-05   3   2 0  0 0  0 1  0
    13  0.3046442310136800E-04   3   1 1  0 0  0 1  0
    14  0.1954711658001409E-01   3   0 2  0 0  0 1  0
    15  0.3610510944424044E-03   3   0 1  1 0  0 1  0
    16  0.2999084058266436E-05   3   0 0  2 0  0 1  0
    17  -.3610510944424044E-03   3   1 0  0 1  0 1  0
    18  0.3046442310136800E-04   3   0 0  1 1  0 1  0
    19  0.1954711658001409E-01   3   0 0  0 2  0 1  0
    20  0.3768058509294893E-02   3   0 0  0 0  0 3  0
    21  -.2304494794369923E-04   4   4 0  0 0  0 0  0
    22  0.4719388883987649E-05   4   3 1  0 0  0 0  0
    23  -.4599165589200415E-05   4   2 2  0 0  0 0  0
    24  -.2782163957297837E-04   4   1 3  0 0  0 0  0
    25  -.9696513965812979E-02   4   0 4  0 0  0 0  0
    26  -.1416065007531071E-02   4   2 1  1 0  0 0  0
    27  -.5221975124288121E-04   4   1 2  1 0  0 0  0
    28  -.3589571395700432E-03   4   0 3  1 0  0 0  0
    29  -.4608989588739844E-04   4   2 0  2 0  0 0  0
    30  0.4719388883987468E-05   4   1 1  2 0  0 0  0
    31  -.7072910550110759E-05   4   0 2  2 0  0 0  0
    32  -.1416065007531072E-02   4   0 1  3 0  0 0  0
    33  -.2304494794369925E-04   4   0 0  4 0  0 0  0
    34  0.1416065007531072E-02   4   3 0  0 1  0 0  0
    35  0.5221975124287685E-04   4   2 1  0 1  0 0  0
    36  0.3589571395700438E-03   4   1 2  0 1  0 0  0
    37  0.4719388883987466E-05   4   2 0  1 1  0 0  0
    38  0.4947489921820197E-05   4   1 1  1 1  0 0  0
    39  -.2782163957297831E-04   4   0 2  1 1  0 0  0
    40  0.1416065007531071E-02   4   1 0  2 1  0 0  0
    41  -.5221975124287826E-04   4   0 1  2 1  0 0  0
    42  0.4719388883987543E-05   4   0 0  3 1  0 0  0
    43  -.7072910550110935E-05   4   2 0  0 2  0 0  0
    44  -.2782163957297831E-04   4   1 1  0 2  0 0  0
    45  -.1939302793162596E-01   4   0 2  0 2  0 0  0
    46  0.5221975124288114E-04   4   1 0  1 2  0 0  0
    47  -.3589571395700435E-03   4   0 1  1 2  0 0  0
    48  -.4599165589200415E-05   4   0 0  2 2  0 0  0
    49  0.3589571395700432E-03   4   1 0  0 3  0 0  0
    50  -.2782163957297837E-04   4   0 0  1 3  0 0  0
    51  -.9696513965812979E-02   4   0 0  0 4  0 0  0
    52  -.3667500709850627E-05   4   2 0  0 0  0 2  0
    53  -.4713153040005417E-04   4   1 1  0 0  0 2  0
    54  -.2391732295041359E-01   4   0 2  0 0  0 2  0
    55  -.4408554516099541E-03   4   0 1  1 0  0 2  0
    56  -.3667500709850627E-05   4   0 0  2 0  0 2  0
    57  0.4408554516099541E-03   4   1 0  0 1  0 2  0
    58  -.4713153040005417E-04   4   0 0  1 1  0 2  0
    59  -.2391732295041359E-01   4   0 0  0 2  0 2  0
    60  -.3542567864577317E-02   4   0 0  0 0  0 4  0
    61  0.3484376420889966E-04   5   4 0  0 0  0 1  0
    62  -.1012433502067660E-04   5   3 1  0 0  0 1  0
    63  0.1325837279889151E-04   5   2 2  0 0  0 1  0
    64  0.9890516953767211E-04   5   1 3  0 0  0 1  0
    65  0.2787961917147268E-01   5   0 4  0 0  0 1  0
    66  0.2145496104603460E-02   5   2 1  1 0  0 1  0
    67  0.1154916155950256E-03   5   1 2  1 0  0 1  0
    68  0.1030428335043312E-02   5   0 3  1 0  0 1  0
    69  0.6968752841779930E-04   5   2 0  2 0  0 1  0
    70  -.1012433502067647E-04   5   1 1  2 0  0 1  0
    71  0.2029238955577292E-04   5   0 2  2 0  0 1  0
    72  0.2145496104603463E-02   5   0 1  3 0  0 1  0
    73  0.3484376420889970E-04   5   0 0  4 0  0 1  0
    74  -.2145496104603460E-02   5   3 0  0 1  0 1  0
    75  -.1154916155950210E-03   5   2 1  0 1  0 1  0
    76  -.1030428335043312E-02   5   1 2  0 1  0 1  0
    77  -.1012433502067631E-04   5   2 0  1 1  0 1  0
    78  -.1406803351376326E-04   5   1 1  1 1  0 1  0
    79  0.9890516953767203E-04   5   0 2  1 1  0 1  0
    80  -.2145496104603460E-02   5   1 0  2 1  0 1  0
    81  0.1154916155950291E-03   5   0 1  2 1  0 1  0
    82  -.1012433502067635E-04   5   0 0  3 1  0 1  0
    83  0.2029238955577387E-04   5   2 0  0 2  0 1  0
    84  0.9890516953767196E-04   5   1 1  0 2  0 1  0
    85  0.5575923834294534E-01   5   0 2  0 2  0 1  0
    86  -.1154916155950255E-03   5   1 0  1 2  0 1  0
    87  0.1030428335043311E-02   5   0 1  1 2  0 1  0
    88  0.1325837279889151E-04   5   0 0  2 2  0 1  0
    89  -.1030428335043312E-02   5   1 0  0 3  0 1  0
    90  0.9890516953767211E-04   5   0 0  1 3  0 1  0
    91  0.2787961917147268E-01   5   0 0  0 4  0 1  0
    92  0.4197353849475814E-05   5   2 0  0 0  0 3  0
    93  0.6350836016872848E-04   5   1 1  0 0  0 3  0
    94  0.2738903487483064E-01   5   0 2  0 0  0 3  0
    95  0.5037543159301719E-03   5   0 1  1 0  0 3  0
    96  0.4197353849475814E-05   5   0 0  2 0  0 3  0
    97  -.5037543159301719E-03   5   1 0  0 1  0 3  0
    98  0.6350836016872848E-04   5   0 0  1 1  0 3  0
    99  0.2738903487483064E-01   5   0 0  0 2  0 3  0
   100  0.3319893953354093E-02   5   0 0  0 0  0 5  0
   --------------------------------------------------
     I  COEFFICIENT            ORDER EXPONENTS
     1  1.0000000000000000       1   0 0  0 0  0 1  0
     ------------------------------------------------
     ALL COMPONENTS ZERO 
     ------------------- 
     ALL COMPONENTS ZERO 
     ------------------- 
