 L    0.3793416666666660E-01
 P (  0.0000000000000000E+00,  0.0000000000000000E+00,  0.1062156666666667E+01)
 A (  0.0000000000000000E+00,  0.0000000000000000E+00,  0.0000000000000000E+00)
     I  COEFFICIENT            ORDER EXPONENTS
     1  0.9999756328527796       1   1 0  0 0  0 0  0
     2  0.3777250815440628E-01   1   0 1  0 0  0 0  0
     3  0.4767759124950304E-03   1   0 0  1 0  0 0  0
     4  0.3028451255819709E-02   1   0 0  0 1  0 0  0
     5  0.3317744057405791E-04   2   1 0  0 0  0 1  0
     6  -.2552603480082388E-01   2   0 1  0 0  0 1  0
     7  -.3236866314072218E-03   2   0 0  1 0  0 1  0
     8  -.4119635404637355E-02   2   0 0  0 1  0 1  0
     9  -.1836288086600099E-02   3   3 0  0 0  0 0  0
    10  0.3024583589677505E-03   3   2 1  0 0  0 0  0
    11  0.9313977026753000E-05   3   1 2  0 0  0 0  0
    12  0.1872512261571457E-01   3   0 3  0 0  0 0  0
    13  0.3489215883269287E-01   3   2 0  1 0  0 0  0
    14  0.8924888954783098E-03   3   1 1  1 0  0 0  0
    15  0.7162059374225009E-03   3   0 2  1 0  0 0  0
    16  -.1836288086600101E-02   3   1 0  2 0  0 0  0
    17  0.3103455505847775E-03   3   0 1  2 0  0 0  0
    18  0.3489215883269287E-01   3   0 0  3 0  0 0  0
    19  -.3225861402487458E-02   3   2 0  0 1  0 0  0
    20  -.5192411744446303E-03   3   1 1  0 1  0 0  0
    21  0.3021685466399862E-02   3   0 2  0 1  0 0  0
    22  -.7887191617027376E-05   3   1 0  1 1  0 0  0
    23  0.1113901644790221E-03   3   0 1  1 1  0 0  0
    24  -.2333372507009139E-02   3   0 0  2 1  0 0  0
    25  -.1020761874522690E-03   3   1 0  0 2  0 0  0
    26  0.1872512261571457E-01   3   0 1  0 2  0 0  0
    27  0.1969647629778705E-03   3   0 0  1 2  0 0  0
    28  0.3021685466399862E-02   3   0 0  0 3  0 0  0
    29  -.3633329270762535E-04   3   1 0  0 0  0 2  0
    30  0.1907233508158570E-01   3   0 1  0 0  0 2  0
    31  0.2433820016780358E-03   3   0 0  1 0  0 2  0
    32  0.4506321912750411E-02   3   0 0  0 1  0 2  0
    33  0.2500153262002577E-02   4   3 0  0 0  0 1  0
    34  -.6172831474764624E-03   4   2 1  0 0  0 1  0
    35  -.2490877794081756E-04   4   1 2  0 0  0 1  0
    36  -.3796056053643503E-01   4   0 3  0 0  0 1  0
    37  -.2368405373544791E-01   4   2 0  1 0  0 1  0
    38  -.1214808766652588E-02   4   1 1  1 0  0 1  0
    39  -.1452455614824065E-02   4   0 2  1 0  0 1  0
    40  0.2500153262002577E-02   4   1 0  2 0  0 1  0
    41  -.6333872585853777E-03   4   0 1  2 0  0 1  0
    42  -.2368405373544790E-01   4   0 0  3 0  0 1  0
    43  0.4370414900065649E-02   4   2 0  0 1  0 1  0
    44  0.1045030642428542E-02   4   1 1  0 1  0 1  0
    45  -.8220903456262469E-02   4   0 2  0 1  0 1  0
    46  0.1610411110891620E-04   4   1 0  1 1  0 1  0
    47  -.3024198854067295E-03   4   0 1  1 1  0 1  0
    48  0.3155606133413052E-02   4   0 0  2 1  0 1  0
    49  0.2775111074659119E-03   4   1 0  0 2  0 1  0
    50  -.3796056053643503E-01   4   0 1  0 2  0 1  0
    51  -.4074249723955236E-03   4   0 0  1 2  0 1  0
    52  -.8220903456262469E-02   4   0 0  0 3  0 1  0
    53  0.3743395613140786E-04   4   1 0  0 0  0 3  0
    54  -.1535039267986782E-01   4   0 1  0 0  0 3  0
    55  -.1973141823363591E-03   4   0 0  1 0  0 3  0
    56  -.4636822925538141E-02   4   0 0  0 1  0 3  0
    57  -.1563299584745458E-01   5   5 0  0 0  0 0  0
    58  0.1261165718948091E-02   5   4 1  0 0  0 0  0
    59  -.4770190161943100E-05   5   3 2  0 0  0 0  0
    60  0.5392809048068853E-03   5   2 3  0 0  0 0  0
    61  0.4414954620602434E-04   5   1 4  0 0  0 0  0
    62  0.1392352624001637E-01   5   0 5  0 0  0 0  0
    63  0.3241353358686406       5   4 0  1 0  0 0  0
    64  0.1669115310435566E-01   5   3 1  1 0  0 0  0
    65  0.5231258227345722E-01   5   2 2  1 0  0 0  0
    66  0.1775258182090755E-02   5   1 3  1 0  0 0  0
    67  0.8964611397503769E-03   5   0 4  1 0  0 0  0
    68  -.3126599169490916E-01   5   3 0  2 0  0 0  0
    69  0.3713157845927266E-02   5   2 1  2 0  0 0  0
    70  0.1494003845642148E-04   5   1 2  2 0  0 0  0
    71  0.4591671005041322E-03   5   0 3  2 0  0 0  0
    72  0.6482706717372813       5   2 0  3 0  0 0  0
    73  0.1669115310435565E-01   5   1 1  3 0  0 0  0
    74  0.5199211884801255E-01   5   0 2  3 0  0 0  0
    75  -.1563299584745458E-01   5   1 0  4 0  0 0  0
    76  0.2451992126979175E-02   5   0 1  4 0  0 0  0
    77  0.3241353358686409       5   0 0  5 0  0 0  0
    78  -.1549018114640576E-01   5   4 0  0 1  0 0  0
    79  -.3422126327822025E-01   5   3 1  0 1  0 0  0
    80  -.4057682061607894E-02   5   2 2  0 1  0 0  0
    81  -.7743667282206860E-03   5   1 3  0 1  0 0  0
    82  0.3014976315276845E-02   5   0 4  0 1  0 0  0
    83  -.1190826408031080E-02   5   3 0  1 1  0 0  0
    84  0.7293133858253584E-02   5   2 1  1 1  0 0  0
    85  0.3111199684460312E-03   5   1 2  1 1  0 0  0
    86  0.2247244091293875E-03   5   0 3  1 1  0 0  0
    87  -.1428920918845597E-01   5   2 0  2 1  0 0  0
    88  -.3358033642733093E-01   5   1 1  2 1  0 0  0
    89  -.1427278324477761E-02   5   0 2  2 1  0 0  0
    90  -.1190826408031087E-02   5   1 0  3 1  0 0  0
    91  0.7332554315490318E-02   5   0 1  3 1  0 0  0
    92  0.1200971957949924E-02   5   0 0  4 1  0 0  0
    93  -.7317614277033895E-02   5   3 0  0 2  0 0  0
    94  0.3082747406635918E-03   5   2 1  0 2  0 0  0
    95  -.1364253167173768E-03   5   1 2  0 2  0 0  0
    96  0.2784705248003275E-01   5   0 3  0 2  0 0  0
    97  0.1777085556979234E-01   5   2 0  1 2  0 0  0
    98  0.6496707201206460E-04   5   1 1  1 2  0 0  0
    99  0.1018555551280092E-02   5   0 2  1 2  0 0  0
   100  -.7337324505652262E-02   5   1 0  2 2  0 0  0
   101  0.6901732646474213E-03   5   0 1  2 2  0 0  0
   102  0.1809131899523698E-01   5   0 0  3 2  0 0  0
   103  -.3202536506568539E-02   5   2 0  0 3  0 0  0
   104  -.7743667282206858E-03   5   1 1  0 3  0 0  0
   105  0.6029952630553689E-02   5   0 2  0 3  0 0  0
   106  -.1508923598405395E-03   5   1 0  1 3  0 0  0
   107  0.2247244091293876E-03   5   0 1  1 3  0 0  0
   108  -.2282423879517119E-02   5   0 0  2 3  0 0  0
   109  -.1805748629233835E-03   5   1 0  0 4  0 0  0
   110  0.1392352624001636E-01   5   0 1  0 4  0 0  0
   111  0.1220944115297022E-03   5   0 0  1 4  0 0  0
   112  0.3014976315276845E-02   5   0 0  0 5  0 0  0
   113  -.2737871669535762E-02   5   3 0  0 0  0 2  0
   114  0.8853646311237335E-03   5   2 1  0 0  0 2  0
   115  0.4330757140773989E-04   5   1 2  0 0  0 2  0
   116  0.5401152343663149E-01   5   0 3  0 0  0 2  0
   117  0.1780358845599694E-01   5   2 0  1 0  0 2  0
   118  0.1329854433074523E-02   5   1 1  1 0  0 2  0
   119  0.2067525403536927E-02   5   0 2  1 0  0 2  0
   120  -.2737871669535763E-02   5   1 0  2 0  0 2  0
   121  0.9084749895348497E-03   5   0 1  2 0  0 2  0
   122  0.1780358845599694E-01   5   0 0  3 0  0 2  0
   123  -.4756429968138009E-02   5   2 0  0 1  0 2  0
   124  -.1473912979911700E-02   5   1 1  0 1  0 2  0
   125  0.1458411076425158E-01   5   0 2  0 1  0 2  0
   126  -.2311035841111797E-04   5   1 0  1 1  0 2  0
   127  0.5352098558980597E-03   5   0 1  1 1  0 2  0
   128  -.3426575535063479E-02   5   0 0  2 1  0 2  0
   129  -.4919022844903194E-03   5   1 0  0 2  0 2  0
   130  0.5401152343663149E-01   5   0 1  0 2  0 2  0
   131  0.5936124236252264E-03   5   0 0  1 2  0 2  0
   132  0.1458411076425158E-01   5   0 0  0 3  0 2  0
   133  -.3778765902742207E-04   5   1 0  0 0  0 4  0
   134  0.1299895246690504E-01   5   0 1  0 0  0 4  0
   135  0.1683797169374989E-03   5   0 0  1 0  0 4  0
   136  0.4674172651152778E-02   5   0 0  0 1  0 4  0
   --------------------------------------------------
     I  COEFFICIENT            ORDER EXPONENTS
     1  -.2020354504561653E-02   1   1 0  0 0  0 0  0
     2  0.9871680544738333       1   0 1  0 0  0 0  0
     3  0.2695143403138391E-01   1   0 0  1 0  0 0  0
     4  0.1598730900347080       1   0 0  0 1  0 0  0
     5  0.1371628750047093E-02   2   1 0  0 0  0 1  0
     6  0.1745540211861429E-01   2   0 1  0 0  0 1  0
     7  0.1406634392888503E-03   2   0 0  1 0  0 1  0
     8  -.1080380454359266       2   0 0  0 1  0 1  0
     9  -.1469163797155669       3   3 0  0 0  0 0  0
    10  0.1604424020074481E-01   3   2 1  0 0  0 0  0
    11  -.6314263715972127E-03   3   1 2  0 0  0 0  0
    12  -.1280127697799647E-01   3   0 3  0 0  0 0  0
    13   1.845626965568534       3   2 0  1 0  0 0  0
    14  0.7050181497093266E-01   3   1 1  1 0  0 0  0
    15  0.4515802536631080E-03   3   0 2  1 0  0 0  0
    16  -.1469163797155668       3   1 0  2 0  0 0  0
    17  0.1605325674766334E-01   3   0 1  2 0  0 0  0
    18   1.845626965568533       3   0 0  3 0  0 0  0
    19  -.1106547002620627       3   2 0  0 1  0 0  0
    20  -.1530916653227696E-02   3   1 1  0 1  0 0  0
    21  0.7924210780293051E-01   3   0 2  0 1  0 0  0
    22  -.9016546918517578E-05   3   1 0  1 1  0 0  0
    23  0.2450659499843124E-02   3   0 1  1 1  0 0  0
    24  -.4015288529113002E-01   3   0 0  2 1  0 0  0
    25  -.3082085871440337E-02   3   1 0  0 2  0 0  0
    26  -.1280127697799647E-01   3   0 1  0 2  0 0  0
    27  -.1079336399564589E-02   3   0 0  1 2  0 0  0
    28  0.7924210780293051E-01   3   0 0  0 3  0 0  0
    29  -.1031331513783788E-02   3   1 0  0 0  0 2  0
    30  -.1909379419323476E-01   3   0 1  0 0  0 2  0
    31  -.1540432776216067E-03   3   0 0  1 0  0 2  0
    32  0.8072140537122352E-01   3   0 0  0 1  0 2  0
    33  0.9972232026622678E-01   4   3 0  0 0  0 1  0
    34  -.2175316467121773E-01   4   2 1  0 0  0 1  0
    35  0.1311821600843272E-02   4   1 2  0 0  0 1  0
    36  0.3482753288576697E-01   4   0 3  0 0  0 1  0
    37  0.1057906662727886E-01   4   2 0  1 0  0 1  0
    38  -.4780564966026003E-01   4   1 1  1 0  0 1  0
    39  -.1621920961684469E-04   4   0 2  1 0  0 1  0
    40  0.9972232026622668E-01   4   1 0  2 0  0 1  0
    41  -.2176413563990022E-01   4   0 1  2 0  0 1  0
    42  0.1057906662727885E-01   4   0 0  3 0  0 1  0
    43  0.7329096542143020E-01   4   2 0  0 1  0 1  0
    44  0.1422268242780808E-02   4   1 1  0 1  0 1  0
    45  -.1606414448095549       4   0 2  0 1  0 1  0
    46  0.1097096868246709E-04   4   1 0  1 1  0 1  0
    47  -.4938672912912343E-02   4   0 1  1 1  0 1  0
    48  0.2548531576117016E-01   4   0 0  2 1  0 1  0
    49  0.6250494513755614E-02   4   1 0  0 2  0 1  0
    50  0.3482753288576697E-01   4   0 1  0 2  0 1  0
    51  0.1406049033163965E-02   4   0 0  1 2  0 1  0
    52  -.1606414448095549       4   0 0  0 3  0 1  0
    53  0.8361147041130936E-03   4   1 0  0 0  0 3  0
    54  0.1964668792866341E-01   4   0 1  0 0  0 3  0
    55  0.1587096431951097E-03   4   0 0  1 0  0 3  0
    56  -.6496724918048083E-01   4   0 0  0 1  0 3  0
    57  -1.309865954293007       5   5 0  0 0  0 0  0
    58  -.4992324263233796E-01   5   4 1  0 0  0 0  0
    59  -.8340092523357062E-01   5   3 2  0 0  0 0  0
    60  0.1544439937595735E-01   5   2 3  0 0  0 0  0
    61  -.2217524324608515E-03   5   1 4  0 0  0 0  0
    62  -.1277092817453877E-01   5   0 5  0 0  0 0  0
    63   17.27832437431937       5   4 0  1 0  0 0  0
    64   1.325512392684000       5   3 1  1 0  0 0  0
    65  0.2013314010258122E-01   5   2 2  1 0  0 0  0
    66  0.3548011373064450E-01   5   1 3  1 0  0 0  0
    67  0.1173721911332643E-03   5   0 4  1 0  0 0  0
    68  -2.619731908586016       5   3 0  2 0  0 0  0
    69  -.9654038169947340E-01   5   2 1  2 0  0 0  0
    70  -.8543007041650562E-01   5   1 2  2 0  0 0  0
    71  0.1577891156446705E-01   5   0 3  2 0  0 0  0
    72   34.55664874863875       5   2 0  3 0  0 0  0
    73   1.325512392684000       5   1 1  3 0  0 0  0
    74  -.1340420266599931E-01   5   0 2  3 0  0 0  0
    75  -1.309865954293005       5   1 0  4 0  0 0  0
    76  -.4661713906713583E-01   5   0 1  4 0  0 0  0
    77   17.27832437431938       5   0 0  5 0  0 0  0
    78  -.4874262334868228E-01   5   4 0  0 1  0 0  0
    79  0.8424489090166570E-01   5   3 1  0 1  0 0  0
    80  -.4970047941680674E-01   5   2 2  0 1  0 0  0
    81  -.9594335494414861E-03   5   1 3  0 1  0 0  0
    82  0.5891374666490522E-01   5   0 4  0 1  0 0  0
    83  -.3306103565201973E-02   5   3 0  1 1  0 0  0
    84  0.1330293739293203       5   2 1  1 1  0 0  0
    85  0.2701266200215073E-02   5   1 2  1 1  0 0  0
    86  0.3641744901568038E-02   5   0 3  1 1  0 0  0
    87   1.228027145986636       5   2 0  2 1  0 0  0
    88  0.1513195764388268       5   1 1  2 1  0 0  0
    89  -.1724059772786882E-01   5   0 2  2 1  0 0  0
    90  -.3306103565202165E-02   5   1 0  3 1  0 0  0
    91  0.1289710835634495       5   0 1  3 1  0 0  0
    92   1.276769769335318       5   0 0  4 1  0 0  0
    93  -.2144011539799553       5   3 0  0 2  0 0  0
    94  0.1240862098723199E-01   5   2 1  0 2  0 0  0
    95  -.4085249766491690E-02   5   1 2  0 2  0 0  0
    96  -.2554185634907728E-01   5   0 3  0 2  0 0  0
    97  0.7084068823566628E-01   5   2 0  1 2  0 0  0
    98  0.4152057781405818E-01   5   1 1  1 2  0 0  0
    99  -.7246891671742034E-03   5   0 2  1 2  0 0  0
   100  -.2123720087970197       5   1 0  2 2  0 0  0
   101  0.1881468995319215E-01   5   0 1  2 2  0 0  0
   102  0.1043780310042469       5   0 0  3 2  0 0  0
   103  -.5272071145851349E-01   5   2 0  0 3  0 0  0
   104  -.9594335494414876E-03   5   1 1  0 3  0 0  0
   105  0.1178274933298105       5   0 2  0 3  0 0  0
   106  -.3370290577235000E-02   5   1 0  1 3  0 0  0
   107  0.3641744901568038E-02   5   0 1  1 3  0 0  0
   108  -.1422036568616208E-01   5   0 0  2 3  0 0  0
   109  -.3863497334029881E-02   5   1 0  0 4  0 0  0
   110  -.1277092817453896E-01   5   0 1  0 4  0 0  0
   111  -.8420613583078361E-03   5   0 0  1 4  0 0  0
   112  0.5891374666490526E-01   5   0 0  0 5  0 0  0
   113  -.7496104746882203E-01   5   3 0  0 0  0 2  0
   114  0.2369687230000945E-01   5   2 1  0 0  0 2  0
   115  -.1920868482279244E-02   5   1 2  0 0  0 2  0
   116  -.6178486565341001E-01   5   0 3  0 0  0 2  0
   117  -.1158492195938338E-01   5   2 0  1 0  0 2  0
   118  0.3588543187458633E-01   5   1 1  1 0  0 2  0
   119  -.7946749102512555E-03   5   0 2  1 0  0 2  0
   120  -.7496104746882194E-01   5   1 0  2 0  0 2  0
   121  0.2370710768118444E-01   5   0 1  2 0  0 2  0
   122  -.1158492195938337E-01   5   0 0  3 0  0 2  0
   123  -.5323319460124173E-01   5   2 0  0 1  0 2  0
   124  -.6612449702161238E-03   5   1 1  0 1  0 2  0
   125  0.2285618493481009       5   0 2  0 1  0 2  0
   126  -.1023538117497531E-04   5   1 0  1 1  0 2  0
   127  0.6976630673304346E-02   5   0 1  1 1  0 2  0
   128  -.1734776272665542E-01   5   0 0  2 1  0 2  0
   129  -.8897499155583591E-02   5   1 0  0 2  0 2  0
   130  -.6178486565341001E-01   5   0 1  0 2  0 2  0
   131  -.1455919880467380E-02   5   0 0  1 2  0 2  0
   132  0.2285618493481009       5   0 0  0 3  0 2  0
   133  -.7135015868912583E-03   5   1 0  0 0  0 4  0
   134  -.1980488461437689E-01   5   0 1  0 0  0 4  0
   135  -.1602090867621859E-03   5   0 0  1 0  0 4  0
   136  0.5501394900274923E-01   5   0 0  0 1  0 4  0
   --------------------------------------------------
     I  COEFFICIENT            ORDER EXPONENTS
     1  -.4767759124950304E-03   1   1 0  0 0  0 0  0
     2  -.3028451255819709E-02   1   0 1  0 0  0 0  0
     3  0.9999756328527796       1   0 0  1 0  0 0  0
     4  0.3777250815440628E-01   1   0 0  0 1  0 0  0
     5  0.3236866314072218E-03   2   1 0  0 0  0 1  0
     6  0.4119635404637355E-02   2   0 1  0 0  0 1  0
     7  0.3317744057405791E-04   2   0 0  1 0  0 1  0
     8  -.2552603480082388E-01   2   0 0  0 1  0 1  0
     9  -.3489215883269291E-01   3   3 0  0 0  0 0  0
    10  0.2333372507009142E-02   3   2 1  0 0  0 0  0
    11  -.1969647629778705E-03   3   1 2  0 0  0 0  0
    12  -.3021685466399862E-02   3   0 3  0 0  0 0  0
    13  -.1836288086600101E-02   3   2 0  1 0  0 0  0
    14  -.7887191617027373E-05   3   1 1  1 0  0 0  0
    15  -.1020761874522690E-03   3   0 2  1 0  0 0  0
    16  -.3489215883269287E-01   3   1 0  2 0  0 0  0
    17  0.3225861402487458E-02   3   0 1  2 0  0 0  0
    18  -.1836288086600100E-02   3   0 0  3 0  0 0  0
    19  0.3103455505847775E-03   3   2 0  0 1  0 0  0
    20  0.1113901644790220E-03   3   1 1  0 1  0 0  0
    21  0.1872512261571457E-01   3   0 2  0 1  0 0  0
    22  -.8924888954783104E-03   3   1 0  1 1  0 0  0
    23  0.5192411744446302E-03   3   0 1  1 1  0 0  0
    24  0.3024583589677507E-03   3   0 0  2 1  0 0  0
    25  -.7162059374225009E-03   3   1 0  0 2  0 0  0
    26  -.3021685466399862E-02   3   0 1  0 2  0 0  0
    27  0.9313977026753000E-05   3   0 0  1 2  0 0  0
    28  0.1872512261571457E-01   3   0 0  0 3  0 0  0
    29  -.2433820016780358E-03   3   1 0  0 0  0 2  0
    30  -.4506321912750411E-02   3   0 1  0 0  0 2  0
    31  -.3633329270762535E-04   3   0 0  1 0  0 2  0
    32  0.1907233508158570E-01   3   0 0  0 1  0 2  0
    33  0.2368405373544793E-01   4   3 0  0 0  0 1  0
    34  -.3155606133413054E-02   4   2 1  0 0  0 1  0
    35  0.4074249723955236E-03   4   1 2  0 0  0 1  0
    36  0.8220903456262469E-02   4   0 3  0 0  0 1  0
    37  0.2500153262002580E-02   4   2 0  1 0  0 1  0
    38  0.1610411110891621E-04   4   1 1  1 0  0 1  0
    39  0.2775111074659119E-03   4   0 2  1 0  0 1  0
    40  0.2368405373544791E-01   4   1 0  2 0  0 1  0
    41  -.4370414900065647E-02   4   0 1  2 0  0 1  0
    42  0.2500153262002577E-02   4   0 0  3 0  0 1  0
    43  -.6333872585853777E-03   4   2 0  0 1  0 1  0
    44  -.3024198854067295E-03   4   1 1  0 1  0 1  0
    45  -.3796056053643503E-01   4   0 2  0 1  0 1  0
    46  0.1214808766652589E-02   4   1 0  1 1  0 1  0
    47  -.1045030642428542E-02   4   0 1  1 1  0 1  0
    48  -.6172831474764627E-03   4   0 0  2 1  0 1  0
    49  0.1452455614824065E-02   4   1 0  0 2  0 1  0
    50  0.8220903456262469E-02   4   0 1  0 2  0 1  0
    51  -.2490877794081756E-04   4   0 0  1 2  0 1  0
    52  -.3796056053643503E-01   4   0 0  0 3  0 1  0
    53  0.1973141823363591E-03   4   1 0  0 0  0 3  0
    54  0.4636822925538141E-02   4   0 1  0 0  0 3  0
    55  0.3743395613140786E-04   4   0 0  1 0  0 3  0
    56  -.1535039267986782E-01   4   0 0  0 1  0 3  0
    57  -.3241353358686409       5   5 0  0 0  0 0  0
    58  -.1200971957949901E-02   5   4 1  0 0  0 0  0
    59  -.1809131899523700E-01   5   3 2  0 0  0 0  0
    60  0.2282423879517120E-02   5   2 3  0 0  0 0  0
    61  -.1220944115297022E-03   5   1 4  0 0  0 0  0
    62  -.3014976315276845E-02   5   0 5  0 0  0 0  0
    63  -.1563299584745458E-01   5   4 0  1 0  0 0  0
    64  -.1190826408031088E-02   5   3 1  1 0  0 0  0
    65  -.7337324505652261E-02   5   2 2  1 0  0 0  0
    66  -.1508923598405394E-03   5   1 3  1 0  0 0  0
    67  -.1805748629233836E-03   5   0 4  1 0  0 0  0
    68  -.6482706717372818       5   3 0  2 0  0 0  0
    69  0.1428920918845593E-01   5   2 1  2 0  0 0  0
    70  -.1777085556979233E-01   5   1 2  2 0  0 0  0
    71  0.3202536506568537E-02   5   0 3  2 0  0 0  0
    72  -.3126599169490912E-01   5   2 0  3 0  0 0  0
    73  -.1190826408031078E-02   5   1 1  3 0  0 0  0
    74  -.7317614277033887E-02   5   0 2  3 0  0 0  0
    75  -.3241353358686404       5   1 0  4 0  0 0  0
    76  0.1549018114640576E-01   5   0 1  4 0  0 0  0
    77  -.1563299584745458E-01   5   0 0  5 0  0 0  0
    78  0.2451992126979177E-02   5   4 0  0 1  0 0  0
    79  0.7332554315490328E-02   5   3 1  0 1  0 0  0
    80  0.6901732646474202E-03   5   2 2  0 1  0 0  0
    81  0.2247244091293876E-03   5   1 3  0 1  0 0  0
    82  0.1392352624001636E-01   5   0 4  0 1  0 0  0
    83  -.1669115310435567E-01   5   3 0  1 1  0 0  0
    84  0.3358033642733094E-01   5   2 1  1 1  0 0  0
    85  -.6496707201206556E-04   5   1 2  1 1  0 0  0
    86  0.7743667282206858E-03   5   0 3  1 1  0 0  0
    87  0.3713157845927270E-02   5   2 0  2 1  0 0  0
    88  0.7293133858253579E-02   5   1 1  2 1  0 0  0
    89  0.3082747406635917E-03   5   0 2  2 1  0 0  0
    90  -.1669115310435565E-01   5   1 0  3 1  0 0  0
    91  0.3422126327822023E-01   5   0 1  3 1  0 0  0
    92  0.1261165718948090E-02   5   0 0  4 1  0 0  0
    93  -.5199211884801262E-01   5   3 0  0 2  0 0  0
    94  0.1427278324477764E-02   5   2 1  0 2  0 0  0
    95  -.1018555551280093E-02   5   1 2  0 2  0 0  0
    96  -.6029952630553689E-02   5   0 3  0 2  0 0  0
    97  0.1494003845641899E-04   5   2 0  1 2  0 0  0
    98  0.3111199684460313E-03   5   1 1  1 2  0 0  0
    99  -.1364253167173769E-03   5   0 2  1 2  0 0  0
   100  -.5231258227345720E-01   5   1 0  2 2  0 0  0
   101  0.4057682061607894E-02   5   0 1  2 2  0 0  0
   102  -.4770190161948661E-05   5   0 0  3 2  0 0  0
   103  0.4591671005041319E-03   5   2 0  0 3  0 0  0
   104  0.2247244091293875E-03   5   1 1  0 3  0 0  0
   105  0.2784705248003275E-01   5   0 2  0 3  0 0  0
   106  -.1775258182090755E-02   5   1 0  1 3  0 0  0
   107  0.7743667282206861E-03   5   0 1  1 3  0 0  0
   108  0.5392809048068859E-03   5   0 0  2 3  0 0  0
   109  -.8964611397503769E-03   5   1 0  0 4  0 0  0
   110  -.3014976315276845E-02   5   0 1  0 4  0 0  0
   111  0.4414954620602433E-04   5   0 0  1 4  0 0  0
   112  0.1392352624001637E-01   5   0 0  0 5  0 0  0
   113  -.1780358845599696E-01   5   3 0  0 0  0 2  0
   114  0.3426575535063480E-02   5   2 1  0 0  0 2  0
   115  -.5936124236252264E-03   5   1 2  0 0  0 2  0
   116  -.1458411076425158E-01   5   0 3  0 0  0 2  0
   117  -.2737871669535766E-02   5   2 0  1 0  0 2  0
   118  -.2311035841111797E-04   5   1 1  1 0  0 2  0
   119  -.4919022844903195E-03   5   0 2  1 0  0 2  0
   120  -.1780358845599694E-01   5   1 0  2 0  0 2  0
   121  0.4756429968138007E-02   5   0 1  2 0  0 2  0
   122  -.2737871669535763E-02   5   0 0  3 0  0 2  0
   123  0.9084749895348505E-03   5   2 0  0 1  0 2  0
   124  0.5352098558980595E-03   5   1 1  0 1  0 2  0
   125  0.5401152343663149E-01   5   0 2  0 1  0 2  0
   126  -.1329854433074522E-02   5   1 0  1 1  0 2  0
   127  0.1473912979911700E-02   5   0 1  1 1  0 2  0
   128  0.8853646311237334E-03   5   0 0  2 1  0 2  0
   129  -.2067525403536927E-02   5   1 0  0 2  0 2  0
   130  -.1458411076425158E-01   5   0 1  0 2  0 2  0
   131  0.4330757140773989E-04   5   0 0  1 2  0 2  0
   132  0.5401152343663149E-01   5   0 0  0 3  0 2  0
   133  -.1683797169374989E-03   5   1 0  0 0  0 4  0
   134  -.4674172651152778E-02   5   0 1  0 0  0 4  0
   135  -.3778765902742207E-04   5   0 0  1 0  0 4  0
   136  0.1299895246690504E-01   5   0 0  0 1  0 4  0
   --------------------------------------------------
     I  COEFFICIENT            ORDER EXPONENTS
     1  -.2695143403138391E-01   1   1 0  0 0  0 0  0
     2  -.1598730900347080       1   0 1  0 0  0 0  0
     3  -.2020354504561653E-02   1   0 0  1 0  0 0  0
     4  0.9871680544738333       1   0 0  0 1  0 0  0
     5  -.1406634392888503E-03   2   1 0  0 0  0 1  0
     6  0.1080380454359266       2   0 1  0 0  0 1  0
     7  0.1371628750047093E-02   2   0 0  1 0  0 1  0
     8  0.1745540211861429E-01   2   0 0  0 1  0 1  0
     9  -1.845626965568533       3   3 0  0 0  0 0  0
    10  0.4015288529113003E-01   3   2 1  0 0  0 0  0
    11  0.1079336399564589E-02   3   1 2  0 0  0 0  0
    12  -.7924210780293051E-01   3   0 3  0 0  0 0  0
    13  -.1469163797155668       3   2 0  1 0  0 0  0
    14  -.9016546918515882E-05   3   1 1  1 0  0 0  0
    15  -.3082085871440337E-02   3   0 2  1 0  0 0  0
    16  -1.845626965568532       3   1 0  2 0  0 0  0
    17  0.1106547002620627       3   0 1  2 0  0 0  0
    18  -.1469163797155668       3   0 0  3 0  0 0  0
    19  0.1605325674766334E-01   3   2 0  0 1  0 0  0
    20  0.2450659499843124E-02   3   1 1  0 1  0 0  0
    21  -.1280127697799647E-01   3   0 2  0 1  0 0  0
    22  -.7050181497093268E-01   3   1 0  1 1  0 0  0
    23  0.1530916653227697E-02   3   0 1  1 1  0 0  0
    24  0.1604424020074480E-01   3   0 0  2 1  0 0  0
    25  -.4515802536631078E-03   3   1 0  0 2  0 0  0
    26  -.7924210780293051E-01   3   0 1  0 2  0 0  0
    27  -.6314263715972127E-03   3   0 0  1 2  0 0  0
    28  -.1280127697799647E-01   3   0 0  0 3  0 0  0
    29  0.1540432776216067E-03   3   1 0  0 0  0 2  0
    30  -.8072140537122352E-01   3   0 1  0 0  0 2  0
    31  -.1031331513783788E-02   3   0 0  1 0  0 2  0
    32  -.1909379419323476E-01   3   0 0  0 1  0 2  0
    33  -.1057906662727884E-01   4   3 0  0 0  0 1  0
    34  -.2548531576117015E-01   4   2 1  0 0  0 1  0
    35  -.1406049033163965E-02   4   1 2  0 0  0 1  0
    36  0.1606414448095549       4   0 3  0 0  0 1  0
    37  0.9972232026622674E-01   4   2 0  1 0  0 1  0
    38  0.1097096868246673E-04   4   1 1  1 0  0 1  0
    39  0.6250494513755614E-02   4   0 2  1 0  0 1  0
    40  -.1057906662727884E-01   4   1 0  2 0  0 1  0
    41  -.7329096542143020E-01   4   0 1  2 0  0 1  0
    42  0.9972232026622668E-01   4   0 0  3 0  0 1  0
    43  -.2176413563990022E-01   4   2 0  0 1  0 1  0
    44  -.4938672912912343E-02   4   1 1  0 1  0 1  0
    45  0.3482753288576697E-01   4   0 2  0 1  0 1  0
    46  0.4780564966026003E-01   4   1 0  1 1  0 1  0
    47  -.1422268242780808E-02   4   0 1  1 1  0 1  0
    48  -.2175316467121773E-01   4   0 0  2 1  0 1  0
    49  0.1621920961684419E-04   4   1 0  0 2  0 1  0
    50  0.1606414448095549       4   0 1  0 2  0 1  0
    51  0.1311821600843272E-02   4   0 0  1 2  0 1  0
    52  0.3482753288576697E-01   4   0 0  0 3  0 1  0
    53  -.1587096431951097E-03   4   1 0  0 0  0 3  0
    54  0.6496724918048083E-01   4   0 1  0 0  0 3  0
    55  0.8361147041130936E-03   4   0 0  1 0  0 3  0
    56  0.1964668792866341E-01   4   0 0  0 1  0 3  0
    57  -17.27832437431938       5   5 0  0 0  0 0  0
    58  -1.276769769335318       5   4 1  0 0  0 0  0
    59  -.1043780310042469       5   3 2  0 0  0 0  0
    60  0.1422036568616208E-01   5   2 3  0 0  0 0  0
    61  0.8420613583078356E-03   5   1 4  0 0  0 0  0
    62  -.5891374666490526E-01   5   0 5  0 0  0 0  0
    63  -1.309865954293006       5   4 0  1 0  0 0  0
    64  -.3306103565202234E-02   5   3 1  1 0  0 0  0
    65  -.2123720087970197       5   2 2  1 0  0 0  0
    66  -.3370290577234993E-02   5   1 3  1 0  0 0  0
    67  -.3863497334029881E-02   5   0 4  1 0  0 0  0
    68  -34.55664874863876       5   3 0  2 0  0 0  0
    69  -1.228027145986636       5   2 1  2 0  0 0  0
    70  -.7084068823566629E-01   5   1 2  2 0  0 0  0
    71  0.5272071145851352E-01   5   0 3  2 0  0 0  0
    72  -2.619731908586012       5   2 0  3 0  0 0  0
    73  -.3306103565201874E-02   5   1 1  3 0  0 0  0
    74  -.2144011539799551       5   0 2  3 0  0 0  0
    75  -17.27832437431938       5   1 0  4 0  0 0  0
    76  0.4874262334868214E-01   5   0 1  4 0  0 0  0
    77  -1.309865954293007       5   0 0  5 0  0 0  0
    78  -.4661713906713587E-01   5   4 0  0 1  0 0  0
    79  0.1289710835634496       5   3 1  0 1  0 0  0
    80  0.1881468995319215E-01   5   2 2  0 1  0 0  0
    81  0.3641744901568038E-02   5   1 3  0 1  0 0  0
    82  -.1277092817453896E-01   5   0 4  0 1  0 0  0
    83  -1.325512392684000       5   3 0  1 1  0 0  0
    84  -.1513195764388268       5   2 1  1 1  0 0  0
    85  -.4152057781405818E-01   5   1 2  1 1  0 0  0
    86  0.9594335494414872E-03   5   0 3  1 1  0 0  0
    87  -.9654038169947340E-01   5   2 0  2 1  0 0  0
    88  0.1330293739293202       5   1 1  2 1  0 0  0
    89  0.1240862098723198E-01   5   0 2  2 1  0 0  0
    90  -1.325512392684000       5   1 0  3 1  0 0  0
    91  -.8424489090166563E-01   5   0 1  3 1  0 0  0
    92  -.4992324263233804E-01   5   0 0  4 1  0 0  0
    93  0.1340420266599934E-01   5   3 0  0 2  0 0  0
    94  0.1724059772786882E-01   5   2 1  0 2  0 0  0
    95  0.7246891671742019E-03   5   1 2  0 2  0 0  0
    96  -.1178274933298105       5   0 3  0 2  0 0  0
    97  -.8543007041650562E-01   5   2 0  1 2  0 0  0
    98  0.2701266200215076E-02   5   1 1  1 2  0 0  0
    99  -.4085249766491690E-02   5   0 2  1 2  0 0  0
   100  -.2013314010258123E-01   5   1 0  2 2  0 0  0
   101  0.4970047941680673E-01   5   0 1  2 2  0 0  0
   102  -.8340092523357054E-01   5   0 0  3 2  0 0  0
   103  0.1577891156446706E-01   5   2 0  0 3  0 0  0
   104  0.3641744901568037E-02   5   1 1  0 3  0 0  0
   105  -.2554185634907728E-01   5   0 2  0 3  0 0  0
   106  -.3548011373064448E-01   5   1 0  1 3  0 0  0
   107  0.9594335494414867E-03   5   0 1  1 3  0 0  0
   108  0.1544439937595735E-01   5   0 0  2 3  0 0  0
   109  -.1173721911332644E-03   5   1 0  0 4  0 0  0
   110  -.5891374666490522E-01   5   0 1  0 4  0 0  0
   111  -.2217524324608518E-03   5   0 0  1 4  0 0  0
   112  -.1277092817453877E-01   5   0 0  0 5  0 0  0
   113  0.1158492195938336E-01   5   3 0  0 0  0 2  0
   114  0.1734776272665544E-01   5   2 1  0 0  0 2  0
   115  0.1455919880467379E-02   5   1 2  0 0  0 2  0
   116  -.2285618493481009       5   0 3  0 0  0 2  0
   117  -.7496104746882196E-01   5   2 0  1 0  0 2  0
   118  -.1023538117497770E-04   5   1 1  1 0  0 2  0
   119  -.8897499155583591E-02   5   0 2  1 0  0 2  0
   120  0.1158492195938336E-01   5   1 0  2 0  0 2  0
   121  0.5323319460124176E-01   5   0 1  2 0  0 2  0
   122  -.7496104746882194E-01   5   0 0  3 0  0 2  0
   123  0.2370710768118445E-01   5   2 0  0 1  0 2  0
   124  0.6976630673304346E-02   5   1 1  0 1  0 2  0
   125  -.6178486565341001E-01   5   0 2  0 1  0 2  0
   126  -.3588543187458631E-01   5   1 0  1 1  0 2  0
   127  0.6612449702161222E-03   5   0 1  1 1  0 2  0
   128  0.2369687230000944E-01   5   0 0  2 1  0 2  0
   129  0.7946749102512559E-03   5   1 0  0 2  0 2  0
   130  -.2285618493481009       5   0 1  0 2  0 2  0
   131  -.1920868482279245E-02   5   0 0  1 2  0 2  0
   132  -.6178486565341001E-01   5   0 0  0 3  0 2  0
   133  0.1602090867621859E-03   5   1 0  0 0  0 4  0
   134  -.5501394900274923E-01   5   0 1  0 0  0 4  0
   135  -.7135015868912583E-03   5   0 0  1 0  0 4  0
   136  -.1980488461437689E-01   5   0 0  0 1  0 4  0
   --------------------------------------------------
     I  COEFFICIENT            ORDER EXPONENTS
     1  1.0000000000000000       1   0 0  0 0  1 0  0
     2  0.3845463487677048E-02   1   0 0  0 0  0 1  0
     3  -.2858591620519855E-05   2   2 0  0 0  0 0  0
     4  -.1888024199058687E-04   2   1 1  0 0  0 0  0
     5  -.1292834518552085E-01   2   0 2  0 0  0 0  0
     6  -.3248374611069374E-03   2   0 1  1 0  0 0  0
     7  -.2858591620519855E-05   2   0 0  2 0  0 0  0
     8  0.3248374611069374E-03   2   1 0  0 1  0 0  0
     9  -.1888024199058687E-04   2   0 0  1 1  0 0  0
    10  -.1292834518552085E-01   2   0 0  0 2  0 0  0
    11  -.3931661018608455E-02   2   0 0  0 0  0 2  0
    12  0.4317033933818657E-05   3   2 0  0 0  0 1  0
    13  0.4137992615726527E-04   3   1 1  0 0  0 1  0
    14  0.1954719908551913E-01   3   0 2  0 0  0 1  0
    15  0.4900701654249208E-03   3   0 1  1 0  0 1  0
    16  0.4317033933818657E-05   3   0 0  2 0  0 1  0
    17  -.4900701654249208E-03   3   1 0  0 1  0 1  0
    18  0.4137992615726527E-04   3   0 0  1 1  0 1  0
    19  0.1954719908551913E-01   3   0 0  0 2  0 1  0
    20  0.3768058509294893E-02   3   0 0  0 0  0 3  0
    21  -.4097070856330433E-03   4   4 0  0 0  0 0  0
    22  -.1274092064476689E-02   4   3 1  0 0  0 0  0
    23  -.6503699245034999E-04   4   2 2  0 0  0 0  0
    24  -.3884322366760343E-04   4   1 3  0 0  0 0  0
    25  -.9696592451948923E-02   4   0 4  0 0  0 0  0
    26  -.2378254749652487E-01   4   2 1  1 0  0 0  0
    27  -.6050860977581510E-03   4   1 2  1 0  0 0  0
    28  -.4922215418612939E-03   4   0 3  1 0  0 0  0
    29  -.8194141712660857E-03   4   2 0  2 0  0 0  0
    30  -.1274092064476683E-02   4   1 1  2 0  0 0  0
    31  -.8322515861997868E-06   4   0 2  2 0  0 0  0
    32  -.2378254749652487E-01   4   0 1  3 0  0 0  0
    33  -.4097070856330429E-03   4   0 0  4 0  0 0  0
    34  0.2378254749652490E-01   4   3 0  0 1  0 0  0
    35  0.6050860977581553E-03   4   2 1  0 1  0 0  0
    36  0.4922215418612939E-03   4   1 2  0 1  0 0  0
    37  -.1274092064476683E-02   4   2 0  1 1  0 0  0
    38  -.1284094817282988E-03   4   1 1  1 1  0 0  0
    39  -.3884322366760347E-04   4   0 2  1 1  0 0  0
    40  0.2378254749652487E-01   4   1 0  2 1  0 0  0
    41  -.6050860977581572E-03   4   0 1  2 1  0 0  0
    42  -.1274092064476685E-02   4   0 0  3 1  0 0  0
    43  -.8322515861997549E-06   4   2 0  0 2  0 0  0
    44  -.3884322366760345E-04   4   1 1  0 2  0 0  0
    45  -.1939318490389785E-01   4   0 2  0 2  0 0  0
    46  0.6050860977581513E-03   4   1 0  1 2  0 0  0
    47  -.4922215418612939E-03   4   0 1  1 2  0 0  0
    48  -.6503699245035038E-04   4   0 0  2 2  0 0  0
    49  0.4922215418612939E-03   4   1 0  0 3  0 0  0
    50  -.3884322366760343E-04   4   0 0  1 3  0 0  0
    51  -.9696592451948923E-02   4   0 0  0 4  0 0  0
    52  -.5275219892724566E-05   4   2 0  0 0  0 2  0
    53  -.6399840332063133E-04   4   1 1  0 0  0 2  0
    54  -.2391747785920011E-01   4   0 2  0 0  0 2  0
    55  -.5981536032807402E-03   4   0 1  1 0  0 2  0
    56  -.5275219892724566E-05   4   0 0  2 0  0 2  0
    57  0.5981536032807402E-03   4   1 0  0 1  0 2  0
    58  -.6399840332063133E-04   4   0 0  1 1  0 2  0
    59  -.2391747785920011E-01   4   0 0  0 2  0 2  0
    60  -.3542567864577317E-02   4   0 0  0 0  0 4  0
    61  0.6187449458332731E-03   5   4 0  0 0  0 1  0
    62  0.2792630519270234E-02   5   3 1  0 0  0 1  0
    63  0.1868005773620276E-03   5   2 2  0 0  0 1  0
    64  0.1380486905687125E-03   5   1 3  0 0  0 1  0
    65  0.2787995142504177E-01   5   0 4  0 0  0 1  0
    66  0.3589014134198286E-01   5   2 1  1 0  0 1  0
    67  0.1321616821503760E-02   5   1 2  1 0  0 1  0
    68  0.1412487988367382E-02   5   0 3  1 0  0 1  0
    69  0.1237489891666544E-02   5   2 0  2 0  0 1  0
    70  0.2792630519270223E-02   5   1 1  2 0  0 1  0
    71  0.2478676622383022E-05   5   0 2  2 0  0 1  0
    72  0.3589014134198285E-01   5   0 1  3 0  0 1  0
    73  0.6187449458332723E-03   5   0 0  4 0  0 1  0
    74  -.3589014134198290E-01   5   3 0  0 1  0 1  0
    75  -.1321616821503769E-02   5   2 1  0 1  0 1  0
    76  -.1412487988367381E-02   5   1 2  0 1  0 1  0
    77  0.2792630519270222E-02   5   2 0  1 1  0 1  0
    78  0.3686438014792845E-03   5   1 1  1 1  0 1  0
    79  0.1380486905687126E-03   5   0 2  1 1  0 1  0
    80  -.3589014134198285E-01   5   1 0  2 1  0 1  0
    81  0.1321616821503770E-02   5   0 1  2 1  0 1  0
    82  0.2792630519270225E-02   5   0 0  3 1  0 1  0
    83  0.2478676622382794E-05   5   2 0  0 2  0 1  0
    84  0.1380486905687126E-03   5   1 1  0 2  0 1  0
    85  0.5575990285008355E-01   5   0 2  0 2  0 1  0
    86  -.1321616821503761E-02   5   1 0  1 2  0 1  0
    87  0.1412487988367381E-02   5   0 1  1 2  0 1  0
    88  0.1868005773620284E-03   5   0 0  2 2  0 1  0
    89  -.1412487988367382E-02   5   1 0  0 3  0 1  0
    90  0.1380486905687125E-03   5   0 0  1 3  0 1  0
    91  0.2787995142504177E-01   5   0 0  0 4  0 1  0
    92  0.6032612833437606E-05   5   2 0  0 0  0 3  0
    93  0.8620659551169339E-04   5   1 1  0 0  0 3  0
    94  0.2738927644855082E-01   5   0 2  0 0  0 3  0
    95  0.6832106699825377E-03   5   0 1  1 0  0 3  0
    96  0.6032612833437606E-05   5   0 0  2 0  0 3  0
    97  -.6832106699825377E-03   5   1 0  0 1  0 3  0
    98  0.8620659551169339E-04   5   0 0  1 1  0 3  0
    99  0.2738927644855082E-01   5   0 0  0 2  0 3  0
   100  0.3319893953354093E-02   5   0 0  0 0  0 5  0
   --------------------------------------------------
     I  COEFFICIENT            ORDER EXPONENTS
     1  1.0000000000000000       1   0 0  0 0  0 1  0
     ------------------------------------------------
     ALL COMPONENTS ZERO 
     ------------------- 
     ALL COMPONENTS ZERO 
     ------------------- 
