 L    0.3793416666666660E-01
 P (  0.0000000000000000E+00,  0.0000000000000000E+00,  0.0000000000000000E+00)
 A (  0.0000000000000000E+00,  0.0000000000000000E+00,  0.0000000000000000E+00)
     I  COEFFICIENT            ORDER EXPONENTS
     1  0.9999973852318015       1   1 0  0 0  0 0  0
     2  0.7562737255661865E-01   1   0 1  0 0  0 0  0
     3  -.1209968691739270E-01   1   0 0  1 0  0 0  0
     4  0.5063687847156586E-02   1   0 0  0 1  0 0  0
     5  0.3559917019675674E-05   2   1 0  0 0  0 1  0
     6  -.5122022775774637E-01   2   0 1  0 0  0 1  0
     7  0.8220547293123584E-02   2   0 0  1 0  0 1  0
     8  -.6891708846589855E-02   2   0 0  0 1  0 1  0
     9  -.3167908528206716E-04   3   3 0  0 0  0 0  0
    10  0.2299697614983743E-02   3   2 1  0 0  0 0  0
    11  -.7578290593347817E-03   3   1 2  0 0  0 0  0
    12  0.3756632966888854E-01   3   0 3  0 0  0 0  0
    13  -.1347336643134208       3   2 0  1 0  0 0  0
    14  -.6187516139358325E-02   3   1 1  1 0  0 0  0
    15  -.1817640924846648E-01   3   0 2  1 0  0 0  0
    16  -.3167908528208032E-04   3   1 0  2 0  0 0  0
    17  0.5359011575261861E-02   3   0 1  2 0  0 0  0
    18  -.1347336643134208       3   0 0  3 0  0 0  0
    19  -.1388290430325633E-01   3   2 0  0 1  0 0  0
    20  0.1174565092369040E-01   3   1 1  0 1  0 0  0
    21  0.5058118426507784E-02   3   0 2  0 1  0 0  0
    22  -.3059313960278121E-02   3   1 0  1 1  0 0  0
    23  -.1538890743582957E-02   3   0 1  1 1  0 0  0
    24  -.2007042044261468E-01   3   0 0  2 1  0 0  0
    25  0.7810616842481748E-03   3   1 0  0 2  0 0  0
    26  0.3756632966888854E-01   3   0 1  0 2  0 0  0
    27  -.6430758324776079E-02   3   0 0  1 2  0 0  0
    28  0.5058118426507783E-02   3   0 0  0 3  0 0  0
    29  -.3898185053793262E-05   3   1 0  0 0  0 2  0
    30  0.3838599175563305E-01   3   0 1  0 0  0 2  0
    31  -.6187208258492103E-02   3   0 0  1 0  0 2  0
    32  0.7543393931451476E-02   3   0 0  0 1  0 2  0
    33  0.6794030776342743E-04   4   3 0  0 0  0 1  0
    34  -.4705141262814695E-02   4   2 1  0 0  0 1  0
    35  0.2060886310814181E-02   4   1 2  0 0  0 1  0
    36  -.7631617963112258E-01   4   0 3  0 0  0 1  0
    37  0.9209963253472393E-01   4   2 0  1 0  0 1  0
    38  0.8023547809108538E-02   4   1 1  1 0  0 1  0
    39  0.3699673428619223E-01   4   0 2  1 0  0 1  0
    40  0.6794030776344131E-04   4   1 0  2 0  0 1  0
    41  -.1092201548835793E-01   4   0 1  2 0  0 1  0
    42  0.9209963253472393E-01   4   0 0  3 0  0 1  0
    43  0.1893950974169652E-01   4   2 0  0 1  0 1  0
    44  -.2384465853565966E-01   4   1 1  0 1  0 1  0
    45  -.1376781467609932E-01   4   0 2  0 1  0 1  0
    46  0.6216874225543246E-02   4   1 0  1 1  0 1  0
    47  0.4185422340162940E-02   4   0 1  1 1  0 1  0
    48  0.2696305755080507E-01   4   0 0  2 1  0 1  0
    49  -.2124536029348766E-02   4   1 0  0 2  0 1  0
    50  -.7631617963112261E-01   4   0 1  0 2  0 1  0
    51  0.1315207575053256E-01   4   0 0  1 2  0 1  0
    52  -.1376781467609932E-01   4   0 0  0 3  0 1  0
    53  0.4015864168621219E-05   4   1 0  0 0  0 3  0
    54  -.3100270762779211E-01   4   0 1  0 0  0 3  0
    55  0.5021755490865406E-02   4   0 0  1 0  0 3  0
    56  -.7767427339129667E-02   4   0 0  0 1  0 3  0
    57  0.1860816057062335E-02   5   5 0  0 0  0 0  0
    58  0.4429533792326848E-01   5   4 1  0 0  0 0  0
    59  -.3957722110535777E-02   5   3 2  0 0  0 0  0
    60  0.3029445262829051E-02   5   2 3  0 0  0 0  0
    61  -.1520299088008583E-02   5   1 4  0 0  0 0  0
    62  0.2798284700423714E-01   5   0 5  0 0  0 0  0
    63  -.2977541990369845       5   4 0  1 0  0 0  0
    64  -.1537331488239351E-01   5   3 1  1 0  0 0  0
    65  -.2032924306122951       5   2 2  1 0  0 0  0
    66  -.1177957419537665E-01   5   1 3  1 0  0 0  0
    67  -.2275011070726970E-01   5   0 4  1 0  0 0  0
    68  0.3721632114124520E-02   5   3 0  2 0  0 0  0
    69  0.1429773992998001       5   2 1  2 0  0 0  0
    70  -.6905700887196679E-03   5   1 2  2 0  0 0  0
    71  0.1229315685677159E-01   5   0 3  2 0  0 0  0
    72  -.5955083980739688       5   2 0  3 0  0 0  0
    73  -.1537331488239348E-01   5   1 1  3 0  0 0  0
    74  -.2040788450183465       5   0 2  3 0  0 0  0
    75  0.1860816057062272E-02   5   1 0  4 0  0 0  0
    76  0.9868206137653164E-01   5   0 1  4 0  0 0  0
    77  -.2977541990369846       5   0 0  5 0  0 0  0
    78  -.1631510013656100       5   4 0  0 1  0 0  0
    79  0.1339662737502260       5   3 1  0 1  0 0  0
    80  -.7406527855751691E-02   5   2 2  0 1  0 0  0
    81  0.1764225142881451E-01   5   1 3  0 1  0 0  0
    82  0.5052755936235510E-02   5   0 4  0 1  0 0  0
    83  -.5438672345326310E-01   5   3 0  1 1  0 0  0
    84  -.1399192212087823E-01   5   2 1  1 1  0 0  0
    85  -.1419882556945396E-01   5   1 2  1 1  0 0  0
    86  -.3090521803133513E-02   5   0 3  1 1  0 0  0
    87  -.3416753176136143       5   2 0  2 1  0 0  0
    88  0.1355391025623287       5   1 1  2 1  0 0  0
    89  -.2536183630403965E-01   5   0 2  2 1  0 0  0
    90  -.5438672345326317E-01   5   1 0  3 1  0 0  0
    91  -.7457618077245995E-02   5   0 1  3 1  0 0  0
    92  -.1785243162480040       5   0 0  4 1  0 0  0
    93  0.6767047988526332E-02   5   3 0  0 2  0 0  0
    94  0.7964559238340486E-02   5   2 1  0 2  0 0  0
    95  0.4992362711634903E-04   5   1 2  0 2  0 0  0
    96  0.5596569400847429E-01   5   0 3  0 2  0 0  0
    97  -.7011257126812040E-01   5   2 0  1 2  0 0  0
    98  0.5718943104459555E-03   5   1 1  1 2  0 0  0
    99  -.2785796998572488E-01   5   0 2  1 2  0 0  0
   100  0.3499895966710196E-02   5   1 0  2 2  0 0  0
   101  0.7358042881260146E-02   5   0 1  2 2  0 0  0
   102  -.6932615686206922E-01   5   0 0  3 2  0 0  0
   103  -.1358226210866300E-01   5   2 0  0 3  0 0  0
   104  0.1764225142881452E-01   5   1 1  0 3  0 0  0
   105  0.1010551187247100E-01   5   0 2  0 3  0 0  0
   106  -.4328597618431101E-02   5   1 0  1 3  0 0  0
   107  -.3090521803133515E-02   5   0 1  1 3  0 0  0
   108  -.1918610205112837E-01   5   0 0  2 3  0 0  0
   109  0.1570222715124928E-02   5   1 0  0 4  0 0  0
   110  0.2798284700423715E-01   5   0 1  0 4  0 0  0
   111  -.5107859278455186E-02   5   0 0  1 4  0 0  0
   112  0.5052755936235507E-02   5   0 0  0 5  0 0  0
   113  -.1081558658307599E-03   5   3 0  0 0  0 2  0
   114  0.6768505479336041E-02   5   2 1  0 0  0 2  0
   115  -.3654252448203255E-02   5   1 2  0 0  0 2  0
   116  0.1088589094827079       5   0 3  0 0  0 2  0
   117  -.6989152812408904E-01   5   2 0  1 0  0 2  0
   118  -.8242226428498346E-02   5   1 1  1 0  0 2  0
   119  -.5289504922378038E-01   5   0 2  1 0  0 2  0
   120  -.1081558658307790E-03   5   1 0  2 0  0 2  0
   121  0.1563963120249829E-01   5   0 1  2 0  0 2  0
   122  -.6989152812408908E-01   5   0 0  3 0  0 2  0
   123  -.2079081364311345E-01   5   2 0  0 1  0 2  0
   124  0.3398419089332091E-01   5   1 1  0 1  0 2  0
   125  0.2443782783183853E-01   5   0 2  0 1  0 2  0
   126  -.8871125723162256E-02   5   1 0  1 1  0 2  0
   127  -.7422325921320446E-02   5   0 1  1 1  0 2  0
   128  -.2903304007161179E-01   5   0 0  2 1  0 2  0
   129  0.3768073473117186E-02   5   1 0  0 2  0 2  0
   130  0.1088589094827079       5   0 1  0 2  0 2  0
   131  -.1891085833045949E-01   5   0 0  1 2  0 2  0
   132  0.2443782783183851E-01   5   0 0  0 3  0 2  0
   133  -.4053366468791900E-05   5   1 0  0 0  0 4  0
   134  0.2635085478205881E-01   5   0 1  0 0  0 4  0
   135  -.4290451077569632E-02   5   0 0  1 0  0 4  0
   136  0.7835998342661674E-02   5   0 0  0 1  0 4  0
   --------------------------------------------------
     I  COEFFICIENT            ORDER EXPONENTS
     1  -.2332497925659151E-01   1   1 0  0 0  0 0  0
     2  0.9999973852318015       1   0 1  0 0  0 0  0
     3  -.3184191031759966       1   0 0  1 0  0 0  0
     4  -.1209968691739272E-01   1   0 0  0 1  0 0  0
     5  0.1584690117478915E-01   2   1 0  0 0  0 1  0
     6  0.3559917019673939E-05   2   0 1  0 0  0 1  0
     7  -.1448235755642803E-02   2   0 0  1 0  0 1  0
     8  0.8220547293123590E-02   2   0 0  0 1  0 1  0
     9  -.2228748895234685       3   3 0  0 0  0 0  0
    10  -.1291140597591549E-01   3   2 1  0 0  0 0  0
    11  -.1148196736243214E-01   3   1 2  0 0  0 0  0
    12  0.1384220479804297E-04   3   0 3  0 0  0 0  0
    13  -3.539986845486739       3   2 0  1 0  0 0  0
    14  -.2597687555457266       3   1 1  1 0  0 0  0
    15  -.5757308147957991E-02   3   0 2  1 0  0 0  0
    16  -.2228748895234688       3   1 0  2 0  0 0  0
    17  0.1952643851220151E-01   3   0 1  2 0  0 0  0
    18  -3.539986845486740       3   0 0  3 0  0 0  0
    19  -.1460566794082086       3   2 0  0 1  0 0  0
    20  0.9107383987177822E-02   3   1 1  0 1  0 0  0
    21  -.5612987091849637E-02   3   0 2  0 1  0 0  0
    22  -.3243784448811703E-01   3   1 0  1 1  0 0  0
    23  0.2252831746114465E-01   3   0 1  1 1  0 0  0
    24  -.4058254349539352       3   0 0  2 1  0 0  0
    25  -.3401028482357682E-01   3   1 0  0 2  0 0  0
    26  0.1384220479803966E-04   3   0 1  0 2  0 0  0
    27  0.3350075839219844E-02   3   0 0  1 2  0 0  0
    28  -.5612987091849653E-02   3   0 0  0 3  0 0  0
    29  -.1192706445123041E-01   3   1 0  0 0  0 2  0
    30  -.3898185053792178E-05   3   0 1  0 0  0 2  0
    31  0.1586455659717754E-02   3   0 0  1 0  0 2  0
    32  -.6187208258492102E-02   3   0 0  0 1  0 2  0
    33  0.1530722487379859       4   3 0  0 0  0 1  0
    34  0.1685359497277532E-01   4   2 1  0 0  0 1  0
    35  0.2338013405627109E-01   4   1 2  0 0  0 1  0
    36  -.3779662249558773E-04   4   0 3  0 0  0 1  0
    37  -.9168718344807236E-02   4   2 0  1 0  0 1  0
    38  0.1645103595945586       4   1 1  1 0  0 1  0
    39  0.6210948675213666E-02   4   0 2  1 0  0 1  0
    40  0.1530722487379861       4   1 0  2 0  0 1  0
    41  -.2570653561855453E-01   4   0 1  2 0  0 1  0
    42  -.9168718344807257E-02   4   0 0  3 0  0 1  0
    43  0.1151698367450730       4   2 0  0 1  0 1  0
    44  -.1483424850290324E-01   4   1 1  0 1  0 1  0
    45  0.1141566191877389E-01   4   0 2  0 1  0 1  0
    46  0.4256013059132992E-01   4   1 0  1 1  0 1  0
    47  -.4593715515800092E-01   4   0 1  1 1  0 1  0
    48  0.2796801963396315       4   0 0  2 1  0 1  0
    49  0.6931728921427206E-01   4   1 0  0 2  0 1  0
    50  -.3779662249556951E-04   4   0 1  0 2  0 1  0
    51  -.8623299827689591E-02   4   0 0  1 2  0 1  0
    52  0.1141566191877391E-01   4   0 0  0 3  0 1  0
    53  0.9680302615582516E-02   4   1 0  0 0  0 3  0
    54  0.4015864168618183E-05   4   0 1  0 0  0 3  0
    55  -.1635052999467174E-02   4   0 0  1 0  0 3  0
    56  0.5021755490865400E-02   4   0 0  0 1  0 3  0
    57  0.5280540618261629       5   5 0  0 0  0 0  0
    58  0.2305608578532616       5   4 1  0 0  0 0  0
    59  -.8133869967604770E-01   5   3 2  0 0  0 0  0
    60  -.1066615090326243E-01   5   2 3  0 0  0 0  0
    61  -.8416151086867749E-02   5   1 4  0 0  0 0  0
    62  0.3083372881443732E-04   5   0 5  0 0  0 0  0
    63  -7.632154448261802       5   4 0  1 0  0 0  0
    64  -1.043539758952891       5   3 1  1 0  0 0  0
    65  -.8481972795164347E-01   5   2 2  1 0  0 0  0
    66  -.1253011030334441       5   1 3  1 0  0 0  0
    67  -.5712663740838209E-02   5   0 4  1 0  0 0  0
    68   1.056108123652330       5   3 0  2 0  0 0  0
    69  0.2863103333546326       5   2 1  2 0  0 0  0
    70  -.6011857575292653E-01   5   1 2  2 0  0 0  0
    71  0.2096486042428245E-01   5   0 3  2 0  0 0  0
    72  -15.26430889652360       5   2 0  3 0  0 0  0
    73  -1.043539758952891       5   1 1  3 0  0 0  0
    74  -.2899211511982468E-01   5   0 2  3 0  0 0  0
    75  0.5280540618261667       5   1 0  4 0  0 0  0
    76  0.5574947550136963E-01   5   0 1  4 0  0 0  0
    77  -7.632154448261803       5   0 0  5 0  0 0  0
    78  -.4825836064609830       5   4 0  0 1  0 0  0
    79  0.5596638673397029       5   3 1  0 1  0 0  0
    80  -.1856038510114143E-01   5   2 2  0 1  0 0  0
    81  0.1376696202352853E-01   5   1 3  0 1  0 0  0
    82  -.3820277939839826E-02   5   0 4  0 1  0 0  0
    83  0.1748113823518931       5   3 0  1 1  0 0  0
    84  0.1731041304339485       5   2 1  1 1  0 0  0
    85  -.2860120119819414E-01   5   1 2  1 1  0 0  0
    86  0.3360021482945628E-01   5   0 3  1 1  0 0  0
    87  -2.008706971874853       5   2 0  2 1  0 0  0
    88  0.4480086416760671       5   1 1  2 1  0 0  0
    89  -.1992690646860854       5   0 2  2 1  0 0  0
    90  0.1748113823518932       5   1 0  3 1  0 0  0
    91  0.2155443782801909       5   0 1  3 1  0 0  0
    92  -1.526123365413872       5   0 0  4 1  0 0  0
    93  -.2756629540331173       5   3 0  0 2  0 0  0
    94  -.1369596103261321E-01   5   2 1  0 2  0 0  0
    95  -.5043251700319162E-01   5   1 2  0 2  0 0  0
    96  0.6166745762888710E-04   5   0 3  0 2  0 0  0
    97  0.5306717522198801       5   2 0  1 2  0 0  0
    98  -.1448594993044464E-01   5   1 1  1 2  0 0  0
    99  0.2341634541852258E-02   5   0 2  1 2  0 0  0
   100  -.2968830779562386       5   1 0  2 2  0 0  0
   101  0.2399467055363298E-01   5   0 1  2 2  0 0  0
   102  0.4748441393880605       5   0 0  3 2  0 0  0
   103  -.7396796165264115E-01   5   2 0  0 3  0 0  0
   104  0.1376696202352849E-01   5   1 1  0 3  0 0  0
   105  -.7640555879679668E-02   5   0 2  0 3  0 0  0
   106  -.3466082145689550E-01   5   1 0  1 3  0 0  0
   107  0.3360021482945624E-01   5   0 1  1 3  0 0  0
   108  -.1438614881345856       5   0 0  2 3  0 0  0
   109  -.4201636591632403E-01   5   1 0  0 4  0 0  0
   110  0.3083372881442642E-04   5   0 1  0 4  0 0  0
   111  0.8054298282690435E-02   5   0 0  1 4  0 0  0
   112  -.3820277939839856E-02   5   0 0  0 5  0 0  0
   113  -.1168929338636402       5   3 0  0 0  0 2  0
   114  -.1747109998148987E-01   5   2 1  0 0  0 2  0
   115  -.3344317260389549E-01   5   1 2  0 0  0 2  0
   116  0.6733266814522819E-04   5   0 3  0 0  0 2  0
   117  0.1020335930669069E-01   5   2 0  1 0  0 2  0
   118  -.1117217933802468       5   1 1  1 0  0 2  0
   119  -.4585695216526431E-02   5   0 2  1 0  0 2  0
   120  -.1168929338636404       5   1 0  2 0  0 2  0
   121  0.2695673582278421E-01   5   0 1  2 0  0 2  0
   122  0.1020335930669071E-01   5   0 0  3 0  0 2  0
   123  -.1029149512741216       5   2 0  0 1  0 2  0
   124  0.1956163302036123E-01   5   1 1  0 1  0 2  0
   125  -.1630549925258660E-01   5   0 2  0 1  0 2  0
   126  -.4442783580427417E-01   5   1 0  1 1  0 2  0
   127  0.6581804256138579E-01   5   0 1  1 1  0 2  0
   128  -.2146367446543684       5   0 0  2 1  0 2  0
   129  -.9926121516528133E-01   5   1 0  0 2  0 2  0
   130  0.6733266814519349E-04   5   0 1  0 2  0 2  0
   131  0.1497593780383480E-01   5   0 0  1 2  0 2  0
   132  -.1630549925258661E-01   5   0 0  0 3  0 2  0
   133  -.8270477536234017E-02   5   1 0  0 0  0 4  0
   134  -.4053366468787997E-05   5   0 1  0 0  0 4  0
   135  0.1651080584642183E-02   5   0 0  1 0  0 4  0
   136  -.4290451077569639E-02   5   0 0  0 1  0 4  0
   --------------------------------------------------
     I  COEFFICIENT            ORDER EXPONENTS
     1  0.1209968691739270E-01   1   1 0  0 0  0 0  0
     2  -.5063687847156588E-02   1   0 1  0 0  0 0  0
     3  0.9999973852318015       1   0 0  1 0  0 0  0
     4  0.7562737255661867E-01   1   0 0  0 1  0 0  0
     5  -.8220547293123586E-02   2   1 0  0 0  0 1  0
     6  0.6891708846589857E-02   2   0 1  0 0  0 1  0
     7  0.3559917019675511E-05   2   0 0  1 0  0 1  0
     8  -.5122022775774637E-01   2   0 0  0 1  0 1  0
     9  0.1347336643134208       3   3 0  0 0  0 0  0
    10  0.2007042044261468E-01   3   2 1  0 0  0 0  0
    11  0.6430758324776078E-02   3   1 2  0 0  0 0  0
    12  -.5058118426507783E-02   3   0 3  0 0  0 0  0
    13  -.3167908528207142E-04   3   2 0  1 0  0 0  0
    14  -.3059313960278120E-02   3   1 1  1 0  0 0  0
    15  0.7810616842481748E-03   3   0 2  1 0  0 0  0
    16  0.1347336643134209       3   1 0  2 0  0 0  0
    17  0.1388290430325635E-01   3   0 1  2 0  0 0  0
    18  -.3167908528207509E-04   3   0 0  3 0  0 0  0
    19  0.5359011575261864E-02   3   2 0  0 1  0 0  0
    20  -.1538890743582958E-02   3   1 1  0 1  0 0  0
    21  0.3756632966888854E-01   3   0 2  0 1  0 0  0
    22  0.6187516139358327E-02   3   1 0  1 1  0 0  0
    23  -.1174565092369040E-01   3   0 1  1 1  0 0  0
    24  0.2299697614983744E-02   3   0 0  2 1  0 0  0
    25  0.1817640924846648E-01   3   1 0  0 2  0 0  0
    26  -.5058118426507784E-02   3   0 1  0 2  0 0  0
    27  -.7578290593347816E-03   3   0 0  1 2  0 0  0
    28  0.3756632966888855E-01   3   0 0  0 3  0 0  0
    29  0.6187208258492106E-02   3   1 0  0 0  0 2  0
    30  -.7543393931451478E-02   3   0 1  0 0  0 2  0
    31  -.3898185053792964E-05   3   0 0  1 0  0 2  0
    32  0.3838599175563306E-01   3   0 0  0 1  0 2  0
    33  -.9209963253472395E-01   4   3 0  0 0  0 1  0
    34  -.2696305755080507E-01   4   2 1  0 0  0 1  0
    35  -.1315207575053257E-01   4   1 2  0 0  0 1  0
    36  0.1376781467609932E-01   4   0 3  0 0  0 1  0
    37  0.6794030776343307E-04   4   2 0  1 0  0 1  0
    38  0.6216874225543243E-02   4   1 1  1 0  0 1  0
    39  -.2124536029348767E-02   4   0 2  1 0  0 1  0
    40  -.9209963253472399E-01   4   1 0  2 0  0 1  0
    41  -.1893950974169654E-01   4   0 1  2 0  0 1  0
    42  0.6794030776343957E-04   4   0 0  3 0  0 1  0
    43  -.1092201548835793E-01   4   2 0  0 1  0 1  0
    44  0.4185422340162947E-02   4   1 1  0 1  0 1  0
    45  -.7631617963112261E-01   4   0 2  0 1  0 1  0
    46  -.8023547809108548E-02   4   1 0  1 1  0 1  0
    47  0.2384465853565967E-01   4   0 1  1 1  0 1  0
    48  -.4705141262814695E-02   4   0 0  2 1  0 1  0
    49  -.3699673428619223E-01   4   1 0  0 2  0 1  0
    50  0.1376781467609932E-01   4   0 1  0 2  0 1  0
    51  0.2060886310814179E-02   4   0 0  1 2  0 1  0
    52  -.7631617963112261E-01   4   0 0  0 3  0 1  0
    53  -.5021755490865407E-02   4   1 0  0 0  0 3  0
    54  0.7767427339129669E-02   4   0 1  0 0  0 3  0
    55  0.4015864168621110E-05   4   0 0  1 0  0 3  0
    56  -.3100270762779211E-01   4   0 0  0 1  0 3  0
    57  0.2977541990369847       5   5 0  0 0  0 0  0
    58  0.1785243162480041       5   4 1  0 0  0 0  0
    59  0.6932615686206914E-01   5   3 2  0 0  0 0  0
    60  0.1918610205112836E-01   5   2 3  0 0  0 0  0
    61  0.5107859278455185E-02   5   1 4  0 0  0 0  0
    62  -.5052755936235507E-02   5   0 5  0 0  0 0  0
    63  0.1860816057062277E-02   5   4 0  1 0  0 0  0
    64  -.5438672345326311E-01   5   3 1  1 0  0 0  0
    65  0.3499895966710209E-02   5   2 2  1 0  0 0  0
    66  -.4328597618431101E-02   5   1 3  1 0  0 0  0
    67  0.1570222715124932E-02   5   0 4  1 0  0 0  0
    68  0.5955083980739693       5   3 0  2 0  0 0  0
    69  0.3416753176136139       5   2 1  2 0  0 0  0
    70  0.7011257126812041E-01   5   1 2  2 0  0 0  0
    71  0.1358226210866301E-01   5   0 3  2 0  0 0  0
    72  0.3721632114124728E-02   5   2 0  3 0  0 0  0
    73  -.5438672345326309E-01   5   1 1  3 0  0 0  0
    74  0.6767047988526321E-02   5   0 2  3 0  0 0  0
    75  0.2977541990369846       5   1 0  4 0  0 0  0
    76  0.1631510013656099       5   0 1  4 0  0 0  0
    77  0.1860816057062330E-02   5   0 0  5 0  0 0  0
    78  0.9868206137653161E-01   5   4 0  0 1  0 0  0
    79  -.7457618077245977E-02   5   3 1  0 1  0 0  0
    80  0.7358042881260149E-02   5   2 2  0 1  0 0  0
    81  -.3090521803133516E-02   5   1 3  0 1  0 0  0
    82  0.2798284700423716E-01   5   0 4  0 1  0 0  0
    83  0.1537331488239351E-01   5   3 0  1 1  0 0  0
    84  -.1355391025623285       5   2 1  1 1  0 0  0
    85  -.5718943104459555E-03   5   1 2  1 1  0 0  0
    86  -.1764225142881452E-01   5   0 3  1 1  0 0  0
    87  0.1429773992998001       5   2 0  2 1  0 0  0
    88  -.1399192212087824E-01   5   1 1  2 1  0 0  0
    89  0.7964559238340489E-02   5   0 2  2 1  0 0  0
    90  0.1537331488239350E-01   5   1 0  3 1  0 0  0
    91  -.1339662737502260       5   0 1  3 1  0 0  0
    92  0.4429533792326851E-01   5   0 0  4 1  0 0  0
    93  0.2040788450183464       5   3 0  0 2  0 0  0
    94  0.2536183630403966E-01   5   2 1  0 2  0 0  0
    95  0.2785796998572488E-01   5   1 2  0 2  0 0  0
    96  -.1010551187247101E-01   5   0 3  0 2  0 0  0
    97  -.6905700887196760E-03   5   2 0  1 2  0 0  0
    98  -.1419882556945397E-01   5   1 1  1 2  0 0  0
    99  0.4992362711635172E-04   5   0 2  1 2  0 0  0
   100  0.2032924306122952       5   1 0  2 2  0 0  0
   101  0.7406527855751703E-02   5   0 1  2 2  0 0  0
   102  -.3957722110535797E-02   5   0 0  3 2  0 0  0
   103  0.1229315685677160E-01   5   2 0  0 3  0 0  0
   104  -.3090521803133516E-02   5   1 1  0 3  0 0  0
   105  0.5596569400847433E-01   5   0 2  0 3  0 0  0
   106  0.1177957419537664E-01   5   1 0  1 3  0 0  0
   107  -.1764225142881452E-01   5   0 1  1 3  0 0  0
   108  0.3029445262829053E-02   5   0 0  2 3  0 0  0
   109  0.2275011070726971E-01   5   1 0  0 4  0 0  0
   110  -.5052755936235507E-02   5   0 1  0 4  0 0  0
   111  -.1520299088008583E-02   5   0 0  1 4  0 0  0
   112  0.2798284700423716E-01   5   0 0  0 5  0 0  0
   113  0.6989152812408905E-01   5   3 0  0 0  0 2  0
   114  0.2903304007161178E-01   5   2 1  0 0  0 2  0
   115  0.1891085833045949E-01   5   1 2  0 0  0 2  0
   116  -.2443782783183853E-01   5   0 3  0 0  0 2  0
   117  -.1081558658307647E-03   5   2 0  1 0  0 2  0
   118  -.8871125723162258E-02   5   1 1  1 0  0 2  0
   119  0.3768073473117195E-02   5   0 2  1 0  0 2  0
   120  0.6989152812408908E-01   5   1 0  2 0  0 2  0
   121  0.2079081364311345E-01   5   0 1  2 0  0 2  0
   122  -.1081558658307749E-03   5   0 0  3 0  0 2  0
   123  0.1563963120249830E-01   5   2 0  0 1  0 2  0
   124  -.7422325921320441E-02   5   1 1  0 1  0 2  0
   125  0.1088589094827079       5   0 2  0 1  0 2  0
   126  0.8242226428498346E-02   5   1 0  1 1  0 2  0
   127  -.3398419089332092E-01   5   0 1  1 1  0 2  0
   128  0.6768505479336038E-02   5   0 0  2 1  0 2  0
   129  0.5289504922378042E-01   5   1 0  0 2  0 2  0
   130  -.2443782783183852E-01   5   0 1  0 2  0 2  0
   131  -.3654252448203254E-02   5   0 0  1 2  0 2  0
   132  0.1088589094827079       5   0 0  0 3  0 2  0
   133  0.4290451077569632E-02   5   1 0  0 0  0 4  0
   134  -.7835998342661677E-02   5   0 1  0 0  0 4  0
   135  -.4053366468791494E-05   5   0 0  1 0  0 4  0
   136  0.2635085478205881E-01   5   0 0  0 1  0 4  0
   --------------------------------------------------
     I  COEFFICIENT            ORDER EXPONENTS
     1  0.3184191031759965       1   1 0  0 0  0 0  0
     2  0.1209968691739269E-01   1   0 1  0 0  0 0  0
     3  -.2332497925659151E-01   1   0 0  1 0  0 0  0
     4  0.9999973852318016       1   0 0  0 1  0 0  0
     5  0.1448235755642804E-02   2   1 0  0 0  0 1  0
     6  -.8220547293123574E-02   2   0 1  0 0  0 1  0
     7  0.1584690117478915E-01   2   0 0  1 0  0 1  0
     8  0.3559917019679143E-05   2   0 0  0 1  0 1  0
     9   3.539986845486739       3   3 0  0 0  0 0  0
    10  0.4058254349539353       3   2 1  0 0  0 0  0
    11  -.3350075839219869E-02   3   1 2  0 0  0 0  0
    12  0.5612987091849659E-02   3   0 3  0 0  0 0  0
    13  -.2228748895234687       3   2 0  1 0  0 0  0
    14  -.3243784448811701E-01   3   1 1  1 0  0 0  0
    15  -.3401028482357680E-01   3   0 2  1 0  0 0  0
    16   3.539986845486741       3   1 0  2 0  0 0  0
    17  0.1460566794082089       3   0 1  2 0  0 0  0
    18  -.2228748895234689       3   0 0  3 0  0 0  0
    19  0.1952643851220157E-01   3   2 0  0 1  0 0  0
    20  0.2252831746114466E-01   3   1 1  0 1  0 0  0
    21  0.1384220479804497E-04   3   0 2  0 1  0 0  0
    22  0.2597687555457266       3   1 0  1 1  0 0  0
    23  -.9107383987177795E-02   3   0 1  1 1  0 0  0
    24  -.1291140597591548E-01   3   0 0  2 1  0 0  0
    25  0.5757308147957991E-02   3   1 0  0 2  0 0  0
    26  0.5612987091849699E-02   3   0 1  0 2  0 0  0
    27  -.1148196736243215E-01   3   0 0  1 2  0 0  0
    28  0.1384220479804833E-04   3   0 0  0 3  0 0  0
    29  -.1586455659717756E-02   3   1 0  0 0  0 2  0
    30  0.6187208258492109E-02   3   0 1  0 0  0 2  0
    31  -.1192706445123041E-01   3   0 0  1 0  0 2  0
    32  -.3898185053797382E-05   3   0 0  0 1  0 2  0
    33  0.9168718344807212E-02   4   3 0  0 0  0 1  0
    34  -.2796801963396315       4   2 1  0 0  0 1  0
    35  0.8623299827689621E-02   4   1 2  0 0  0 1  0
    36  -.1141566191877394E-01   4   0 3  0 0  0 1  0
    37  0.1530722487379860       4   2 0  1 0  0 1  0
    38  0.4256013059132990E-01   4   1 1  1 0  0 1  0
    39  0.6931728921427205E-01   4   0 2  1 0  0 1  0
    40  0.9168718344807253E-02   4   1 0  2 0  0 1  0
    41  -.1151698367450731       4   0 1  2 0  0 1  0
    42  0.1530722487379861       4   0 0  3 0  0 1  0
    43  -.2570653561855456E-01   4   2 0  0 1  0 1  0
    44  -.4593715515800090E-01   4   1 1  0 1  0 1  0
    45  -.3779662249557352E-04   4   0 2  0 1  0 1  0
    46  -.1645103595945586       4   1 0  1 1  0 1  0
    47  0.1483424850290325E-01   4   0 1  1 1  0 1  0
    48  0.1685359497277532E-01   4   0 0  2 1  0 1  0
    49  -.6210948675213671E-02   4   1 0  0 2  0 1  0
    50  -.1141566191877396E-01   4   0 1  0 2  0 1  0
    51  0.2338013405627110E-01   4   0 0  1 2  0 1  0
    52  -.3779662249560713E-04   4   0 0  0 3  0 1  0
    53  0.1635052999467174E-02   4   1 0  0 0  0 3  0
    54  -.5021755490865394E-02   4   0 1  0 0  0 3  0
    55  0.9680302615582517E-02   4   0 0  1 0  0 3  0
    56  0.4015864168623387E-05   4   0 0  0 1  0 3  0
    57   7.632154448261804       5   5 0  0 0  0 0  0
    58   1.526123365413872       5   4 1  0 0  0 0  0
    59  -.4748441393880606       5   3 2  0 0  0 0  0
    60  0.1438614881345856       5   2 3  0 0  0 0  0
    61  -.8054298282690430E-02   5   1 4  0 0  0 0  0
    62  0.3820277939839822E-02   5   0 5  0 0  0 0  0
    63  0.5280540618261667       5   4 0  1 0  0 0  0
    64  0.1748113823518931       5   3 1  1 0  0 0  0
    65  -.2968830779562382       5   2 2  1 0  0 0  0
    66  -.3466082145689550E-01   5   1 3  1 0  0 0  0
    67  -.4201636591632401E-01   5   0 4  1 0  0 0  0
    68   15.26430889652360       5   3 0  2 0  0 0  0
    69   2.008706971874847       5   2 1  2 0  0 0  0
    70  -.5306717522198806       5   1 2  2 0  0 0  0
    71  0.7396796165264118E-01   5   0 3  2 0  0 0  0
    72   1.056108123652333       5   2 0  3 0  0 0  0
    73  0.1748113823518936       5   1 1  3 0  0 0  0
    74  -.2756629540331175       5   0 2  3 0  0 0  0
    75   7.632154448261802       5   1 0  4 0  0 0  0
    76  0.4825836064609797       5   0 1  4 0  0 0  0
    77  0.5280540618261645       5   0 0  5 0  0 0  0
    78  0.5574947550136943E-01   5   4 0  0 1  0 0  0
    79  0.2155443782801906       5   3 1  0 1  0 0  0
    80  0.2399467055363309E-01   5   2 2  0 1  0 0  0
    81  0.3360021482945627E-01   5   1 3  0 1  0 0  0
    82  0.3083372881443463E-04   5   0 4  0 1  0 0  0
    83   1.043539758952891       5   3 0  1 1  0 0  0
    84  -.4480086416760675       5   2 1  1 1  0 0  0
    85  0.1448594993044463E-01   5   1 2  1 1  0 0  0
    86  -.1376696202352848E-01   5   0 3  1 1  0 0  0
    87  0.2863103333546305       5   2 0  2 1  0 0  0
    88  0.1731041304339484       5   1 1  2 1  0 0  0
    89  -.1369596103261315E-01   5   0 2  2 1  0 0  0
    90   1.043539758952891       5   1 0  3 1  0 0  0
    91  -.5596638673397040       5   0 1  3 1  0 0  0
    92  0.2305608578532619       5   0 0  4 1  0 0  0
    93  0.2899211511982472E-01   5   3 0  0 2  0 0  0
    94  0.1992690646860854       5   2 1  0 2  0 0  0
    95  -.2341634541852245E-02   5   1 2  0 2  0 0  0
    96  0.7640555879679647E-02   5   0 3  0 2  0 0  0
    97  -.6011857575292677E-01   5   2 0  1 2  0 0  0
    98  -.2860120119819416E-01   5   1 1  1 2  0 0  0
    99  -.5043251700319164E-01   5   0 2  1 2  0 0  0
   100  0.8481972795164348E-01   5   1 0  2 2  0 0  0
   101  0.1856038510114137E-01   5   0 1  2 2  0 0  0
   102  -.8133869967604808E-01   5   0 0  3 2  0 0  0
   103  0.2096486042428248E-01   5   2 0  0 3  0 0  0
   104  0.3360021482945631E-01   5   1 1  0 3  0 0  0
   105  0.6166745762884937E-04   5   0 2  0 3  0 0  0
   106  0.1253011030334442       5   1 0  1 3  0 0  0
   107  -.1376696202352850E-01   5   0 1  1 3  0 0  0
   108  -.1066615090326245E-01   5   0 0  2 3  0 0  0
   109  0.5712663740838214E-02   5   1 0  0 4  0 0  0
   110  0.3820277939839824E-02   5   0 1  0 4  0 0  0
   111  -.8416151086867756E-02   5   0 0  1 4  0 0  0
   112  0.3083372881443683E-04   5   0 0  0 5  0 0  0
   113  -.1020335930669067E-01   5   3 0  0 0  0 2  0
   114  0.2146367446543683       5   2 1  0 0  0 2  0
   115  -.1497593780383480E-01   5   1 2  0 0  0 2  0
   116  0.1630549925258662E-01   5   0 3  0 0  0 2  0
   117  -.1168929338636403       5   2 0  1 0  0 2  0
   118  -.4442783580427415E-01   5   1 1  1 0  0 2  0
   119  -.9926121516528134E-01   5   0 2  1 0  0 2  0
   120  -.1020335930669071E-01   5   1 0  2 0  0 2  0
   121  0.1029149512741216       5   0 1  2 0  0 2  0
   122  -.1168929338636404       5   0 0  3 0  0 2  0
   123  0.2695673582278421E-01   5   2 0  0 1  0 2  0
   124  0.6581804256138579E-01   5   1 1  0 1  0 2  0
   125  0.6733266814528438E-04   5   0 2  0 1  0 2  0
   126  0.1117217933802468       5   1 0  1 1  0 2  0
   127  -.1956163302036121E-01   5   0 1  1 1  0 2  0
   128  -.1747109998148993E-01   5   0 0  2 1  0 2  0
   129  0.4585695216526431E-02   5   1 0  0 2  0 2  0
   130  0.1630549925258669E-01   5   0 1  0 2  0 2  0
   131  -.3344317260389548E-01   5   0 0  1 2  0 2  0
   132  0.6733266814521325E-04   5   0 0  0 3  0 2  0
   133  -.1651080584642182E-02   5   1 0  0 0  0 4  0
   134  0.4290451077569630E-02   5   0 1  0 0  0 4  0
   135  -.8270477536234017E-02   5   0 0  1 0  0 4  0
   136  -.4053366468791467E-05   5   0 0  0 1  0 4  0
   --------------------------------------------------
     I  COEFFICIENT            ORDER EXPONENTS
     1  1.0000000000000000       1   0 0  0 0  1 0  0
     2  0.7690926975354095E-02   1   0 0  0 0  0 1  0
     3  -.8703868220741369E-03   2   2 0  0 0  0 0  0
     4  0.5371654048122944E-03   2   1 1  0 0  0 0  0
     5  -.2585164437135553E-01   2   0 2  0 0  0 0  0
     6  0.8236086318981675E-02   2   0 1  1 0  0 0  0
     7  -.8703868220741365E-03   2   0 0  2 0  0 0  0
     8  -.8236086318981678E-02   2   1 0  0 1  0 0  0
     9  0.5371654048122941E-03   2   0 0  1 1  0 0  0
    10  -.2585164437135553E-01   2   0 0  0 2  0 0  0
    11  -.7863322037216909E-02   2   0 0  0 0  0 2  0
    12  0.1314397232214845E-02   3   2 0  0 0  0 1  0
    13  -.1177225390619382E-02   3   1 1  0 0  0 1  0
    14  0.3907989615036500E-01   3   0 2  0 0  0 1  0
    15  -.1241906215129492E-01   3   0 1  1 0  0 1  0
    16  0.1314397232214845E-02   3   0 0  2 0  0 1  0
    17  0.1241906215129492E-01   3   1 0  0 1  0 1  0
    18  -.1177225390619381E-02   3   0 0  1 1  0 1  0
    19  0.3907989615036500E-01   3   0 0  0 2  0 1  0
    20  0.7536117018589785E-02   3   0 0  0 0  0 3  0
    21  -.1924528193740465E-01   4   4 0  0 0  0 0  0
    22  0.3275226607806760E-02   4   3 1  0 0  0 0  0
    23  -.1008567667661949E-02   4   2 2  0 0  0 0  0
    24  0.1080798213135307E-02   4   1 3  0 0  0 0  0
    25  -.1938055685409276E-01   4   0 4  0 0  0 0  0
    26  0.9227184938062016E-01   4   2 1  1 0  0 0  0
    27  0.4000821284843168E-02   4   1 2  1 0  0 0  0
    28  0.1241031563708005E-01   4   0 3  1 0  0 0  0
    29  -.3849056387480929E-01   4   2 0  2 0  0 0  0
    30  0.3275226607806765E-02   4   1 1  2 0  0 0  0
    31  -.4171747018870074E-02   4   0 2  2 0  0 0  0
    32  0.9227184938062019E-01   4   0 1  3 0  0 0  0
    33  -.1924528193740464E-01   4   0 0  4 0  0 0  0
    34  -.9227184938062018E-01   4   3 0  0 1  0 0  0
    35  -.4000821284843172E-02   4   2 1  0 1  0 0  0
    36  -.1241031563708006E-01   4   1 2  0 1  0 0  0
    37  0.3275226607806765E-02   4   2 0  1 1  0 0  0
    38  0.6326358702416253E-02   4   1 1  1 1  0 0  0
    39  0.1080798213135305E-02   4   0 2  1 1  0 0  0
    40  -.9227184938062022E-01   4   1 0  2 1  0 0  0
    41  0.4000821284843167E-02   4   0 1  2 1  0 0  0
    42  0.3275226607806765E-02   4   0 0  3 1  0 0  0
    43  -.4171747018870077E-02   4   2 0  0 2  0 0  0
    44  0.1080798213135308E-02   4   1 1  0 2  0 0  0
    45  -.3876111370818552E-01   4   0 2  0 2  0 0  0
    46  -.4000821284843168E-02   4   1 0  1 2  0 0  0
    47  0.1241031563708006E-01   4   0 1  1 2  0 0  0
    48  -.1008567667661950E-02   4   0 0  2 2  0 0  0
    49  -.1241031563708006E-01   4   1 0  0 3  0 0  0
    50  0.1080798213135305E-02   4   0 0  1 3  0 0  0
    51  -.1938055685409277E-01   4   0 0  0 4  0 0  0
    52  -.1606053828508448E-02   4   2 0  0 0  0 2  0
    53  0.1820558119351861E-02   4   1 1  0 0  0 2  0
    54  -.4780770003515605E-01   4   0 2  0 0  0 2  0
    55  0.1514914817673207E-01   4   0 1  1 0  0 2  0
    56  -.1606053828508447E-02   4   0 0  2 0  0 2  0
    57  -.1514914817673207E-01   4   1 0  0 1  0 2  0
    58  0.1820558119351859E-02   4   0 0  1 1  0 2  0
    59  -.4780770003515607E-01   4   0 0  0 2  0 2  0
    60  -.7085135729154634E-02   4   0 0  0 0  0 4  0
    61  0.2913026570787898E-01   5   4 0  0 0  0 1  0
    62  -.7247667204893450E-02   5   3 1  0 0  0 1  0
    63  0.2914326889164861E-02   5   2 2  0 0  0 1  0
    64  -.3840685517988429E-02   5   1 3  0 0  0 1  0
    65  0.5570640219177939E-01   5   0 4  0 0  0 1  0
    66  -.1402810244210557       5   2 1  1 0  0 1  0
    67  -.8201426713714315E-02   5   1 2  1 0  0 1  0
    68  -.3559380772560405E-01   5   0 3  1 0  0 1  0
    69  0.5826053141575799E-01   5   2 0  2 0  0 1  0
    70  -.7247667204893473E-02   5   1 1  2 0  0 1  0
    71  0.1196249236620139E-01   5   0 2  2 0  0 1  0
    72  -.1402810244210557       5   0 1  3 0  0 1  0
    73  0.2913026570787899E-01   5   0 0  4 0  0 1  0
    74  0.1402810244210557       5   3 0  0 1  0 1  0
    75  0.8201426713714311E-02   5   2 1  0 1  0 1  0
    76  0.3559380772560405E-01   5   1 2  0 1  0 1  0
    77  -.7247667204893472E-02   5   2 0  1 1  0 1  0
    78  -.1809633095407309E-01   5   1 1  1 1  0 1  0
    79  -.3840685517988432E-02   5   0 2  1 1  0 1  0
    80  0.1402810244210558       5   1 0  2 1  0 1  0
    81  -.8201426713714306E-02   5   0 1  2 1  0 1  0
    82  -.7247667204893470E-02   5   0 0  3 1  0 1  0
    83  0.1196249236620140E-01   5   2 0  0 2  0 1  0
    84  -.3840685517988435E-02   5   1 1  0 2  0 1  0
    85  0.1114128043835588       5   0 2  0 2  0 1  0
    86  0.8201426713714318E-02   5   1 0  1 2  0 1  0
    87  -.3559380772560405E-01   5   0 1  1 2  0 1  0
    88  0.2914326889164866E-02   5   0 0  2 2  0 1  0
    89  0.3559380772560406E-01   5   1 0  0 3  0 1  0
    90  -.3840685517988427E-02   5   0 0  1 3  0 1  0
    91  0.5570640219177939E-01   5   0 0  0 4  0 1  0
    92  0.1836548054305087E-02   5   2 0  0 0  0 3  0
    93  -.2452105321223474E-02   5   1 1  0 0  0 3  0
    94  0.5473600323142105E-01   5   0 2  0 0  0 3  0
    95  -.1729270938558924E-01   5   0 1  1 0  0 3  0
    96  0.1836548054305086E-02   5   0 0  2 0  0 3  0
    97  0.1729270938558924E-01   5   1 0  0 1  0 3  0
    98  -.2452105321223471E-02   5   0 0  1 1  0 3  0
    99  0.5473600323142106E-01   5   0 0  0 2  0 3  0
   100  0.6639787906708185E-02   5   0 0  0 0  0 5  0
   --------------------------------------------------
     I  COEFFICIENT            ORDER EXPONENTS
     1  1.0000000000000000       1   0 0  0 0  0 1  0
     ------------------------------------------------
     ALL COMPONENTS ZERO 
     ------------------- 
     ALL COMPONENTS ZERO 
     ------------------- 
