 L    0.3793416666666660E-01
 P (  0.0000000000000000E+00,  0.0000000000000000E+00,  0.1669103333333333E+01)
 A (  0.0000000000000000E+00,  0.0000000000000000E+00,  0.0000000000000000E+00)
     I  COEFFICIENT            ORDER EXPONENTS
     1   1.000119051751272       1   1 0  0 0  0 0  0
     2  0.3773854196436974E-01   1   0 1  0 0  0 0  0
     3  -.2125510891578494E-02   1   0 0  1 0  0 0  0
     4  0.3329965234347061E-02   1   0 0  0 1  0 0  0
     5  -.1620545486675928E-03   2   1 0  0 0  0 1  0
     6  -.2545671090296748E-01   2   0 1  0 0  0 1  0
     7  0.1441839616548544E-02   2   0 0  1 0  0 1  0
     8  -.4527745182547475E-02   2   0 0  0 1  0 1  0
     9  0.2165065001416196E-02   3   3 0  0 0  0 0  0
    10  -.1401739155166624E-02   3   2 1  0 0  0 0  0
    11  -.5363854166711513E-04   3   1 2  0 0  0 0  0
    12  0.1867225502451294E-01   3   0 3  0 0  0 0  0
    13  -.3096340236016077E-01   3   2 0  1 0  0 0  0
    14  -.8653191046423165E-03   3   1 1  1 0  0 0  0
    15  -.3155932870452625E-02   3   0 2  1 0  0 0  0
    16  0.2165065001416195E-02   3   1 0  2 0  0 0  0
    17  -.1247332661422050E-02   3   0 1  2 0  0 0  0
    18  -.3096340236016077E-01   3   0 0  3 0  0 0  0
    19  0.1314045133236581E-01   3   2 0  0 1  0 0  0
    20  0.2370173834718950E-02   3   1 1  0 1  0 0  0
    21  0.3323846863440292E-02   3   0 2  0 1  0 0  0
    22  -.1544064937445730E-03   3   1 0  1 1  0 0  0
    23  -.5561330507805319E-03   3   0 1  1 1  0 0  0
    24  0.1227513222772348E-01   3   0 0  2 1  0 0  0
    25  0.5024945091134165E-03   3   1 0  0 2  0 0  0
    26  0.1867225502451294E-01   3   0 1  0 2  0 0  0
    27  -.7857590357336763E-03   3   0 0  1 2  0 0  0
    28  0.3323846863440292E-02   3   0 0  0 3  0 0  0
    29  0.1774118878280522E-03   3   1 0  0 0  0 2  0
    30  0.1897289965498132E-01   3   0 1  0 0  0 2  0
    31  -.1082914661445094E-02   3   0 0  1 0  0 2  0
    32  0.4949952868780067E-02   3   0 0  0 1  0 2  0
    33  -.2946377305260435E-02   4   3 0  0 0  0 1  0
    34  0.2863671675727966E-02   4   2 1  0 0  0 1  0
    35  0.1433538476767864E-03   4   1 2  0 0  0 1  0
    36  -.3778075017540607E-01   4   0 3  0 0  0 1  0
    37  0.2096452069144396E-01   4   2 0  1 0  0 1  0
    38  0.1184286011466619E-02   4   1 1  1 0  0 1  0
    39  0.6387450652467081E-02   4   0 2  1 0  0 1  0
    40  -.2946377305260434E-02   4   1 0  2 0  0 1  0
    41  0.2548538215312967E-02   4   0 1  2 0  0 1  0
    42  0.2096452069144396E-01   4   0 0  3 0  0 1  0
    43  -.1782197432984689E-01   4   2 0  0 1  0 1  0
    44  -.4755139372393090E-02   4   1 1  0 1  0 1  0
    45  -.9038478857768142E-02   4   0 2  0 1  0 1  0
    46  0.3151334604149975E-03   4   1 0  1 1  0 1  0
    47  0.1508581864053477E-02   4   0 1  1 1  0 1  0
    48  -.1663768831838024E-01   4   0 0  2 1  0 1  0
    49  -.1365228016376690E-02   4   1 0  0 2  0 1  0
    50  -.3778075017540607E-01   4   0 1  0 2  0 1  0
    51  0.1632311280073991E-02   4   0 0  1 2  0 1  0
    52  -.9038478857768142E-02   4   0 0  0 3  0 1  0
    53  -.1827196997325724E-03   4   1 0  0 0  0 3  0
    54  -.1522605732075294E-01   4   0 1  0 0  0 3  0
    55  0.8768151677639353E-03   4   0 0  1 0  0 3  0
    56  -.5090064130787293E-02   4   0 0  0 1  0 3  0
    57  0.2614346087657235E-01   5   5 0  0 0  0 0  0
    58  -.1312489057210336E-01   5   4 1  0 0  0 0  0
    59  -.1067775814493659E-02   5   3 2  0 0  0 0  0
    60  -.2232366629033519E-02   5   2 3  0 0  0 0  0
    61  -.2261832235372012E-03   5   1 4  0 0  0 0  0
    62  0.1385504639905700E-01   5   0 5  0 0  0 0  0
    63  -.2834566460652741       5   4 0  1 0  0 0  0
    64  -.1581427801142635E-01   5   3 1  1 0  0 0  0
    65  -.4601793038869536E-01   5   2 2  1 0  0 0  0
    66  -.1664242575619362E-02   5   1 3  1 0  0 0  0
    67  -.3903896251038300E-02   5   0 4  1 0  0 0  0
    68  0.5228692175314465E-01   5   3 0  2 0  0 0  0
    69  -.2178070447113249E-01   5   2 1  2 0  0 0  0
    70  -.8784476331515070E-03   5   1 2  2 0  0 0  0
    71  -.1617708963167853E-02   5   0 3  2 0  0 0  0
    72  -.5669132921305475       5   2 0  3 0  0 0  0
    73  -.1581427801142631E-01   5   1 1  3 0  0 0  0
    74  -.4573872048625238E-01   5   0 2  3 0  0 0  0
    75  0.2614346087657229E-01   5   1 0  4 0  0 0  0
    76  -.8655813899029143E-02   5   0 1  4 0  0 0  0
    77  -.2834566460652739       5   0 0  5 0  0 0  0
    78  0.1192401801274333       5   4 0  0 1  0 0  0
    79  0.3495946506288410E-01   5   3 1  0 1  0 0  0
    80  0.1397667260631223E-01   5   2 2  0 1  0 0  0
    81  0.3497448681055726E-02   5   1 3  0 1  0 0  0
    82  0.3317486640284688E-02   5   0 4  0 1  0 0  0
    83  -.4469076673074224E-02   5   3 0  1 1  0 0  0
    84  -.1050898602722860E-01   5   2 1  1 1  0 0  0
    85  -.1194956081367544E-02   5   1 2  1 1  0 0  0
    86  -.1111040074694295E-02   5   0 3  1 1  0 0  0
    87  0.2226660822434398       5   2 0  2 1  0 0  0
    88  0.3440104525799820E-01   5   1 1  2 1  0 0  0
    89  0.1151368501192110E-01   5   0 2  2 1  0 0  0
    90  -.4469076673074228E-02   5   1 0  3 1  0 0  0
    91  -.1013032966454426E-01   5   0 1  3 1  0 0  0
    92  0.1034259021160067       5   0 0  4 1  0 0  0
    93  0.9251882031392780E-02   5   3 0  0 2  0 0  0
    94  -.1652068213531626E-02   5   2 1  0 2  0 0  0
    95  0.6586736276198967E-03   5   1 2  0 2  0 0  0
    96  0.2771009279811401E-01   5   0 3  0 2  0 0  0
    97  -.1077925542336828E-01   5   2 0  1 2  0 0  0
    98  -.6675253807590087E-04   5   1 1  1 2  0 0  0
    99  -.4310343821020880E-02   5   0 2  1 2  0 0  0
   100  0.9062553850050621E-02   5   1 0  2 2  0 0  0
   101  -.2198007378669751E-02   5   0 1  2 2  0 0  0
   102  -.1105846532581125E-01   5   0 0  3 2  0 0  0
   103  0.1317792758754050E-01   5   2 0  0 3  0 0  0
   104  0.3497448681055724E-02   5   1 1  0 3  0 0  0
   105  0.6634973280569376E-02   5   0 2  0 3  0 0  0
   106  -.3435925036377291E-04   5   1 0  1 3  0 0  0
   107  -.1111040074694295E-02   5   0 1  1 3  0 0  0
   108  0.1231243003069284E-01   5   0 0  2 3  0 0  0
   109  0.8848568511570957E-03   5   1 0  0 4  0 0  0
   110  0.1385504639905701E-01   5   0 1  0 4  0 0  0
   111  -.4064475699825723E-03   5   0 0  1 4  0 0  0
   112  0.3317486640284686E-02   5   0 0  0 5  0 0  0
   113  0.3224592055380434E-02   5   3 0  0 0  0 2  0
   114  -.4112242317654906E-02   5   2 1  0 0  0 2  0
   115  -.2490489779933961E-03   5   1 2  0 0  0 2  0
   116  0.5363134078619390E-01   5   0 3  0 0  0 2  0
   117  -.1570516714481951E-01   5   2 0  1 0  0 2  0
   118  -.1305240263677719E-02   5   1 1  1 0  0 2  0
   119  -.9070585049145220E-02   5   0 2  1 0  0 2  0
   120  0.3224592055380432E-02   5   1 0  2 0  0 2  0
   121  -.3660236282928270E-02   5   0 1  2 0  0 2  0
   122  -.1570516714481951E-01   5   0 0  3 0  0 2  0
   123  0.1942213089824456E-01   5   2 0  0 1  0 2  0
   124  0.6680726724345398E-02   5   1 1  0 1  0 2  0
   125  0.1602531912124470E-01   5   0 2  0 1  0 2  0
   126  -.4520060347266306E-03   5   1 0  1 1  0 2  0
   127  -.2667171424908946E-02   5   0 1  1 1  0 2  0
   128  0.1811689063456682E-01   5   0 0  2 1  0 2  0
   129  0.2418122446915547E-02   5   1 0  0 2  0 2  0
   130  0.5363134078619390E-01   5   0 1  0 2  0 2  0
   131  -.2389858324799825E-02   5   0 0  1 2  0 2  0
   132  0.1602531912124470E-01   5   0 0  0 3  0 2  0
   133  0.1843745610016787E-03   5   1 0  0 0  0 4  0
   134  0.1285369123496987E-01   5   0 1  0 0  0 4  0
   135  -.7472296735294753E-03   5   0 0  1 0  0 4  0
   136  0.5127583414636661E-02   5   0 0  0 1  0 4  0
   --------------------------------------------------
     I  COEFFICIENT            ORDER EXPONENTS
     1  0.9678710117782464E-02   1   1 0  0 0  0 0  0
     2  0.9848301996792165       1   0 1  0 0  0 0  0
     3  -.1203368563691748       1   0 0  1 0  0 0  0
     4  0.1726757591877021       1   0 0  0 1  0 0  0
     5  -.6565657604725155E-02   2   1 0  0 0  0 1  0
     6  0.2062653761144342E-01   2   0 1  0 0  0 1  0
     7  -.7363950226137234E-03   2   0 0  1 0  0 1  0
     8  -.1164873692267783       2   0 0  0 1  0 1  0
     9  0.1746071976393932       3   3 0  0 0  0 0  0
    10  -.1072643258005962       3   2 1  0 0  0 0  0
    11  0.1065303685036242E-02   3   1 2  0 0  0 0  0
    12  -.1517701233156423E-01   3   0 3  0 0  0 0  0
    13  -1.775854250686106       3   2 0  1 0  0 0  0
    14  -.7397960732638664E-01   3   1 1  1 0  0 0  0
    15  0.1489922716792318E-02   3   0 2  1 0  0 0  0
    16  0.1746071976393934       3   1 0  2 0  0 0  0
    17  -.1082886393154251       3   0 1  2 0  0 0  0
    18  -1.775854250686106       3   0 0  3 0  0 0  0
    19  0.6283262555322379       3   2 0  0 1  0 0  0
    20  0.1899247745865420E-01   3   1 1  0 1  0 0  0
    21  0.8570152932428164E-01   3   0 2  0 1  0 0  0
    22  0.1024313514828767E-02   3   1 0  1 1  0 0  0
    23  -.1456049347241512E-01   3   0 1  1 1  0 0  0
    24  0.5543466482058510       3   0 0  2 1  0 0  0
    25  0.1562579715745136E-01   3   1 0  0 2  0 0  0
    26  -.1517701233156423E-01   3   0 1  0 2  0 0  0
    27  0.2048240017544651E-01   3   0 0  1 2  0 0  0
    28  0.8570152932428164E-01   3   0 0  0 3  0 0  0
    29  0.4931343348713128E-02   3   1 0  0 0  0 2  0
    30  -.2255021315108252E-01   3   0 1  0 0  0 2  0
    31  0.8061839389697844E-03   3   0 0  1 0  0 2  0
    32  0.8682646540420134E-01   3   0 0  0 1  0 2  0
    33  -.1182759429974016       4   3 0  0 0  0 1  0
    34  0.1456305568471514       4   2 1  0 0  0 1  0
    35  -.2315065010969270E-02   4   1 2  0 0  0 1  0
    36  0.4127099871162798E-01   4   0 3  0 0  0 1  0
    37  -.1571860229940033E-01   4   2 0  1 0  0 1  0
    38  0.5111163339314490E-01   4   1 1  1 0  0 1  0
    39  -.5351594648655716E-02   4   0 2  1 0  0 1  0
    40  -.1182759429974017       4   1 0  2 0  0 1  0
    41  0.1470548396395468       4   0 1  2 0  0 1  0
    42  -.1571860229940033E-01   4   0 0  3 0  0 1  0
    43  -.4166319585970430       4   2 0  0 1  0 1  0
    44  -.2195922247461149E-01   4   1 1  0 1  0 1  0
    45  -.1734193655311857       4   0 2  0 1  0 1  0
    46  -.1424282792395270E-02   4   1 0  1 1  0 1  0
    47  0.2931947681712935E-01   4   0 1  1 1  0 1  0
    48  -.3655203252038982       4   0 0  2 1  0 1  0
    49  -.3163454182809861E-01   4   1 0  0 2  0 1  0
    50  0.4127099871162798E-01   4   0 1  0 2  0 1  0
    51  -.2731081712326721E-01   4   0 0  1 2  0 1  0
    52  -.1734193655311857       4   0 0  0 3  0 1  0
    53  -.3992916297279789E-02   4   1 0  0 0  0 3  0
    54  0.2318882587910163E-01   4   0 1  0 0  0 3  0
    55  -.8303072595023668E-03   4   0 0  1 0  0 3  0
    56  -.6968744837805937E-01   4   0 0  0 1  0 3  0
    57   2.059846719431927       5   5 0  0 0  0 0  0
    58  -1.060041946469848       5   4 1  0 0  0 0  0
    59  0.1396235564780132E-01   5   3 2  0 0  0 0  0
    60  -.1093465372493842       5   2 3  0 0  0 0  0
    61  -.1941180485701854E-02   5   1 4  0 0  0 0  0
    62  -.1518323303838160E-01   5   0 5  0 0  0 0  0
    63  -16.08204934044877       5   4 0  1 0  0 0  0
    64  -1.343941299275481       5   3 1  1 0  0 0  0
    65  0.1037493952942740E-02   5   2 2  1 0  0 0  0
    66  -.3698462818197053E-01   5   1 3  1 0  0 0  0
    67  0.3398696603304501E-02   5   0 4  1 0  0 0  0
    68   4.119693438863854       5   3 0  2 0  0 0  0
    69  -2.154890148677048       5   2 1  2 0  0 0  0
    70  0.1901254303071501E-01   5   1 2  2 0  0 0  0
    71  -.1089669265028986       5   0 3  2 0  0 0  0
    72  -32.16409868089754       5   2 0  3 0  0 0  0
    73  -1.343941299275480       5   1 1  3 0  0 0  0
    74  0.3586808065590603E-01   5   0 2  3 0  0 0  0
    75   2.059846719431928       5   1 0  4 0  0 0  0
    76  -1.094848202207202       5   0 1  4 0  0 0  0
    77  -16.08204934044877       5   0 0  5 0  0 0  0
    78   5.472815872937477       5   4 0  0 1  0 0  0
    79  0.3013941280290386       5   3 1  0 1  0 0  0
    80  0.3158299336396707       5   2 2  0 1  0 0  0
    81  0.1629702196423125E-01   5   1 3  0 1  0 0  0
    82  0.6379137385378275E-01   5   0 4  0 1  0 0  0
    83  0.3480625573735299E-01   5   3 0  1 1  0 0  0
    84  -.2751327065600488       5   2 1  1 1  0 0  0
    85  -.8793634533617724E-02   5   1 2  1 1  0 0  0
    86  -.2164649392254411E-01   5   0 3  1 1  0 0  0
    87   9.601690446599475       5   2 0  2 1  0 0  0
    88  0.2317329546231114       5   1 1  2 1  0 0  0
    89  0.2741791420623648       5   0 2  2 1  0 0  0
    90  0.3480625573735320E-01   5   1 0  3 1  0 0  0
    91  -.2650323317942218       5   0 1  3 1  0 0  0
    92   4.128874573661996       5   0 0  4 1  0 0  0
    93  0.2840448748249368       5   3 0  0 2  0 0  0
    94  -.1009325134622522       5   2 1  0 2  0 0  0
    95  0.1776413295114058E-01   5   1 2  0 2  0 0  0
    96  -.3036646607676309E-01   5   0 3  0 2  0 0  0
    97  0.3372622086849446       5   2 0  1 2  0 0  0
    98  -.2765230139129865E-01   5   1 1  1 2  0 0  0
    99  0.2309441517083996E-01   5   0 2  1 2  0 0  0
   100  0.2789946874420235       5   1 0  2 2  0 0  0
   101  -.1173809502900307       5   0 1  2 2  0 0  0
   102  0.3024316219819814       5   0 0  3 2  0 0  0
   103  0.3111637702443351       5   2 0  0 3  0 0  0
   104  0.1629702196423116E-01   5   1 1  0 3  0 0  0
   105  0.1275827477075655       5   0 2  0 3  0 0  0
   106  0.8034413040646296E-02   5   1 0  1 3  0 0  0
   107  -.2164649392254411E-01   5   0 1  1 3  0 0  0
   108  0.2788453054577003       5   0 0  2 3  0 0  0
   109  0.1970531343684233E-01   5   1 0  0 4  0 0  0
   110  -.1518323303838137E-01   5   0 1  0 4  0 0  0
   111  0.1969571856753575E-01   5   0 0  1 4  0 0  0
   112  0.6379137385378270E-01   5   0 0  0 5  0 0  0
   113  0.8865956784764292E-01   5   3 0  0 0  0 2  0
   114  -.1589139889032092       5   2 1  0 0  0 2  0
   115  0.3559635478059580E-02   5   1 2  0 0  0 2  0
   116  -.7317476630473052E-01   5   0 3  0 0  0 2  0
   117  0.1720414426995930E-01   5   2 0  1 0  0 2  0
   118  -.3933740613836797E-01   5   1 1  1 0  0 2  0
   119  0.1036496569028689E-01   5   0 2  1 0  0 2  0
   120  0.8865956784764299E-01   5   1 0  2 0  0 2  0
   121  -.1605140800009306       5   0 1  2 0  0 2  0
   122  0.1720414426995930E-01   5   0 0  3 0  0 2  0
   123  0.3030791333069126       5   2 0  0 1  0 2  0
   124  0.1877512849471152E-01   5   1 1  0 1  0 2  0
   125  0.2462001274346097       5   0 2  0 1  0 2  0
   126  0.1600091097721301E-02   5   1 0  1 1  0 2  0
   127  -.4137833005573571E-01   5   0 1  1 1  0 2  0
   128  0.2637417271685445       5   0 0  2 1  0 2  0
   129  0.4493796553379525E-01   5   1 0  0 2  0 2  0
   130  -.7317476630473052E-01   5   0 1  0 2  0 2  0
   131  0.2914009418499841E-01   5   0 0  1 2  0 2  0
   132  0.2462001274346097       5   0 0  0 3  0 2  0
   133  0.3402890852524690E-02   5   1 0  0 0  0 4  0
   134  -.2336009283996799E-01   5   0 1  0 0  0 4  0
   135  0.8378314011843264E-03   5   0 0  1 0  0 4  0
   136  0.5883655253321922E-01   5   0 0  0 1  0 4  0
   --------------------------------------------------
     I  COEFFICIENT            ORDER EXPONENTS
     1  0.2125510891578494E-02   1   1 0  0 0  0 0  0
     2  -.3329965234347061E-02   1   0 1  0 0  0 0  0
     3   1.000119051751272       1   0 0  1 0  0 0  0
     4  0.3773854196436974E-01   1   0 0  0 1  0 0  0
     5  -.1441839616548544E-02   2   1 0  0 0  0 1  0
     6  0.4527745182547475E-02   2   0 1  0 0  0 1  0
     7  -.1620545486675928E-03   2   0 0  1 0  0 1  0
     8  -.2545671090296748E-01   2   0 0  0 1  0 1  0
     9  0.3096340236016077E-01   3   3 0  0 0  0 0  0
    10  -.1227513222772348E-01   3   2 1  0 0  0 0  0
    11  0.7857590357336763E-03   3   1 2  0 0  0 0  0
    12  -.3323846863440292E-02   3   0 3  0 0  0 0  0
    13  0.2165065001416196E-02   3   2 0  1 0  0 0  0
    14  -.1544064937445730E-03   3   1 1  1 0  0 0  0
    15  0.5024945091134166E-03   3   0 2  1 0  0 0  0
    16  0.3096340236016082E-01   3   1 0  2 0  0 0  0
    17  -.1314045133236581E-01   3   0 1  2 0  0 0  0
    18  0.2165065001416196E-02   3   0 0  3 0  0 0  0
    19  -.1247332661422050E-02   3   2 0  0 1  0 0  0
    20  -.5561330507805318E-03   3   1 1  0 1  0 0  0
    21  0.1867225502451294E-01   3   0 2  0 1  0 0  0
    22  0.8653191046423169E-03   3   1 0  1 1  0 0  0
    23  -.2370173834718950E-02   3   0 1  1 1  0 0  0
    24  -.1401739155166624E-02   3   0 0  2 1  0 0  0
    25  0.3155932870452625E-02   3   1 0  0 2  0 0  0
    26  -.3323846863440292E-02   3   0 1  0 2  0 0  0
    27  -.5363854166711513E-04   3   0 0  1 2  0 0  0
    28  0.1867225502451294E-01   3   0 0  0 3  0 0  0
    29  0.1082914661445094E-02   3   1 0  0 0  0 2  0
    30  -.4949952868780067E-02   3   0 1  0 0  0 2  0
    31  0.1774118878280522E-03   3   0 0  1 0  0 2  0
    32  0.1897289965498132E-01   3   0 0  0 1  0 2  0
    33  -.2096452069144396E-01   4   3 0  0 0  0 1  0
    34  0.1663768831838024E-01   4   2 1  0 0  0 1  0
    35  -.1632311280073991E-02   4   1 2  0 0  0 1  0
    36  0.9038478857768142E-02   4   0 3  0 0  0 1  0
    37  -.2946377305260435E-02   4   2 0  1 0  0 1  0
    38  0.3151334604149975E-03   4   1 1  1 0  0 1  0
    39  -.1365228016376690E-02   4   0 2  1 0  0 1  0
    40  -.2096452069144399E-01   4   1 0  2 0  0 1  0
    41  0.1782197432984689E-01   4   0 1  2 0  0 1  0
    42  -.2946377305260435E-02   4   0 0  3 0  0 1  0
    43  0.2548538215312967E-02   4   2 0  0 1  0 1  0
    44  0.1508581864053477E-02   4   1 1  0 1  0 1  0
    45  -.3778075017540607E-01   4   0 2  0 1  0 1  0
    46  -.1184286011466619E-02   4   1 0  1 1  0 1  0
    47  0.4755139372393090E-02   4   0 1  1 1  0 1  0
    48  0.2863671675727966E-02   4   0 0  2 1  0 1  0
    49  -.6387450652467081E-02   4   1 0  0 2  0 1  0
    50  0.9038478857768142E-02   4   0 1  0 2  0 1  0
    51  0.1433538476767864E-03   4   0 0  1 2  0 1  0
    52  -.3778075017540607E-01   4   0 0  0 3  0 1  0
    53  -.8768151677639353E-03   4   1 0  0 0  0 3  0
    54  0.5090064130787293E-02   4   0 1  0 0  0 3  0
    55  -.1827196997325724E-03   4   0 0  1 0  0 3  0
    56  -.1522605732075294E-01   4   0 0  0 1  0 3  0
    57  0.2834566460652739       5   5 0  0 0  0 0  0
    58  -.1034259021160067       5   4 1  0 0  0 0  0
    59  0.1105846532581125E-01   5   3 2  0 0  0 0  0
    60  -.1231243003069284E-01   5   2 3  0 0  0 0  0
    61  0.4064475699825723E-03   5   1 4  0 0  0 0  0
    62  -.3317486640284686E-02   5   0 5  0 0  0 0  0
    63  0.2614346087657233E-01   5   4 0  1 0  0 0  0
    64  -.4469076673074224E-02   5   3 1  1 0  0 0  0
    65  0.9062553850050612E-02   5   2 2  1 0  0 0  0
    66  -.3435925036377321E-04   5   1 3  1 0  0 0  0
    67  0.8848568511570958E-03   5   0 4  1 0  0 0  0
    68  0.5669132921305475       5   3 0  2 0  0 0  0
    69  -.2226660822434396       5   2 1  2 0  0 0  0
    70  0.1077925542336831E-01   5   1 2  2 0  0 0  0
    71  -.1317792758754050E-01   5   0 3  2 0  0 0  0
    72  0.5228692175314465E-01   5   2 0  3 0  0 0  0
    73  -.4469076673074231E-02   5   1 1  3 0  0 0  0
    74  0.9251882031392780E-02   5   0 2  3 0  0 0  0
    75  0.2834566460652738       5   1 0  4 0  0 0  0
    76  -.1192401801274333       5   0 1  4 0  0 0  0
    77  0.2614346087657234E-01   5   0 0  5 0  0 0  0
    78  -.8655813899029145E-02   5   4 0  0 1  0 0  0
    79  -.1013032966454427E-01   5   3 1  0 1  0 0  0
    80  -.2198007378669748E-02   5   2 2  0 1  0 0  0
    81  -.1111040074694296E-02   5   1 3  0 1  0 0  0
    82  0.1385504639905701E-01   5   0 4  0 1  0 0  0
    83  0.1581427801142631E-01   5   3 0  1 1  0 0  0
    84  -.3440104525799814E-01   5   2 1  1 1  0 0  0
    85  0.6675253807590116E-04   5   1 2  1 1  0 0  0
    86  -.3497448681055723E-02   5   0 3  1 1  0 0  0
    87  -.2178070447113251E-01   5   2 0  2 1  0 0  0
    88  -.1050898602722862E-01   5   1 1  2 1  0 0  0
    89  -.1652068213531623E-02   5   0 2  2 1  0 0  0
    90  0.1581427801142634E-01   5   1 0  3 1  0 0  0
    91  -.3495946506288409E-01   5   0 1  3 1  0 0  0
    92  -.1312489057210338E-01   5   0 0  4 1  0 0  0
    93  0.4573872048625238E-01   5   3 0  0 2  0 0  0
    94  -.1151368501192111E-01   5   2 1  0 2  0 0  0
    95  0.4310343821020881E-02   5   1 2  0 2  0 0  0
    96  -.6634973280569376E-02   5   0 3  0 2  0 0  0
    97  -.8784476331514957E-03   5   2 0  1 2  0 0  0
    98  -.1194956081367544E-02   5   1 1  1 2  0 0  0
    99  0.6586736276198964E-03   5   0 2  1 2  0 0  0
   100  0.4601793038869541E-01   5   1 0  2 2  0 0  0
   101  -.1397667260631224E-01   5   0 1  2 2  0 0  0
   102  -.1067775814493659E-02   5   0 0  3 2  0 0  0
   103  -.1617708963167855E-02   5   2 0  0 3  0 0  0
   104  -.1111040074694295E-02   5   1 1  0 3  0 0  0
   105  0.2771009279811401E-01   5   0 2  0 3  0 0  0
   106  0.1664242575619363E-02   5   1 0  1 3  0 0  0
   107  -.3497448681055726E-02   5   0 1  1 3  0 0  0
   108  -.2232366629033519E-02   5   0 0  2 3  0 0  0
   109  0.3903896251038300E-02   5   1 0  0 4  0 0  0
   110  -.3317486640284688E-02   5   0 1  0 4  0 0  0
   111  -.2261832235372012E-03   5   0 0  1 4  0 0  0
   112  0.1385504639905700E-01   5   0 0  0 5  0 0  0
   113  0.1570516714481951E-01   5   3 0  0 0  0 2  0
   114  -.1811689063456682E-01   5   2 1  0 0  0 2  0
   115  0.2389858324799825E-02   5   1 2  0 0  0 2  0
   116  -.1602531912124470E-01   5   0 3  0 0  0 2  0
   117  0.3224592055380433E-02   5   2 0  1 0  0 2  0
   118  -.4520060347266306E-03   5   1 1  1 0  0 2  0
   119  0.2418122446915547E-02   5   0 2  1 0  0 2  0
   120  0.1570516714481953E-01   5   1 0  2 0  0 2  0
   121  -.1942213089824456E-01   5   0 1  2 0  0 2  0
   122  0.3224592055380434E-02   5   0 0  3 0  0 2  0
   123  -.3660236282928271E-02   5   2 0  0 1  0 2  0
   124  -.2667171424908944E-02   5   1 1  0 1  0 2  0
   125  0.5363134078619390E-01   5   0 2  0 1  0 2  0
   126  0.1305240263677718E-02   5   1 0  1 1  0 2  0
   127  -.6680726724345400E-02   5   0 1  1 1  0 2  0
   128  -.4112242317654906E-02   5   0 0  2 1  0 2  0
   129  0.9070585049145220E-02   5   1 0  0 2  0 2  0
   130  -.1602531912124470E-01   5   0 1  0 2  0 2  0
   131  -.2490489779933961E-03   5   0 0  1 2  0 2  0
   132  0.5363134078619390E-01   5   0 0  0 3  0 2  0
   133  0.7472296735294753E-03   5   1 0  0 0  0 4  0
   134  -.5127583414636661E-02   5   0 1  0 0  0 4  0
   135  0.1843745610016787E-03   5   0 0  1 0  0 4  0
   136  0.1285369123496987E-01   5   0 0  0 1  0 4  0
   --------------------------------------------------
     I  COEFFICIENT            ORDER EXPONENTS
     1  0.1203368563691748       1   1 0  0 0  0 0  0
     2  -.1726757591877021       1   0 1  0 0  0 0  0
     3  0.9678710117782464E-02   1   0 0  1 0  0 0  0
     4  0.9848301996792165       1   0 0  0 1  0 0  0
     5  0.7363950226137234E-03   2   1 0  0 0  0 1  0
     6  0.1164873692267783       2   0 1  0 0  0 1  0
     7  -.6565657604725155E-02   2   0 0  1 0  0 1  0
     8  0.2062653761144342E-01   2   0 0  0 1  0 1  0
     9   1.775854250686106       3   3 0  0 0  0 0  0
    10  -.5543466482058511       3   2 1  0 0  0 0  0
    11  -.2048240017544651E-01   3   1 2  0 0  0 0  0
    12  -.8570152932428164E-01   3   0 3  0 0  0 0  0
    13  0.1746071976393931       3   2 0  1 0  0 0  0
    14  0.1024313514828765E-02   3   1 1  1 0  0 0  0
    15  0.1562579715745136E-01   3   0 2  1 0  0 0  0
    16   1.775854250686107       3   1 0  2 0  0 0  0
    17  -.6283262555322379       3   0 1  2 0  0 0  0
    18  0.1746071976393932       3   0 0  3 0  0 0  0
    19  -.1082886393154251       3   2 0  0 1  0 0  0
    20  -.1456049347241512E-01   3   1 1  0 1  0 0  0
    21  -.1517701233156423E-01   3   0 2  0 1  0 0  0
    22  0.7397960732638666E-01   3   1 0  1 1  0 0  0
    23  -.1899247745865420E-01   3   0 1  1 1  0 0  0
    24  -.1072643258005963       3   0 0  2 1  0 0  0
    25  -.1489922716792317E-02   3   1 0  0 2  0 0  0
    26  -.8570152932428164E-01   3   0 1  0 2  0 0  0
    27  0.1065303685036242E-02   3   0 0  1 2  0 0  0
    28  -.1517701233156423E-01   3   0 0  0 3  0 0  0
    29  -.8061839389697844E-03   3   1 0  0 0  0 2  0
    30  -.8682646540420134E-01   3   0 1  0 0  0 2  0
    31  0.4931343348713128E-02   3   0 0  1 0  0 2  0
    32  -.2255021315108252E-01   3   0 0  0 1  0 2  0
    33  0.1571860229940033E-01   4   3 0  0 0  0 1  0
    34  0.3655203252038983       4   2 1  0 0  0 1  0
    35  0.2731081712326721E-01   4   1 2  0 0  0 1  0
    36  0.1734193655311857       4   0 3  0 0  0 1  0
    37  -.1182759429974016       4   2 0  1 0  0 1  0
    38  -.1424282792395272E-02   4   1 1  1 0  0 1  0
    39  -.3163454182809861E-01   4   0 2  1 0  0 1  0
    40  0.1571860229940033E-01   4   1 0  2 0  0 1  0
    41  0.4166319585970431       4   0 1  2 0  0 1  0
    42  -.1182759429974016       4   0 0  3 0  0 1  0
    43  0.1470548396395468       4   2 0  0 1  0 1  0
    44  0.2931947681712935E-01   4   1 1  0 1  0 1  0
    45  0.4127099871162798E-01   4   0 2  0 1  0 1  0
    46  -.5111163339314489E-01   4   1 0  1 1  0 1  0
    47  0.2195922247461149E-01   4   0 1  1 1  0 1  0
    48  0.1456305568471514       4   0 0  2 1  0 1  0
    49  0.5351594648655715E-02   4   1 0  0 2  0 1  0
    50  0.1734193655311857       4   0 1  0 2  0 1  0
    51  -.2315065010969270E-02   4   0 0  1 2  0 1  0
    52  0.4127099871162798E-01   4   0 0  0 3  0 1  0
    53  0.8303072595023668E-03   4   1 0  0 0  0 3  0
    54  0.6968744837805937E-01   4   0 1  0 0  0 3  0
    55  -.3992916297279789E-02   4   0 0  1 0  0 3  0
    56  0.2318882587910163E-01   4   0 0  0 1  0 3  0
    57   16.08204934044877       5   5 0  0 0  0 0  0
    58  -4.128874573661996       5   4 1  0 0  0 0  0
    59  -.3024316219819813       5   3 2  0 0  0 0  0
    60  -.2788453054577003       5   2 3  0 0  0 0  0
    61  -.1969571856753575E-01   5   1 4  0 0  0 0  0
    62  -.6379137385378270E-01   5   0 5  0 0  0 0  0
    63   2.059846719431928       5   4 0  1 0  0 0  0
    64  0.3480625573735318E-01   5   3 1  1 0  0 0  0
    65  0.2789946874420232       5   2 2  1 0  0 0  0
    66  0.8034413040646293E-02   5   1 3  1 0  0 0  0
    67  0.1970531343684233E-01   5   0 4  1 0  0 0  0
    68   32.16409868089755       5   3 0  2 0  0 0  0
    69  -9.601690446599475       5   2 1  2 0  0 0  0
    70  -.3372622086849446       5   1 2  2 0  0 0  0
    71  -.3111637702443351       5   0 3  2 0  0 0  0
    72   4.119693438863852       5   2 0  3 0  0 0  0
    73  0.3480625573735296E-01   5   1 1  3 0  0 0  0
    74  0.2840448748249367       5   0 2  3 0  0 0  0
    75   16.08204934044877       5   1 0  4 0  0 0  0
    76  -5.472815872937477       5   0 1  4 0  0 0  0
    77   2.059846719431928       5   0 0  5 0  0 0  0
    78  -1.094848202207202       5   4 0  0 1  0 0  0
    79  -.2650323317942218       5   3 1  0 1  0 0  0
    80  -.1173809502900307       5   2 2  0 1  0 0  0
    81  -.2164649392254412E-01   5   1 3  0 1  0 0  0
    82  -.1518323303838138E-01   5   0 4  0 1  0 0  0
    83   1.343941299275480       5   3 0  1 1  0 0  0
    84  -.2317329546231117       5   2 1  1 1  0 0  0
    85  0.2765230139129865E-01   5   1 2  1 1  0 0  0
    86  -.1629702196423116E-01   5   0 3  1 1  0 0  0
    87  -2.154890148677049       5   2 0  2 1  0 0  0
    88  -.2751327065600488       5   1 1  2 1  0 0  0
    89  -.1009325134622522       5   0 2  2 1  0 0  0
    90   1.343941299275480       5   1 0  3 1  0 0  0
    91  -.3013941280290387       5   0 1  3 1  0 0  0
    92  -1.060041946469848       5   0 0  4 1  0 0  0
    93  -.3586808065590603E-01   5   3 0  0 2  0 0  0
    94  -.2741791420623648       5   2 1  0 2  0 0  0
    95  -.2309441517083996E-01   5   1 2  0 2  0 0  0
    96  -.1275827477075655       5   0 3  0 2  0 0  0
    97  0.1901254303071488E-01   5   2 0  1 2  0 0  0
    98  -.8793634533617724E-02   5   1 1  1 2  0 0  0
    99  0.1776413295114059E-01   5   0 2  1 2  0 0  0
   100  -.1037493952942764E-02   5   1 0  2 2  0 0  0
   101  -.3158299336396708       5   0 1  2 2  0 0  0
   102  0.1396235564780131E-01   5   0 0  3 2  0 0  0
   103  -.1089669265028986       5   2 0  0 3  0 0  0
   104  -.2164649392254411E-01   5   1 1  0 3  0 0  0
   105  -.3036646607676309E-01   5   0 2  0 3  0 0  0
   106  0.3698462818197052E-01   5   1 0  1 3  0 0  0
   107  -.1629702196423125E-01   5   0 1  1 3  0 0  0
   108  -.1093465372493842       5   0 0  2 3  0 0  0
   109  -.3398696603304498E-02   5   1 0  0 4  0 0  0
   110  -.6379137385378275E-01   5   0 1  0 4  0 0  0
   111  -.1941180485701854E-02   5   0 0  1 4  0 0  0
   112  -.1518323303838160E-01   5   0 0  0 5  0 0  0
   113  -.1720414426995930E-01   5   3 0  0 0  0 2  0
   114  -.2637417271685445       5   2 1  0 0  0 2  0
   115  -.2914009418499841E-01   5   1 2  0 0  0 2  0
   116  -.2462001274346097       5   0 3  0 0  0 2  0
   117  0.8865956784764292E-01   5   2 0  1 0  0 2  0
   118  0.1600091097721304E-02   5   1 1  1 0  0 2  0
   119  0.4493796553379526E-01   5   0 2  1 0  0 2  0
   120  -.1720414426995929E-01   5   1 0  2 0  0 2  0
   121  -.3030791333069126       5   0 1  2 0  0 2  0
   122  0.8865956784764292E-01   5   0 0  3 0  0 2  0
   123  -.1605140800009306       5   2 0  0 1  0 2  0
   124  -.4137833005573570E-01   5   1 1  0 1  0 2  0
   125  -.7317476630473052E-01   5   0 2  0 1  0 2  0
   126  0.3933740613836796E-01   5   1 0  1 1  0 2  0
   127  -.1877512849471151E-01   5   0 1  1 1  0 2  0
   128  -.1589139889032092       5   0 0  2 1  0 2  0
   129  -.1036496569028689E-01   5   1 0  0 2  0 2  0
   130  -.2462001274346097       5   0 1  0 2  0 2  0
   131  0.3559635478059580E-02   5   0 0  1 2  0 2  0
   132  -.7317476630473052E-01   5   0 0  0 3  0 2  0
   133  -.8378314011843264E-03   5   1 0  0 0  0 4  0
   134  -.5883655253321922E-01   5   0 1  0 0  0 4  0
   135  0.3402890852524690E-02   5   0 0  1 0  0 4  0
   136  -.2336009283996799E-01   5   0 0  0 1  0 4  0
   --------------------------------------------------
     I  COEFFICIENT            ORDER EXPONENTS
     1  1.0000000000000000       1   0 0  0 0  1 0  0
     2  0.3845463487677048E-02   1   0 0  0 0  0 1  0
     3  -.5657202949383415E-04   2   2 0  0 0  0 0  0
     4  0.9172990128025753E-04   2   1 1  0 0  0 0  0
     5  -.1292725569365167E-01   2   0 2  0 0  0 0  0
     6  0.1447948153668225E-02   2   0 1  1 0  0 0  0
     7  -.5657202949383415E-04   2   0 0  2 0  0 0  0
     8  -.1447948153668225E-02   2   1 0  0 1  0 0  0
     9  0.9172990128025753E-04   2   0 0  1 1  0 0  0
    10  -.1292725569365167E-01   2   0 0  0 2  0 0  0
    11  -.3931661018608455E-02   2   0 0  0 0  0 2  0
    12  0.8541103468029935E-04   3   2 0  0 0  0 1  0
    13  -.2010037708058272E-03   3   1 1  0 0  0 1  0
    14  0.1954406818028111E-01   3   0 2  0 0  0 1  0
    15  -.2183375176948613E-02   3   0 1  1 0  0 1  0
    16  0.8541103468029935E-04   3   0 0  2 0  0 1  0
    17  0.2183375176948613E-02   3   1 0  0 1  0 1  0
    18  -.2010037708058272E-03   3   0 0  1 1  0 1  0
    19  0.1954406818028111E-01   3   0 0  0 2  0 1  0
    20  0.3768058509294893E-02   3   0 0  0 0  0 3  0
    21  -.1657392508140478E-02   4   4 0  0 0  0 0  0
    22  0.1674802982795209E-02   4   3 1  0 0  0 0  0
    23  -.9042604573561226E-05   4   2 2  0 0  0 0  0
    24  0.1846886759552396E-03   4   1 3  0 0  0 0  0
    25  -.9693853941974723E-02   4   0 4  0 0  0 0  0
    26  0.2109456049671673E-01   4   2 1  1 0  0 0  0
    27  0.5528794237270592E-03   4   1 2  1 0  0 0  0
    28  0.2173079227911141E-02   4   0 3  1 0  0 0  0
    29  -.3314785016280959E-02   4   2 0  2 0  0 0  0
    30  0.1674802982795217E-02   4   1 1  2 0  0 0  0
    31  -.2644203630666720E-03   4   0 2  2 0  0 0  0
    32  0.2109456049671673E-01   4   0 1  3 0  0 0  0
    33  -.1657392508140478E-02   4   0 0  4 0  0 0  0
    34  -.2109456049671673E-01   4   3 0  0 1  0 0  0
    35  -.5528794237270711E-03   4   2 1  0 1  0 0  0
    36  -.2173079227911141E-02   4   1 2  0 1  0 0  0
    37  0.1674802982795209E-02   4   2 0  1 1  0 0  0
    38  0.5107555169862140E-03   4   1 1  1 1  0 0  0
    39  0.1846886759552397E-03   4   0 2  1 1  0 0  0
    40  -.2109456049671676E-01   4   1 0  2 1  0 0  0
    41  0.5528794237270754E-03   4   0 1  2 1  0 0  0
    42  0.1674802982795209E-02   4   0 0  3 1  0 0  0
    43  -.2644203630666720E-03   4   2 0  0 2  0 0  0
    44  0.1846886759552397E-03   4   1 1  0 2  0 0  0
    45  -.1938770788394945E-01   4   0 2  0 2  0 0  0
    46  -.5528794237270598E-03   4   1 0  1 2  0 0  0
    47  0.2173079227911141E-02   4   0 1  1 2  0 0  0
    48  -.9042604573560859E-05   4   0 0  2 2  0 0  0
    49  -.2173079227911141E-02   4   1 0  0 3  0 0  0
    50  0.1846886759552396E-03   4   0 0  1 3  0 0  0
    51  -.9693853941974723E-02   4   0 0  0 4  0 0  0
    52  -.1043354201833858E-03   4   2 0  0 0  0 2  0
    53  0.3108017916360922E-03   4   1 1  0 0  0 2  0
    54  -.2391159404212175E-01   4   0 2  0 0  0 2  0
    55  0.2663401273319940E-02   4   0 1  1 0  0 2  0
    56  -.1043354201833858E-03   4   0 0  2 0  0 2  0
    57  -.2663401273319940E-02   4   1 0  0 1  0 2  0
    58  0.3108017916360922E-03   4   0 0  1 1  0 2  0
    59  -.2391159404212175E-01   4   0 0  0 2  0 2  0
    60  -.3542567864577317E-02   4   0 0  0 0  0 4  0
    61  0.2501898789299820E-02   5   4 0  0 0  0 1  0
    62  -.3670097116493444E-02   5   3 1  0 0  0 1  0
    63  0.2747214958618461E-04   5   2 2  0 0  0 1  0
    64  -.6562246565804534E-03   5   1 3  0 0  0 1  0
    65  0.2786835026451047E-01   5   0 4  0 0  0 1  0
    66  -.3178383965497703E-01   5   2 1  1 0  0 1  0
    67  -.1165889174091886E-02   5   1 2  1 0  0 1  0
    68  -.6232816084242527E-02   5   0 3  1 0  0 1  0
    69  0.5003797578599648E-02   5   2 0  2 0  0 1  0
    70  -.3670097116493460E-02   5   1 1  2 0  0 1  0
    71  0.7576026310873969E-03   5   0 2  2 0  0 1  0
    72  -.3178383965497703E-01   5   0 1  3 0  0 1  0
    73  0.2501898789299820E-02   5   0 0  4 0  0 1  0
    74  0.3178383965497703E-01   5   3 0  0 1  0 1  0
    75  0.1165889174091913E-02   5   2 1  0 1  0 1  0
    76  0.6232816084242527E-02   5   1 2  0 1  0 1  0
    77  -.3670097116493448E-02   5   2 0  1 1  0 1  0
    78  -.1460260963002406E-02   5   1 1  1 1  0 1  0
    79  -.6562246565804539E-03   5   0 2  1 1  0 1  0
    80  0.3178383965497707E-01   5   1 0  2 1  0 1  0
    81  -.1165889174091918E-02   5   0 1  2 1  0 1  0
    82  -.3670097116493443E-02   5   0 0  3 1  0 1  0
    83  0.7576026310873973E-03   5   2 0  0 2  0 1  0
    84  -.6562246565804542E-03   5   1 1  0 2  0 1  0
    85  0.5573670052902091E-01   5   0 2  0 2  0 1  0
    86  0.1165889174091886E-02   5   1 0  1 2  0 1  0
    87  -.6232816084242527E-02   5   0 1  1 2  0 1  0
    88  0.2747214958618411E-04   5   0 0  2 2  0 1  0
    89  0.6232816084242527E-02   5   1 0  0 3  0 1  0
    90  -.6562246565804534E-03   5   0 0  1 3  0 1  0
    91  0.2786835026451047E-01   5   0 0  0 4  0 1  0
    92  0.1192760802995523E-03   5   2 0  0 0  0 3  0
    93  -.4185509639948360E-03   5   1 1  0 0  0 3  0
    94  0.2738009193185607E-01   5   0 2  0 0  0 3  0
    95  -.3040332574090704E-02   5   0 1  1 0  0 3  0
    96  0.1192760802995523E-03   5   0 0  2 0  0 3  0
    97  0.3040332574090704E-02   5   1 0  0 1  0 3  0
    98  -.4185509639948360E-03   5   0 0  1 1  0 3  0
    99  0.2738009193185607E-01   5   0 0  0 2  0 3  0
   100  0.3319893953354093E-02   5   0 0  0 0  0 5  0
   --------------------------------------------------
     I  COEFFICIENT            ORDER EXPONENTS
     1  1.0000000000000000       1   0 0  0 0  0 1  0
     ------------------------------------------------
     ALL COMPONENTS ZERO 
     ------------------- 
     ALL COMPONENTS ZERO 
     ------------------- 
